869565217391304.25	42.00
869565217391304.25	42.00
867052023121387.37	42.00
867052023121387.37	68.00
867052023121387.37	-54.00
867052023121387.37	110.00
864553314121037.50	44.00
864553314121037.50	53.00
864553314121037.50	124.00
864553314121037.50	-21.00
864553314121037.50	26.00
862068965517241.25	80.00
862068965517241.25	94.00
862068965517241.25	101.00
862068965517241.25	92.00
862068965517241.25	98.00
859598853868194.75	57.00
859598853868194.75	110.00
859598853868194.75	73.00
859598853868194.75	196.00
857142857142857.00	55.00
857142857142857.00	23.00
857142857142857.00	25.00
857142857142857.00	89.00
857142857142857.00	80.00
854700854700854.62	68.00
854700854700854.62	80.00
854700854700854.62	99.00
854700854700854.62	-11.00
854700854700854.62	101.00
852272727272727.25	95.00
852272727272727.25	25.00
852272727272727.25	125.00
852272727272727.25	44.00
849858356940510.00	97.00
849858356940510.00	54.00
849858356940510.00	59.00
849858356940510.00	149.00
849858356940510.00	54.00
847457627118644.12	146.00
847457627118644.12	110.00
847457627118644.12	22.00
847457627118644.12	-9.00
847457627118644.12	33.00
845070422535211.25	16.00
845070422535211.25	58.00
845070422535211.25	84.00
845070422535211.25	124.00
842696629213483.12	27.00
842696629213483.12	138.00
842696629213483.12	35.00
842696629213483.12	59.00
842696629213483.12	18.00
840336134453781.50	101.00
840336134453781.50	17.00
840336134453781.50	129.00
840336134453781.50	94.00
840336134453781.50	58.00
837988826815642.50	90.00
837988826815642.50	67.00
837988826815642.50	57.00
837988826815642.50	72.00
835654596100278.50	112.00
835654596100278.50	93.00
835654596100278.50	84.00
835654596100278.50	97.00
835654596100278.50	48.00
833333333333333.25	130.00
833333333333333.25	129.00
833333333333333.25	41.00
833333333333333.25	155.00
833333333333333.25	90.00
831024930747922.37	83.00
831024930747922.37	77.00
831024930747922.37	74.00
831024930747922.37	4.00
828729281767955.62	156.00
828729281767955.62	69.00
828729281767955.62	23.00
828729281767955.62	20.00
828729281767955.62	93.00
826446280991735.50	114.00
826446280991735.50	74.00
826446280991735.50	98.00
826446280991735.50	88.00
826446280991735.50	75.00
824175824175824.12	88.00
824175824175824.12	52.00
824175824175824.12	103.00
824175824175824.12	105.00
824175824175824.12	28.00
821917808219178.00	121.00
821917808219178.00	55.00
821917808219178.00	35.00
821917808219178.00	46.00
819672131147540.87	70.00
819672131147540.87	5.00
819672131147540.87	78.00
819672131147540.87	-53.00
819672131147540.87	99.00
817438692098092.62	88.00
817438692098092.62	-20.00
817438692098092.62	103.00
817438692098092.62	33.00
817438692098092.62	74.00
815217391304347.87	33.00
815217391304347.87	38.00
815217391304347.87	125.00
815217391304347.87	65.00
813008130081300.75	105.00
813008130081300.75	37.00
813008130081300.75	-27.00
813008130081300.75	110.00
813008130081300.75	78.00
810810810810810.75	57.00
810810810810810.75	133.00
810810810810810.75	117.00
810810810810810.75	104.00
810810810810810.75	57.00
808625336927223.75	73.00
808625336927223.75	107.00
808625336927223.75	57.00
808625336927223.75	-1.00
806451612903225.62	31.00
806451612903225.62	107.00
806451612903225.62	88.00
806451612903225.62	17.00
806451612903225.62	18.00
804289544235925.00	53.00
804289544235925.00	113.00
804289544235925.00	129.00
804289544235925.00	20.00
804289544235925.00	98.00
802139037433155.00	94.00
802139037433155.00	106.00
802139037433155.00	31.00
802139037433155.00	27.00
802139037433155.00	72.00
800000000000000.00	36.00
800000000000000.00	30.00
800000000000000.00	43.00
800000000000000.00	55.00
797872340425531.75	107.00
797872340425531.75	109.00
797872340425531.75	86.00
797872340425531.75	75.00
797872340425531.75	53.00
795755968169761.25	85.00
795755968169761.25	101.00
795755968169761.25	105.00
795755968169761.25	34.00
795755968169761.25	133.00
793650793650793.62	117.00
793650793650793.62	75.00
793650793650793.62	141.00
793650793650793.62	9.00
791556728232189.87	88.00
791556728232189.87	-10.00
791556728232189.87	68.00
791556728232189.87	39.00
791556728232189.87	77.00
789473684210526.37	160.00
789473684210526.37	103.00
789473684210526.37	62.00
789473684210526.37	115.00
789473684210526.37	20.00
787401574803149.50	88.00
787401574803149.50	88.00
787401574803149.50	35.00
787401574803149.50	55.00
787401574803149.50	47.00
785340314136125.62	96.00
785340314136125.62	89.00
785340314136125.62	64.00
785340314136125.62	114.00
783289817232376.00	121.00
783289817232376.00	98.00
783289817232376.00	40.00
783289817232376.00	26.00
783289817232376.00	4.00
781250000000000.00	118.00
781250000000000.00	70.00
781250000000000.00	127.00
781250000000000.00	60.00
781250000000000.00	29.00
779220779220779.25	99.00
779220779220779.25	52.00
779220779220779.25	77.00
779220779220779.25	61.00
777202072538860.00	69.00
777202072538860.00	91.00
777202072538860.00	134.00
777202072538860.00	102.00
777202072538860.00	86.00
775193798449612.37	11.00
775193798449612.37	80.00
775193798449612.37	96.00
775193798449612.37	87.00
775193798449612.37	85.00
773195876288659.62	93.00
773195876288659.62	151.00
773195876288659.62	137.00
773195876288659.62	44.00
773195876288659.62	48.00
771208226221079.75	84.00
771208226221079.75	40.00
771208226221079.75	153.00
771208226221079.75	11.00
769230769230769.25	139.00
769230769230769.25	49.00
769230769230769.25	43.00
769230769230769.25	21.00
769230769230769.25	164.00
767263427109974.37	112.00
767263427109974.37	-9.00
767263427109974.37	141.00
767263427109974.37	54.00
767263427109974.37	90.00
765306122448979.62	94.00
765306122448979.62	40.00
765306122448979.62	76.00
765306122448979.62	-13.00
763358778625954.12	147.00
763358778625954.12	24.00
763358778625954.12	95.00
763358778625954.12	115.00
763358778625954.12	91.00
761421319796954.37	86.00
761421319796954.37	94.00
761421319796954.37	84.00
761421319796954.37	62.00
761421319796954.37	166.00
759493670886075.87	55.00
759493670886075.87	149.00
759493670886075.87	78.00
759493670886075.87	-4.00
759493670886075.87	90.00
757575757575757.62	73.00
757575757575757.62	49.00
757575757575757.62	65.00
757575757575757.62	70.00
755667506297229.25	95.00
755667506297229.25	82.00
755667506297229.25	94.00
755667506297229.25	103.00
755667506297229.25	22.00
753768844221105.37	137.00
753768844221105.37	127.00
753768844221105.37	105.00
753768844221105.37	203.00
753768844221105.37	101.00
751879699248120.37	79.00
751879699248120.37	28.00
751879699248120.37	121.00
751879699248120.37	63.00
751879699248120.37	73.00
750000000000000.00	47.00
750000000000000.00	64.00
750000000000000.00	50.00
750000000000000.00	78.00
748129675810473.75	31.00
748129675810473.75	98.00
748129675810473.75	85.00
748129675810473.75	129.00
748129675810473.75	135.00
746268656716417.87	47.00
746268656716417.87	131.00
746268656716417.87	42.00
746268656716417.87	2.00
746268656716417.87	114.00
744416873449131.37	81.00
744416873449131.37	53.00
744416873449131.37	86.00
744416873449131.37	86.00
744416873449131.37	98.00
742574257425742.62	49.00
742574257425742.62	11.00
742574257425742.62	133.00
742574257425742.62	22.00
740740740740740.75	106.00
740740740740740.75	90.00
740740740740740.75	134.00
740740740740740.75	66.00
740740740740740.75	35.00
738916256157635.50	33.00
738916256157635.50	95.00
738916256157635.50	32.00
738916256157635.50	60.00
738916256157635.50	88.00
737100737100737.00	20.00
737100737100737.00	-7.00
737100737100737.00	61.00
737100737100737.00	71.00
735294117647058.75	11.00
735294117647058.75	52.00
735294117647058.75	102.00
735294117647058.75	70.00
735294117647058.75	59.00
733496332518337.37	82.00
733496332518337.37	95.00
733496332518337.37	46.00
733496332518337.37	52.00
733496332518337.37	47.00
731707317073170.75	-35.00
731707317073170.75	133.00
731707317073170.75	78.00
731707317073170.75	47.00
731707317073170.75	2.00
729927007299270.00	67.00
729927007299270.00	58.00
729927007299270.00	127.00
729927007299270.00	114.00
728155339805825.12	104.00
728155339805825.12	76.00
728155339805825.12	44.00
728155339805825.12	68.00
728155339805825.12	91.00
726392251815980.62	25.00
726392251815980.62	16.00
726392251815980.62	100.00
726392251815980.62	110.00
726392251815980.62	105.00
724637681159420.25	25.00
724637681159420.25	74.00
724637681159420.25	97.00
724637681159420.25	30.00
724637681159420.25	91.00
722891566265060.25	19.00
722891566265060.25	95.00
722891566265060.25	90.00
722891566265060.25	152.00
721153846153846.00	70.00
721153846153846.00	34.00
721153846153846.00	100.00
721153846153846.00	96.00
721153846153846.00	129.00
719424460431654.62	47.00
719424460431654.62	124.00
719424460431654.62	45.00
719424460431654.62	86.00
719424460431654.62	62.00
717703349282296.62	129.00
717703349282296.62	69.00
717703349282296.62	111.00
717703349282296.62	57.00
717703349282296.62	77.00
715990453460620.50	80.00
715990453460620.50	25.00
715990453460620.50	74.00
715990453460620.50	117.00
715990453460620.50	119.00
714285714285714.37	139.00
714285714285714.37	68.00
714285714285714.37	107.00
714285714285714.37	92.00
712589073634204.12	20.00
712589073634204.12	33.00
712589073634204.12	57.00
712589073634204.12	57.00
712589073634204.12	126.00
710900473933649.25	71.00
710900473933649.25	57.00
710900473933649.25	-31.00
710900473933649.25	61.00
710900473933649.25	70.00
709219858156028.25	128.00
709219858156028.25	47.00
709219858156028.25	31.00
709219858156028.25	109.00
709219858156028.25	76.00
707547169811320.62	133.00
707547169811320.62	24.00
707547169811320.62	59.00
707547169811320.62	55.00
705882352941176.50	157.00
705882352941176.50	125.00
705882352941176.50	67.00
705882352941176.50	13.00
705882352941176.50	119.00
704225352112676.12	13.00
704225352112676.12	72.00
704225352112676.12	45.00
704225352112676.12	30.00
704225352112676.12	123.00
702576112412177.87	104.00
702576112412177.87	102.00
702576112412177.87	114.00
702576112412177.87	111.00
702576112412177.87	41.00
700934579439252.25	114.00
700934579439252.25	129.00
700934579439252.25	43.00
700934579439252.25	97.00
699300699300699.25	73.00
699300699300699.25	39.00
699300699300699.25	2.00
699300699300699.25	147.00
699300699300699.25	59.00
697674418604651.12	75.00
697674418604651.12	60.00
697674418604651.12	-27.00
697674418604651.12	40.00
697674418604651.12	106.00
696055684454756.37	48.00
696055684454756.37	100.00
696055684454756.37	41.00
696055684454756.37	121.00
696055684454756.37	47.00
694444444444444.50	67.00
694444444444444.50	36.00
694444444444444.50	92.00
694444444444444.50	43.00
692840646651270.25	60.00
692840646651270.25	54.00
692840646651270.25	159.00
692840646651270.25	137.00
692840646651270.25	-19.00
691244239631336.25	41.00
691244239631336.25	99.00
691244239631336.25	76.00
691244239631336.25	93.00
691244239631336.25	52.00
689655172413793.00	107.00
689655172413793.00	128.00
689655172413793.00	110.00
689655172413793.00	122.00
689655172413793.00	61.00
688073394495412.75	71.00
688073394495412.75	96.00
688073394495412.75	183.00
688073394495412.75	7.00
688073394495412.75	83.00
686498855835240.25	104.00
686498855835240.25	10.00
686498855835240.25	104.00
686498855835240.25	74.00
684931506849315.12	76.00
684931506849315.12	69.00
684931506849315.12	67.00
684931506849315.12	122.00
684931506849315.12	109.00
683371298405466.87	55.00
683371298405466.87	85.00
683371298405466.87	117.00
683371298405466.87	28.00
683371298405466.87	49.00
681818181818181.75	64.00
681818181818181.75	7.00
681818181818181.75	68.00
681818181818181.75	80.00
681818181818181.75	153.00
680272108843537.25	54.00
680272108843537.25	94.00
680272108843537.25	102.00
680272108843537.25	97.00
680272108843537.25	30.00
678733031674208.12	67.00
678733031674208.12	59.00
678733031674208.12	111.00
678733031674208.12	84.00
677200902934537.12	153.00
677200902934537.12	129.00
677200902934537.12	137.00
677200902934537.12	92.00
677200902934537.12	59.00
675675675675675.75	34.00
675675675675675.75	121.00
675675675675675.75	16.00
675675675675675.75	116.00
675675675675675.75	177.00
674157303370786.37	57.00
674157303370786.37	65.00
674157303370786.37	141.00
674157303370786.37	3.00
674157303370786.37	112.00
672645739910313.87	138.00
672645739910313.87	146.00
672645739910313.87	51.00
672645739910313.87	54.00
671140939597315.37	131.00
671140939597315.37	89.00
671140939597315.37	82.00
671140939597315.37	24.00
671140939597315.37	122.00
669642857142857.00	8.00
669642857142857.00	17.00
669642857142857.00	138.00
669642857142857.00	168.00
669642857142857.00	53.00
668151447661470.00	92.00
668151447661470.00	76.00
668151447661470.00	76.00
668151447661470.00	89.00
668151447661470.00	80.00
666666666666666.62	117.00
666666666666666.62	1.00
666666666666666.62	64.00
666666666666666.62	87.00
666666666666666.62	165.00
665188470066518.87	129.00
665188470066518.87	75.00
665188470066518.87	24.00
665188470066518.87	57.00
663716814159292.00	119.00
663716814159292.00	60.00
663716814159292.00	112.00
663716814159292.00	69.00
663716814159292.00	98.00
662251655629139.12	93.00
662251655629139.12	98.00
662251655629139.12	81.00
662251655629139.12	70.00
662251655629139.12	24.00
660792951541850.25	-41.00
660792951541850.25	100.00
660792951541850.25	118.00
660792951541850.25	20.00
660792951541850.25	48.00
659340659340659.25	39.00
659340659340659.25	58.00
659340659340659.25	79.00
659340659340659.25	154.00
659340659340659.25	75.00
657894736842105.25	85.00
657894736842105.25	96.00
657894736842105.25	76.00
657894736842105.25	53.00
657894736842105.25	148.00
656455142231947.50	95.00
656455142231947.50	-4.00
656455142231947.50	148.00
656455142231947.50	119.00
655021834061135.37	18.00
655021834061135.37	110.00
655021834061135.37	109.00
655021834061135.37	32.00
655021834061135.37	98.00
653594771241830.12	129.00
653594771241830.12	43.00
653594771241830.12	87.00
653594771241830.12	148.00
653594771241830.12	59.00
652173913043478.25	143.00
652173913043478.25	10.00
652173913043478.25	77.00
652173913043478.25	31.00
652173913043478.25	62.00
650759219088937.12	99.00
650759219088937.12	47.00
650759219088937.12	47.00
650759219088937.12	117.00
650759219088937.12	53.00
649350649350649.25	122.00
649350649350649.25	10.00
649350649350649.25	97.00
649350649350649.25	137.00
647948164146868.25	136.00
647948164146868.25	17.00
647948164146868.25	98.00
647948164146868.25	27.00
647948164146868.25	55.00
646551724137931.00	90.00
646551724137931.00	58.00
646551724137931.00	34.00
646551724137931.00	136.00
646551724137931.00	94.00
645161290322580.62	10.00
645161290322580.62	91.00
645161290322580.62	56.00
645161290322580.62	73.00
645161290322580.62	94.00
643776824034334.75	60.00
643776824034334.75	16.00
643776824034334.75	28.00
643776824034334.75	86.00
643776824034334.75	143.00
642398286937901.50	59.00
642398286937901.50	108.00
642398286937901.50	103.00
642398286937901.50	-3.00
641025641025641.00	64.00
641025641025641.00	27.00
641025641025641.00	22.00
641025641025641.00	39.00
641025641025641.00	34.00
639658848614072.50	31.00
639658848614072.50	89.00
639658848614072.50	125.00
639658848614072.50	49.00
639658848614072.50	84.00
638297872340425.50	59.00
638297872340425.50	84.00
638297872340425.50	58.00
638297872340425.50	76.00
638297872340425.50	133.00
636942675159235.62	85.00
636942675159235.62	102.00
636942675159235.62	70.00
636942675159235.62	96.00
636942675159235.62	177.00
635593220338983.00	66.00
635593220338983.00	29.00
635593220338983.00	88.00
635593220338983.00	23.00
635593220338983.00	67.00
634249471458773.87	93.00
634249471458773.87	19.00
634249471458773.87	72.00
634249471458773.87	67.00
632911392405063.25	62.00
632911392405063.25	-11.00
632911392405063.25	64.00
632911392405063.25	106.00
632911392405063.25	32.00
631578947368421.00	79.00
631578947368421.00	89.00
631578947368421.00	133.00
631578947368421.00	133.00
631578947368421.00	138.00
630252100840336.12	57.00
630252100840336.12	76.00
630252100840336.12	82.00
630252100840336.12	10.00
630252100840336.12	29.00
628930817610062.87	111.00
628930817610062.87	81.00
628930817610062.87	75.00
628930817610062.87	70.00
628930817610062.87	122.00
627615062761506.25	35.00
627615062761506.25	64.00
627615062761506.25	116.00
627615062761506.25	119.00
627615062761506.25	87.00
626304801670146.12	85.00
626304801670146.12	115.00
626304801670146.12	58.00
626304801670146.12	120.00
624999999999999.87	80.00
624999999999999.87	95.00
624999999999999.87	112.00
624999999999999.87	78.00
624999999999999.87	54.00
623700623700623.62	80.00
623700623700623.62	100.00
623700623700623.62	6.00
623700623700623.62	119.00
623700623700623.62	95.00
622406639004149.37	70.00
622406639004149.37	7.00
622406639004149.37	95.00
622406639004149.37	107.00
622406639004149.37	56.00
621118012422360.12	181.00
621118012422360.12	120.00
621118012422360.12	109.00
621118012422360.12	101.00
621118012422360.12	45.00
619834710743801.62	83.00
619834710743801.62	82.00
619834710743801.62	85.00
619834710743801.62	79.00
619834710743801.62	98.00
618556701030927.75	104.00
618556701030927.75	129.00
618556701030927.75	44.00
618556701030927.75	118.00
618556701030927.75	108.00
617283950617284.00	121.00
617283950617284.00	42.00
617283950617284.00	98.00
617283950617284.00	61.00
616016427104722.62	51.00
616016427104722.62	42.00
616016427104722.62	61.00
616016427104722.62	53.00
616016427104722.62	45.00
614754098360655.75	99.00
614754098360655.75	127.00
614754098360655.75	110.00
614754098360655.75	162.00
614754098360655.75	29.00
613496932515337.50	59.00
613496932515337.50	34.00
613496932515337.50	58.00
613496932515337.50	70.00
613496932515337.50	66.00
612244897959183.50	6.00
612244897959183.50	120.00
612244897959183.50	46.00
612244897959183.50	80.00
612244897959183.50	91.00
610997963340122.12	41.00
610997963340122.12	72.00
610997963340122.12	75.00
610997963340122.12	98.00
610997963340122.12	116.00
609756097560975.62	84.00
609756097560975.62	108.00
609756097560975.62	50.00
609756097560975.62	65.00
609756097560975.62	49.00
608519269776876.37	106.00
608519269776876.37	93.00
608519269776876.37	68.00
608519269776876.37	66.00
607287449392712.50	88.00
607287449392712.50	37.00
607287449392712.50	134.00
607287449392712.50	105.00
607287449392712.50	99.00
606060606060606.00	88.00
606060606060606.00	51.00
606060606060606.00	120.00
606060606060606.00	128.00
606060606060606.00	141.00
604838709677419.37	111.00
604838709677419.37	98.00
604838709677419.37	44.00
604838709677419.37	107.00
604838709677419.37	154.00
603621730382293.62	60.00
603621730382293.62	107.00
603621730382293.62	32.00
603621730382293.62	75.00
603621730382293.62	53.00
602409638554216.87	124.00
602409638554216.87	91.00
602409638554216.87	128.00
602409638554216.87	59.00
602409638554216.87	111.00
601202404809619.25	61.00
601202404809619.25	10.00
601202404809619.25	69.00
601202404809619.25	81.00
601202404809619.25	92.00
599999999999999.87	58.00
599999999999999.87	84.00
599999999999999.87	112.00
599999999999999.87	97.00
598802395209580.75	110.00
598802395209580.75	73.00
598802395209580.75	71.00
598802395209580.75	122.00
598802395209580.75	137.00
597609561752988.00	138.00
597609561752988.00	93.00
597609561752988.00	99.00
597609561752988.00	100.00
597609561752988.00	76.00
596421471172962.25	93.00
596421471172962.25	117.00
596421471172962.25	93.00
596421471172962.25	115.00
596421471172962.25	82.00
595238095238095.12	45.00
595238095238095.12	95.00
595238095238095.12	-18.00
595238095238095.12	62.00
595238095238095.12	139.00
594059405940594.00	62.00
594059405940594.00	100.00
594059405940594.00	47.00
594059405940594.00	173.00
594059405940594.00	44.00
592885375494071.12	68.00
592885375494071.12	82.00
592885375494071.12	40.00
592885375494071.12	81.00
592885375494071.12	93.00
591715976331360.87	20.00
591715976331360.87	96.00
591715976331360.87	49.00
591715976331360.87	111.00
591715976331360.87	71.00
590551181102362.12	16.00
590551181102362.12	98.00
590551181102362.12	22.00
590551181102362.12	159.00
589390962671905.62	13.00
589390962671905.62	74.00
589390962671905.62	85.00
589390962671905.62	76.00
589390962671905.62	93.00
588235294117647.12	62.00
588235294117647.12	62.00
588235294117647.12	91.00
588235294117647.12	63.00
588235294117647.12	49.00
587084148727984.25	77.00
587084148727984.25	86.00
587084148727984.25	107.00
587084148727984.25	89.00
587084148727984.25	-1.00
585937499999999.87	61.00
585937499999999.87	159.00
585937499999999.87	26.00
585937499999999.87	74.00
585937499999999.87	62.00
584795321637426.87	71.00
584795321637426.87	105.00
584795321637426.87	107.00
584795321637426.87	122.00
584795321637426.87	95.00
583657587548638.00	50.00
583657587548638.00	20.00
583657587548638.00	97.00
583657587548638.00	127.00
583657587548638.00	153.00
582524271844660.12	68.00
582524271844660.12	88.00
582524271844660.12	76.00
582524271844660.12	53.00
582524271844660.12	78.00
581395348837209.25	71.00
581395348837209.25	88.00
581395348837209.25	157.00
581395348837209.25	93.00
581395348837209.25	114.00
580270793036750.50	62.00
580270793036750.50	114.00
580270793036750.50	51.00
580270793036750.50	89.00
579150579150579.00	140.00
579150579150579.00	58.00
579150579150579.00	154.00
579150579150579.00	83.00
579150579150579.00	48.00
578034682080924.75	102.00
578034682080924.75	72.00
578034682080924.75	11.00
578034682080924.75	59.00
578034682080924.75	45.00
576923076923076.87	52.00
576923076923076.87	136.00
576923076923076.87	51.00
576923076923076.87	96.00
576923076923076.87	90.00
575815738963531.62	148.00
575815738963531.62	81.00
575815738963531.62	37.00
575815738963531.62	74.00
575815738963531.62	160.00
574712643678160.87	107.00
574712643678160.87	84.00
574712643678160.87	64.00
574712643678160.87	78.00
574712643678160.87	56.00
573613766730401.50	157.00
573613766730401.50	78.00
573613766730401.50	42.00
573613766730401.50	33.00
573613766730401.50	118.00
572519083969465.62	89.00
572519083969465.62	52.00
572519083969465.62	94.00
572519083969465.62	53.00
572519083969465.62	111.00
571428571428571.37	115.00
571428571428571.37	73.00
571428571428571.37	71.00
571428571428571.37	153.00
571428571428571.37	108.00
570342205323193.87	142.00
570342205323193.87	113.00
570342205323193.87	43.00
570342205323193.87	57.00
570342205323193.87	57.00
569259962049335.87	39.00
569259962049335.87	113.00
569259962049335.87	81.00
569259962049335.87	96.00
568181818181818.12	113.00
568181818181818.12	118.00
568181818181818.12	76.00
568181818181818.12	71.00
568181818181818.12	115.00
567107750472589.75	46.00
567107750472589.75	75.00
567107750472589.75	153.00
567107750472589.75	78.00
567107750472589.75	104.00
566037735849056.62	107.00
566037735849056.62	88.00
566037735849056.62	56.00
566037735849056.62	-16.00
566037735849056.62	100.00
564971751412429.25	11.00
564971751412429.25	102.00
564971751412429.25	139.00
564971751412429.25	13.00
564971751412429.25	124.00
563909774436090.12	76.00
563909774436090.12	146.00
563909774436090.12	93.00
563909774436090.12	114.00
563909774436090.12	101.00
562851782363977.44	103.00
562851782363977.44	106.00
562851782363977.44	96.00
562851782363977.44	153.00
562851782363977.44	120.00
561797752808988.75	138.00
561797752808988.75	137.00
561797752808988.75	102.00
561797752808988.75	145.00
561797752808988.75	64.00
560747663551401.75	27.00
560747663551401.75	69.00
560747663551401.75	74.00
560747663551401.75	96.00
560747663551401.75	130.00
559701492537313.44	123.00
559701492537313.44	84.00
559701492537313.44	-21.00
559701492537313.44	5.00
559701492537313.44	95.00
558659217877094.94	21.00
558659217877094.94	100.00
558659217877094.94	16.00
558659217877094.94	135.00
558659217877094.94	89.00
557620817843866.12	148.00
557620817843866.12	173.00
557620817843866.12	29.00
557620817843866.12	112.00
557620817843866.12	38.00
556586270871985.12	110.00
556586270871985.12	139.00
556586270871985.12	57.00
556586270871985.12	151.00
556586270871985.12	73.00
555555555555555.50	-3.00
555555555555555.50	70.00
555555555555555.50	168.00
555555555555555.50	92.00
554528650646950.12	78.00
554528650646950.12	74.00
554528650646950.12	121.00
554528650646950.12	76.00
554528650646950.12	130.00
553505535055350.50	64.00
553505535055350.50	99.00
553505535055350.50	44.00
553505535055350.50	66.00
553505535055350.50	27.00
552486187845303.81	116.00
552486187845303.81	26.00
552486187845303.81	34.00
552486187845303.81	94.00
552486187845303.81	54.00
551470588235294.12	45.00
551470588235294.12	86.00
551470588235294.12	42.00
551470588235294.12	-10.00
551470588235294.12	133.00
550458715596330.19	69.00
550458715596330.19	43.00
550458715596330.19	83.00
550458715596330.19	96.00
550458715596330.19	102.00
549450549450549.37	119.00
549450549450549.37	127.00
549450549450549.37	81.00
549450549450549.37	90.00
549450549450549.37	63.00
548446069469835.50	77.00
548446069469835.50	112.00
548446069469835.50	75.00
548446069469835.50	48.00
548446069469835.50	77.00
547445255474452.56	83.00
547445255474452.56	13.00
547445255474452.56	72.00
547445255474452.56	119.00
547445255474452.56	62.00
546448087431693.94	1.00
546448087431693.94	115.00
546448087431693.94	71.00
546448087431693.94	58.00
546448087431693.94	78.00
545454545454545.44	142.00
545454545454545.44	56.00
545454545454545.44	81.00
545454545454545.44	100.00
545454545454545.44	128.00
544464609800363.00	111.00
544464609800363.00	76.00
544464609800363.00	55.00
544464609800363.00	53.00
544464609800363.00	91.00
543478260869565.19	131.00
543478260869565.19	67.00
543478260869565.19	95.00
543478260869565.19	122.00
543478260869565.19	88.00
542495479204339.94	113.00
542495479204339.94	69.00
542495479204339.94	24.00
542495479204339.94	80.00
542495479204339.94	48.00
541516245487364.62	112.00
541516245487364.62	108.00
541516245487364.62	160.00
541516245487364.62	74.00
541516245487364.62	44.00
540540540540540.44	51.00
540540540540540.44	127.00
540540540540540.44	22.00
540540540540540.44	67.00
540540540540540.44	85.00
539568345323740.94	118.00
539568345323740.94	140.00
539568345323740.94	109.00
539568345323740.94	28.00
539568345323740.94	111.00
538599640933572.69	163.00
538599640933572.69	106.00
538599640933572.69	73.00
538599640933572.69	67.00
537634408602150.56	146.00
537634408602150.56	85.00
537634408602150.56	83.00
537634408602150.56	40.00
537634408602150.56	139.00
536672629695885.44	7.00
536672629695885.44	117.00
536672629695885.44	60.00
536672629695885.44	62.00
536672629695885.44	57.00
535714285714285.69	104.00
535714285714285.69	55.00
535714285714285.69	151.00
535714285714285.69	96.00
535714285714285.69	121.00
534759358288770.06	66.00
534759358288770.06	110.00
534759358288770.06	196.00
534759358288770.06	127.00
534759358288770.06	47.00
533807829181494.56	76.00
533807829181494.56	50.00
533807829181494.56	191.00
533807829181494.56	124.00
533807829181494.56	152.00
532859680284191.81	121.00
532859680284191.81	45.00
532859680284191.81	176.00
532859680284191.81	96.00
532859680284191.81	99.00
531914893617021.25	179.00
531914893617021.25	118.00
531914893617021.25	85.00
531914893617021.25	98.00
531914893617021.25	78.00
530973451327433.62	80.00
530973451327433.62	81.00
530973451327433.62	96.00
530973451327433.62	84.00
530973451327433.62	86.00
530035335689045.87	77.00
530035335689045.87	135.00
530035335689045.87	101.00
530035335689045.87	67.00
530035335689045.87	133.00
529100529100529.06	57.00
529100529100529.06	117.00
529100529100529.06	101.00
529100529100529.06	110.00
529100529100529.06	94.00
528169014084507.00	74.00
528169014084507.00	96.00
528169014084507.00	135.00
528169014084507.00	107.00
528169014084507.00	116.00
527240773286467.44	111.00
527240773286467.44	147.00
527240773286467.44	179.00
527240773286467.44	178.00
527240773286467.44	117.00
526315789473684.12	66.00
526315789473684.12	103.00
526315789473684.12	117.00
526315789473684.12	91.00
526315789473684.12	110.00
525394045534150.62	126.00
525394045534150.62	133.00
525394045534150.62	94.00
525394045534150.62	139.00
525394045534150.62	73.00
524475524475524.50	56.00
524475524475524.50	111.00
524475524475524.50	130.00
524475524475524.50	188.00
524475524475524.50	151.00
523560209424083.69	70.00
523560209424083.69	105.00
523560209424083.69	103.00
523560209424083.69	71.00
523560209424083.69	80.00
522648083623693.37	135.00
522648083623693.37	113.00
522648083623693.37	116.00
522648083623693.37	126.00
522648083623693.37	140.00
521739130434782.56	48.00
521739130434782.56	114.00
521739130434782.56	129.00
521739130434782.56	156.00
521739130434782.56	57.00
520833333333333.25	73.00
520833333333333.25	117.00
520833333333333.25	102.00
520833333333333.25	142.00
520833333333333.25	87.00
519930675909878.62	161.00
519930675909878.62	87.00
519930675909878.62	27.00
519930675909878.62	140.00
519930675909878.62	132.00
519031141868512.12	152.00
519031141868512.12	76.00
519031141868512.12	147.00
519031141868512.12	137.00
519031141868512.12	168.00
518134715025906.75	123.00
518134715025906.75	187.00
518134715025906.75	161.00
518134715025906.75	109.00
518134715025906.75	136.00
517241379310344.75	112.00
517241379310344.75	167.00
517241379310344.75	195.00
517241379310344.75	25.00
517241379310344.75	95.00
516351118760757.31	52.00
516351118760757.31	209.00
516351118760757.31	63.00
516351118760757.31	144.00
516351118760757.31	146.00
515463917525773.19	119.00
515463917525773.19	77.00
515463917525773.19	80.00
515463917525773.19	76.00
515463917525773.19	58.00
514579759862778.69	121.00
514579759862778.69	189.00
514579759862778.69	129.00
514579759862778.69	129.00
514579759862778.69	150.00
513698630136986.25	114.00
513698630136986.25	152.00
513698630136986.25	101.00
513698630136986.25	123.00
513698630136986.25	190.00
512820512820512.75	129.00
512820512820512.75	130.00
512820512820512.75	108.00
512820512820512.75	166.00
512820512820512.75	122.00
511945392491467.50	159.00
511945392491467.50	130.00
511945392491467.50	110.00
511945392491467.50	170.00
511945392491467.50	76.00
511073253833049.37	167.00
511073253833049.37	128.00
511073253833049.37	110.00
511073253833049.37	148.00
511073253833049.37	137.00
510204081632653.06	76.00
510204081632653.06	139.00
510204081632653.06	108.00
510204081632653.06	141.00
510204081632653.06	196.00
509337860780984.75	108.00
509337860780984.75	106.00
509337860780984.75	116.00
509337860780984.75	207.00
509337860780984.75	177.00
508474576271186.37	151.00
508474576271186.37	125.00
508474576271186.37	140.00
508474576271186.37	114.00
508474576271186.37	216.00
507614213197969.50	207.00
507614213197969.50	134.00
507614213197969.50	108.00
507614213197969.50	125.00
507614213197969.50	101.00
506756756756756.75	184.00
506756756756756.75	193.00
506756756756756.75	120.00
506756756756756.75	222.00
506756756756756.75	101.00
505902192242833.00	81.00
505902192242833.00	201.00
505902192242833.00	238.00
505902192242833.00	144.00
505902192242833.00	120.00
505050505050505.00	207.00
505050505050505.00	172.00
505050505050505.00	99.00
505050505050505.00	136.00
505050505050505.00	120.00
504201680672268.94	141.00
504201680672268.94	151.00
504201680672268.94	137.00
504201680672268.94	118.00
504201680672268.94	154.00
503355704697986.56	92.00
503355704697986.56	190.00
503355704697986.56	129.00
503355704697986.56	203.00
503355704697986.56	136.00
502512562814070.31	187.00
502512562814070.31	145.00
502512562814070.31	140.00
502512562814070.31	141.00
502512562814070.31	172.00
501672240802675.56	81.00
501672240802675.56	138.00
501672240802675.56	232.00
501672240802675.56	91.00
501672240802675.56	142.00
500834724540901.50	94.00
500834724540901.50	177.00
500834724540901.50	93.00
500834724540901.50	210.00
500834724540901.50	115.00
499999999999999.94	159.00
499999999999999.94	117.00
499999999999999.94	112.00
499999999999999.94	170.00
499999999999999.94	205.00
499168053244592.31	64.00
499168053244592.31	191.00
499168053244592.31	239.00
499168053244592.31	203.00
499168053244592.31	153.00
498338870431893.69	150.00
498338870431893.69	189.00
498338870431893.69	218.00
498338870431893.69	113.00
498338870431893.69	166.00
497512437810945.31	148.00
497512437810945.31	182.00
497512437810945.31	139.00
497512437810945.31	220.00
497512437810945.31	162.00
496688741721854.25	173.00
496688741721854.25	178.00
496688741721854.25	214.00
496688741721854.25	158.00
496688741721854.25	198.00
495867768595041.31	220.00
495867768595041.31	171.00
495867768595041.31	205.00
495867768595041.31	101.00
495867768595041.31	292.00
495049504950495.06	134.00
495049504950495.06	169.00
495049504950495.06	200.00
495049504950495.06	159.00
495049504950495.06	176.00
494233937397034.50	200.00
494233937397034.50	148.00
494233937397034.50	163.00
494233937397034.50	96.00
494233937397034.50	259.00
493421052631578.94	121.00
493421052631578.94	176.00
493421052631578.94	172.00
493421052631578.94	121.00
493421052631578.94	225.00
493421052631578.94	160.00
492610837438423.62	162.00
492610837438423.62	165.00
492610837438423.62	236.00
492610837438423.62	186.00
492610837438423.62	233.00
491803278688524.50	219.00
491803278688524.50	182.00
491803278688524.50	180.00
491803278688524.50	149.00
491803278688524.50	126.00
490998363338788.81	210.00
490998363338788.81	211.00
490998363338788.81	178.00
490998363338788.81	158.00
490998363338788.81	211.00
490196078431372.50	170.00
490196078431372.50	174.00
490196078431372.50	291.00
490196078431372.50	180.00
490196078431372.50	200.00
489396411092985.31	202.00
489396411092985.31	230.00
489396411092985.31	213.00
489396411092985.31	209.00
489396411092985.31	241.00
488599348534201.87	138.00
488599348534201.87	178.00
488599348534201.87	271.00
488599348534201.87	217.00
488599348534201.87	279.00
487804878048780.44	267.00
487804878048780.44	187.00
487804878048780.44	152.00
487804878048780.44	206.00
487804878048780.44	272.00
487012987012987.00	234.00
487012987012987.00	265.00
487012987012987.00	208.00
487012987012987.00	249.00
487012987012987.00	175.00
486223662884927.00	200.00
486223662884927.00	236.00
486223662884927.00	175.00
486223662884927.00	230.00
486223662884927.00	210.00
485436893203883.50	222.00
485436893203883.50	276.00
485436893203883.50	194.00
485436893203883.50	206.00
485436893203883.50	232.00
484652665589660.75	239.00
484652665589660.75	256.00
484652665589660.75	245.00
484652665589660.75	190.00
484652665589660.75	262.00
483870967741935.50	206.00
483870967741935.50	230.00
483870967741935.50	249.00
483870967741935.50	218.00
483870967741935.50	204.00
483091787439613.44	201.00
483091787439613.44	180.00
483091787439613.44	268.00
483091787439613.44	239.00
483091787439613.44	222.00
482315112540192.94	240.00
482315112540192.94	149.00
482315112540192.94	302.00
482315112540192.94	294.00
482315112540192.94	264.00
481540930979133.19	214.00
481540930979133.19	261.00
481540930979133.19	174.00
481540930979133.19	270.00
481540930979133.19	292.00
480769230769230.69	279.00
480769230769230.69	285.00
480769230769230.69	294.00
480769230769230.69	180.00
480769230769230.69	207.00
479999999999999.94	243.00
479999999999999.94	267.00
479999999999999.94	159.00
479999999999999.94	276.00
479999999999999.94	318.00
479999999999999.94	202.00
479233226837060.69	194.00
479233226837060.69	259.00
479233226837060.69	221.00
479233226837060.69	261.00
479233226837060.69	297.00
478468899521531.12	250.00
478468899521531.12	255.00
478468899521531.12	255.00
478468899521531.12	235.00
478468899521531.12	260.00
477707006369426.69	235.00
477707006369426.69	341.00
477707006369426.69	311.00
477707006369426.69	234.00
477707006369426.69	279.00
476947535771065.19	340.00
476947535771065.19	255.00
476947535771065.19	310.00
476947535771065.19	257.00
476947535771065.19	289.00
476190476190476.19	229.00
476190476190476.19	237.00
476190476190476.19	273.00
476190476190476.19	209.00
476190476190476.19	294.00
475435816164817.69	313.00
475435816164817.69	237.00
475435816164817.69	296.00
475435816164817.69	253.00
475435816164817.69	249.00
474683544303797.44	254.00
474683544303797.44	340.00
474683544303797.44	282.00
474683544303797.44	300.00
474683544303797.44	261.00
473933649289099.56	302.00
473933649289099.56	306.00
473933649289099.56	380.00
473933649289099.56	309.00
473933649289099.56	325.00
473186119873816.94	335.00
473186119873816.94	367.00
473186119873816.94	264.00
473186119873816.94	321.00
473186119873816.94	284.00
472440944881889.75	354.00
472440944881889.75	204.00
472440944881889.75	307.00
472440944881889.75	328.00
472440944881889.75	331.00
471698113207547.12	309.00
471698113207547.12	295.00
471698113207547.12	236.00
471698113207547.12	352.00
471698113207547.12	275.00
470957613814756.69	312.00
470957613814756.69	323.00
470957613814756.69	230.00
470957613814756.69	324.00
470957613814756.69	253.00
470957613814756.69	323.00
470219435736677.00	301.00
470219435736677.00	339.00
470219435736677.00	351.00
470219435736677.00	310.00
470219435736677.00	423.00
469483568075117.31	259.00
469483568075117.31	440.00
469483568075117.31	390.00
469483568075117.31	367.00
469483568075117.31	381.00
468750000000000.00	305.00
468750000000000.00	319.00
468750000000000.00	416.00
468750000000000.00	362.00
468750000000000.00	348.00
468018720748829.94	295.00
468018720748829.94	334.00
468018720748829.94	314.00
468018720748829.94	415.00
468018720748829.94	359.00
467289719626168.19	382.00
467289719626168.19	347.00
467289719626168.19	353.00
467289719626168.19	366.00
467289719626168.19	409.00
466562986003110.37	340.00
466562986003110.37	394.00
466562986003110.37	296.00
466562986003110.37	384.00
466562986003110.37	316.00
465838509316770.25	362.00
465838509316770.25	401.00
465838509316770.25	378.00
465838509316770.25	371.00
465838509316770.25	346.00
465116279069767.37	336.00
465116279069767.37	381.00
465116279069767.37	379.00
465116279069767.37	386.00
465116279069767.37	366.00
464396284829721.37	371.00
464396284829721.37	418.00
464396284829721.37	462.00
464396284829721.37	333.00
464396284829721.37	370.00
464396284829721.37	347.00
463678516228748.06	397.00
463678516228748.06	378.00
463678516228748.06	413.00
463678516228748.06	418.00
463678516228748.06	439.00
462962962962962.87	406.00
462962962962962.87	435.00
462962962962962.87	421.00
462962962962962.87	426.00
462962962962962.87	458.00
462249614791987.62	429.00
462249614791987.62	455.00
462249614791987.62	370.00
462249614791987.62	410.00
462249614791987.62	400.00
461538461538461.56	486.00
461538461538461.56	414.00
461538461538461.56	426.00
461538461538461.56	375.00
461538461538461.56	433.00
460829493087557.56	391.00
460829493087557.56	464.00
460829493087557.56	427.00
460829493087557.56	430.00
460829493087557.56	375.00
460122699386503.00	520.00
460122699386503.00	391.00
460122699386503.00	417.00
460122699386503.00	437.00
460122699386503.00	391.00
459418070444104.12	471.00
459418070444104.12	462.00
459418070444104.12	535.00
459418070444104.12	476.00
459418070444104.12	492.00
458715596330275.25	419.00
458715596330275.25	444.00
458715596330275.25	432.00
458715596330275.25	399.00
458715596330275.25	461.00
458715596330275.25	485.00
458015267175572.44	455.00
458015267175572.44	470.00
458015267175572.44	508.00
458015267175572.44	423.00
458015267175572.44	494.00
457317073170731.69	458.00
457317073170731.69	483.00
457317073170731.69	476.00
457317073170731.69	455.00
457317073170731.69	452.00
456621004566210.00	516.00
456621004566210.00	454.00
456621004566210.00	434.00
456621004566210.00	472.00
456621004566210.00	424.00
455927051671732.50	522.00
455927051671732.50	501.00
455927051671732.50	463.00
455927051671732.50	478.00
455927051671732.50	477.00
455235204855842.19	468.00
455235204855842.19	567.00
455235204855842.19	511.00
455235204855842.19	510.00
455235204855842.19	519.00
454545454545454.56	578.00
454545454545454.56	581.00
454545454545454.56	379.00
454545454545454.56	442.00
454545454545454.56	546.00
453857791225416.00	451.00
453857791225416.00	583.00
453857791225416.00	432.00
453857791225416.00	447.00
453857791225416.00	500.00
453172205438066.37	462.00
453172205438066.37	492.00
453172205438066.37	528.00
453172205438066.37	478.00
453172205438066.37	483.00
453172205438066.37	586.00
452488687782805.44	516.00
452488687782805.44	511.00
452488687782805.44	493.00
452488687782805.44	496.00
452488687782805.44	480.00
451807228915662.62	546.00
451807228915662.62	475.00
451807228915662.62	497.00
451807228915662.62	528.00
451807228915662.62	467.00
451127819548872.12	531.00
451127819548872.12	454.00
451127819548872.12	452.00
451127819548872.12	511.00
451127819548872.12	495.00
450450450450450.37	517.00
450450450450450.37	551.00
450450450450450.37	514.00
450450450450450.37	479.00
450450450450450.37	498.00
449775112443778.12	535.00
449775112443778.12	577.00
449775112443778.12	508.00
449775112443778.12	474.00
449775112443778.12	569.00
449101796407185.62	576.00
449101796407185.62	513.00
449101796407185.62	419.00
449101796407185.62	481.00
449101796407185.62	515.00
449101796407185.62	532.00
448430493273542.50	435.00
448430493273542.50	546.00
448430493273542.50	472.00
448430493273542.50	542.00
448430493273542.50	540.00
447761194029850.75	553.00
447761194029850.75	505.00
447761194029850.75	488.00
447761194029850.75	580.00
447761194029850.75	542.00
447093889716840.56	560.00
447093889716840.56	467.00
447093889716840.56	572.00
447093889716840.56	541.00
447093889716840.56	575.00
446428571428571.37	582.00
446428571428571.37	518.00
446428571428571.37	443.00
446428571428571.37	545.00
446428571428571.37	589.00
445765230312035.62	457.00
445765230312035.62	531.00
445765230312035.62	545.00
445765230312035.62	483.00
445765230312035.62	507.00
445103857566765.56	518.00
445103857566765.56	577.00
445103857566765.56	545.00
445103857566765.56	492.00
445103857566765.56	594.00
445103857566765.56	578.00
444444444444444.50	445.00
444444444444444.50	569.00
444444444444444.50	458.00
444444444444444.50	501.00
444444444444444.50	517.00
443786982248520.69	426.00
443786982248520.69	505.00
443786982248520.69	568.00
443786982248520.69	485.00
443786982248520.69	489.00
443131462333825.69	589.00
443131462333825.69	463.00
443131462333825.69	551.00
443131462333825.69	542.00
443131462333825.69	516.00
442477876106194.69	472.00
442477876106194.69	487.00
442477876106194.69	523.00
442477876106194.69	526.00
442477876106194.69	478.00
441826215022091.31	531.00
441826215022091.31	545.00
441826215022091.31	459.00
441826215022091.31	572.00
441826215022091.31	607.00
441176470588235.25	544.00
441176470588235.25	576.00
441176470588235.25	628.00
441176470588235.25	557.00
441176470588235.25	515.00
441176470588235.25	543.00
440528634361233.50	451.00
440528634361233.50	538.00
440528634361233.50	505.00
440528634361233.50	517.00
440528634361233.50	521.00
439882697947214.12	515.00
439882697947214.12	498.00
439882697947214.12	581.00
439882697947214.12	565.00
439882697947214.12	469.00
439238653001464.06	519.00
439238653001464.06	589.00
439238653001464.06	554.00
439238653001464.06	571.00
439238653001464.06	546.00
438596491228070.19	562.00
438596491228070.19	575.00
438596491228070.19	542.00
438596491228070.19	514.00
438596491228070.19	503.00
437956204379562.00	559.00
437956204379562.00	584.00
437956204379562.00	573.00
437956204379562.00	552.00
437956204379562.00	610.00
437317784256559.69	575.00
437317784256559.69	551.00
437317784256559.69	548.00
437317784256559.69	552.00
437317784256559.69	595.00
437317784256559.69	549.00
436681222707423.50	509.00
436681222707423.50	565.00
436681222707423.50	586.00
436681222707423.50	572.00
436681222707423.50	610.00
436046511627907.00	554.00
436046511627907.00	581.00
436046511627907.00	549.00
436046511627907.00	484.00
436046511627907.00	533.00
435413642960812.75	547.00
435413642960812.75	611.00
435413642960812.75	612.00
435413642960812.75	500.00
435413642960812.75	562.00
434782608695652.12	550.00
434782608695652.12	574.00
434782608695652.12	617.00
434782608695652.12	517.00
434782608695652.12	550.00
434153400868306.75	576.00
434153400868306.75	600.00
434153400868306.75	525.00
434153400868306.75	566.00
434153400868306.75	578.00
434153400868306.75	646.00
433526011560693.69	592.00
433526011560693.69	609.00
433526011560693.69	616.00
433526011560693.69	548.00
433526011560693.69	514.00
432900432900432.87	558.00
432900432900432.87	521.00
432900432900432.87	609.00
432900432900432.87	566.00
432900432900432.87	542.00
432276657060518.75	566.00
432276657060518.75	681.00
432276657060518.75	565.00
432276657060518.75	636.00
432276657060518.75	628.00
431654676258992.81	645.00
431654676258992.81	590.00
431654676258992.81	629.00
431654676258992.81	568.00
431654676258992.81	586.00
431654676258992.81	559.00
431034482758620.62	628.00
431034482758620.62	644.00
431034482758620.62	634.00
431034482758620.62	684.00
431034482758620.62	718.00
430416068866571.00	684.00
430416068866571.00	530.00
430416068866571.00	634.00
430416068866571.00	642.00
430416068866571.00	744.00
429799426934097.37	607.00
429799426934097.37	670.00
429799426934097.37	708.00
429799426934097.37	641.00
429799426934097.37	654.00
429184549356223.19	697.00
429184549356223.19	655.00
429184549356223.19	690.00
429184549356223.19	679.00
429184549356223.19	699.00
428571428571428.50	625.00
428571428571428.50	653.00
428571428571428.50	741.00
428571428571428.50	714.00
428571428571428.50	766.00
428571428571428.50	666.00
427960057061340.87	697.00
427960057061340.87	695.00
427960057061340.87	727.00
427960057061340.87	647.00
427960057061340.87	733.00
427350427350427.31	722.00
427350427350427.31	700.00
427350427350427.31	731.00
427350427350427.31	755.00
427350427350427.31	778.00
426742532005689.87	782.00
426742532005689.87	819.00
426742532005689.87	768.00
426742532005689.87	823.00
426742532005689.87	739.00
426136363636363.62	800.00
426136363636363.62	833.00
426136363636363.62	733.00
426136363636363.62	687.00
426136363636363.62	745.00
426136363636363.62	711.00
425531914893617.00	744.00
425531914893617.00	751.00
425531914893617.00	730.00
425531914893617.00	668.00
425531914893617.00	711.00
424929178470255.00	737.00
424929178470255.00	808.00
424929178470255.00	797.00
424929178470255.00	830.00
424929178470255.00	785.00
424328147100424.31	811.00
424328147100424.31	823.00
424328147100424.31	736.00
424328147100424.31	873.00
424328147100424.31	842.00
423728813559322.06	772.00
423728813559322.06	765.00
423728813559322.06	880.00
423728813559322.06	817.00
423728813559322.06	806.00
423131170662905.44	733.00
423131170662905.44	785.00
423131170662905.44	897.00
423131170662905.44	732.00
423131170662905.44	829.00
423131170662905.44	946.00
422535211267605.62	753.00
422535211267605.62	900.00
422535211267605.62	789.00
422535211267605.62	832.00
422535211267605.62	830.00
421940928270042.12	877.00
421940928270042.12	839.00
421940928270042.12	848.00
421940928270042.12	869.00
421940928270042.12	844.00
421348314606741.56	851.00
421348314606741.56	777.00
421348314606741.56	869.00
421348314606741.56	941.00
421348314606741.56	898.00
420757363253856.94	859.00
420757363253856.94	870.00
420757363253856.94	879.00
420757363253856.94	889.00
420757363253856.94	794.00
420757363253856.94	866.00
420168067226890.75	879.00
420168067226890.75	858.00
420168067226890.75	877.00
420168067226890.75	881.00
420168067226890.75	794.00
419580419580419.56	896.00
419580419580419.56	872.00
419580419580419.56	890.00
419580419580419.56	875.00
419580419580419.56	877.00
418994413407821.25	899.00
418994413407821.25	916.00
418994413407821.25	849.00
418994413407821.25	838.00
418994413407821.25	865.00
418410041841004.12	881.00
418410041841004.12	934.00
418410041841004.12	835.00
418410041841004.12	936.00
418410041841004.12	868.00
418410041841004.12	936.00
417827298050139.25	930.00
417827298050139.25	896.00
417827298050139.25	960.00
417827298050139.25	949.00
417827298050139.25	879.00
417246175243393.62	870.00
417246175243393.62	880.00
417246175243393.62	981.00
417246175243393.62	903.00
417246175243393.62	932.00
416666666666666.62	891.00
416666666666666.62	929.00
416666666666666.62	872.00
416666666666666.62	968.00
416666666666666.62	966.00
416666666666666.62	872.00
416088765603328.69	913.00
416088765603328.69	1002.00
416088765603328.69	941.00
416088765603328.69	1021.00
416088765603328.69	931.00
415512465373961.19	967.00
415512465373961.19	954.00
415512465373961.19	927.00
415512465373961.19	860.00
415512465373961.19	959.00
414937759336099.56	969.00
414937759336099.56	918.00
414937759336099.56	955.00
414937759336099.56	930.00
414937759336099.56	970.00
414364640883977.81	1058.00
414364640883977.81	942.00
414364640883977.81	971.00
414364640883977.81	974.00
414364640883977.81	986.00
414364640883977.81	960.00
413793103448275.81	942.00
413793103448275.81	973.00
413793103448275.81	970.00
413793103448275.81	963.00
413793103448275.81	999.00
413223140495867.75	1006.00
413223140495867.75	979.00
413223140495867.75	966.00
413223140495867.75	1055.00
413223140495867.75	989.00
412654745529573.50	996.00
412654745529573.50	1001.00
412654745529573.50	980.00
412654745529573.50	1041.00
412654745529573.50	995.00
412087912087912.06	1014.00
412087912087912.06	1081.00
412087912087912.06	1048.00
412087912087912.06	1081.00
412087912087912.06	1062.00
412087912087912.06	995.00
411522633744856.00	1056.00
411522633744856.00	1016.00
411522633744856.00	991.00
411522633744856.00	1034.00
411522633744856.00	1019.00
410958904109589.00	984.00
410958904109589.00	965.00
410958904109589.00	1016.00
410958904109589.00	967.00
410958904109589.00	1007.00
410396716826265.37	1048.00
410396716826265.37	1007.00
410396716826265.37	965.00
410396716826265.37	993.00
410396716826265.37	1083.00
410396716826265.37	1051.00
409836065573770.44	979.00
409836065573770.44	1016.00
409836065573770.44	1024.00
409836065573770.44	1023.00
409836065573770.44	1107.00
409276944065484.31	1034.00
409276944065484.31	1017.00
409276944065484.31	999.00
409276944065484.31	988.00
409276944065484.31	987.00
408719346049046.31	972.00
408719346049046.31	1024.00
408719346049046.31	963.00
408719346049046.31	1021.00
408719346049046.31	1054.00
408163265306122.44	987.00
408163265306122.44	865.00
408163265306122.44	970.00
408163265306122.44	1012.00
408163265306122.44	940.00
408163265306122.44	999.00
407608695652173.94	986.00
407608695652173.94	864.00
407608695652173.94	902.00
407608695652173.94	986.00
407608695652173.94	847.00
407055630936227.94	948.00
407055630936227.94	878.00
407055630936227.94	888.00
407055630936227.94	925.00
407055630936227.94	907.00
406504065040650.37	996.00
406504065040650.37	999.00
406504065040650.37	949.00
406504065040650.37	958.00
406504065040650.37	891.00
406504065040650.37	892.00
405953991880920.12	915.00
405953991880920.12	888.00
405953991880920.12	919.00
405953991880920.12	921.00
405953991880920.12	892.00
405405405405405.37	919.00
405405405405405.37	804.00
405405405405405.37	870.00
405405405405405.37	914.00
405405405405405.37	891.00
404858299595141.69	966.00
404858299595141.69	893.00
404858299595141.69	942.00
404858299595141.69	828.00
404858299595141.69	846.00
404858299595141.69	852.00
404312668463611.87	921.00
404312668463611.87	835.00
404312668463611.87	889.00
404312668463611.87	882.00
404312668463611.87	937.00
403768506056527.56	890.00
403768506056527.56	888.00
403768506056527.56	856.00
403768506056527.56	963.00
403768506056527.56	855.00
403225806451612.81	883.00
403225806451612.81	855.00
403225806451612.81	903.00
403225806451612.81	835.00
403225806451612.81	834.00
403225806451612.81	883.00
402684563758389.25	817.00
402684563758389.25	903.00
402684563758389.25	837.00
402684563758389.25	906.00
402684563758389.25	899.00
402144772117962.50	865.00
402144772117962.50	823.00
402144772117962.50	806.00
402144772117962.50	853.00
402144772117962.50	780.00
401606425702811.25	835.00
401606425702811.25	846.00
401606425702811.25	841.00
401606425702811.25	804.00
401606425702811.25	754.00
401606425702811.25	708.00
401069518716577.50	835.00
401069518716577.50	769.00
401069518716577.50	716.00
401069518716577.50	729.00
401069518716577.50	776.00
400534045393858.44	787.00
400534045393858.44	848.00
400534045393858.44	817.00
400534045393858.44	840.00
400534045393858.44	719.00
400000000000000.00	739.00
400000000000000.00	697.00
400000000000000.00	787.00
400000000000000.00	722.00
400000000000000.00	809.00
400000000000000.00	802.00
399467376830892.12	759.00
399467376830892.12	652.00
399467376830892.12	681.00
399467376830892.12	700.00
399467376830892.12	789.00
398936170212765.87	825.00
398936170212765.87	727.00
398936170212765.87	730.00
398936170212765.87	698.00
398936170212765.87	726.00
398406374501992.00	700.00
398406374501992.00	727.00
398406374501992.00	725.00
398406374501992.00	763.00
398406374501992.00	710.00
398406374501992.00	749.00
397877984084880.62	664.00
397877984084880.62	753.00
397877984084880.62	786.00
397877984084880.62	668.00
397877984084880.62	731.00
397350993377483.44	748.00
397350993377483.44	702.00
397350993377483.44	730.00
397350993377483.44	695.00
397350993377483.44	716.00
396825396825396.81	604.00
396825396825396.81	637.00
396825396825396.81	752.00
396825396825396.81	665.00
396825396825396.81	642.00
396825396825396.81	705.00
396301188903566.69	706.00
396301188903566.69	712.00
396301188903566.69	660.00
396301188903566.69	738.00
396301188903566.69	624.00
395778364116094.94	731.00
395778364116094.94	724.00
395778364116094.94	758.00
395778364116094.94	703.00
395778364116094.94	611.00
395256916996047.37	654.00
395256916996047.37	649.00
395256916996047.37	674.00
395256916996047.37	591.00
395256916996047.37	597.00
395256916996047.37	654.00
394736842105263.19	634.00
394736842105263.19	606.00
394736842105263.19	571.00
394736842105263.19	538.00
394736842105263.19	656.00
394218134034165.56	529.00
394218134034165.56	600.00
394218134034165.56	611.00
394218134034165.56	566.00
394218134034165.56	582.00
393700787401574.75	528.00
393700787401574.75	544.00
393700787401574.75	533.00
393700787401574.75	522.00
393700787401574.75	543.00
393700787401574.75	504.00
393184796854521.56	453.00
393184796854521.56	478.00
393184796854521.56	408.00
393184796854521.56	408.00
393184796854521.56	421.00
392670157068062.81	458.00
392670157068062.81	527.00
392670157068062.81	425.00
392670157068062.81	453.00
392670157068062.81	547.00
392156862745098.00	412.00
392156862745098.00	394.00
392156862745098.00	452.00
392156862745098.00	410.00
392156862745098.00	325.00
392156862745098.00	502.00
391644908616188.00	458.00
391644908616188.00	531.00
391644908616188.00	396.00
391644908616188.00	580.00
391644908616188.00	574.00
391134289439374.12	460.00
391134289439374.12	545.00
391134289439374.12	531.00
391134289439374.12	634.00
391134289439374.12	600.00
391134289439374.12	655.00
390625000000000.00	687.00
390625000000000.00	638.00
390625000000000.00	626.00
390625000000000.00	654.00
390625000000000.00	653.00
390117035110533.12	668.00
390117035110533.12	651.00
390117035110533.12	659.00
390117035110533.12	707.00
390117035110533.12	698.00
389610389610389.62	846.00
389610389610389.62	886.00
389610389610389.62	882.00
389610389610389.62	901.00
389610389610389.62	903.00
389610389610389.62	866.00
389105058365758.75	850.00
389105058365758.75	874.00
389105058365758.75	954.00
389105058365758.75	952.00
389105058365758.75	1004.00
388601036269430.00	1005.00
388601036269430.00	974.00
388601036269430.00	1011.00
388601036269430.00	983.00
388601036269430.00	1125.00
388601036269430.00	1079.00
388098318240620.94	1156.00
388098318240620.94	1111.00
388098318240620.94	1045.00
388098318240620.94	1140.00
388098318240620.94	1129.00
387596899224806.19	1170.00
387596899224806.19	1175.00
387596899224806.19	1214.00
387596899224806.19	1161.00
387596899224806.19	1127.00
387096774193548.37	1243.00
387096774193548.37	1253.00
387096774193548.37	1150.00
387096774193548.37	1275.00
387096774193548.37	1232.00
387096774193548.37	1290.00
386597938144329.81	1215.00
386597938144329.81	1316.00
386597938144329.81	1301.00
386597938144329.81	1282.00
386597938144329.81	1197.00
386100386100386.06	1236.00
386100386100386.06	1187.00
386100386100386.06	1222.00
386100386100386.06	1150.00
386100386100386.06	1217.00
386100386100386.06	1267.00
385604113110539.87	1301.00
385604113110539.87	1245.00
385604113110539.87	1350.00
385604113110539.87	1338.00
385604113110539.87	1309.00
385109114249037.19	1371.00
385109114249037.19	1384.00
385109114249037.19	1261.00
385109114249037.19	1266.00
385109114249037.19	1212.00
384615384615384.62	1149.00
384615384615384.62	1137.00
384615384615384.62	1108.00
384615384615384.62	1119.00
384615384615384.62	1125.00
384615384615384.62	1115.00
384122919334186.94	1132.00
384122919334186.94	1174.00
384122919334186.94	1157.00
384122919334186.94	1092.00
384122919334186.94	1098.00
383631713554987.19	1145.00
383631713554987.19	1170.00
383631713554987.19	1130.00
383631713554987.19	1125.00
383631713554987.19	1134.00
383631713554987.19	1154.00
383141762452107.25	1064.00
383141762452107.25	1089.00
383141762452107.25	1079.00
383141762452107.25	1014.00
383141762452107.25	893.00
382653061224489.81	930.00
382653061224489.81	922.00
382653061224489.81	851.00
382653061224489.81	807.00
382653061224489.81	730.00
382165605095541.44	744.00
382165605095541.44	765.00
382165605095541.44	700.00
382165605095541.44	743.00
382165605095541.44	723.00
382165605095541.44	679.00
381679389312977.06	672.00
381679389312977.06	739.00
381679389312977.06	732.00
381679389312977.06	745.00
381679389312977.06	732.00
381194409148665.75	724.00
381194409148665.75	618.00
381194409148665.75	677.00
381194409148665.75	662.00
381194409148665.75	652.00
381194409148665.75	627.00
380710659898477.19	639.00
380710659898477.19	621.00
380710659898477.19	530.00
380710659898477.19	541.00
380710659898477.19	479.00
380228136882129.25	511.00
380228136882129.25	524.00
380228136882129.25	434.00
380228136882129.25	413.00
380228136882129.25	467.00
380228136882129.25	477.00
379746835443037.94	344.00
379746835443037.94	405.00
379746835443037.94	392.00
379746835443037.94	434.00
379746835443037.94	407.00
379266750948166.87	377.00
379266750948166.87	422.00
379266750948166.87	457.00
379266750948166.87	438.00
379266750948166.87	483.00
378787878787878.81	471.00
378787878787878.81	441.00
378787878787878.81	452.00
378787878787878.81	421.00
378787878787878.81	437.00
378787878787878.81	463.00
378310214375788.06	467.00
378310214375788.06	502.00
378310214375788.06	485.00
378310214375788.06	534.00
378310214375788.06	462.00
377833753148614.62	446.00
377833753148614.62	532.00
377833753148614.62	451.00
377833753148614.62	480.00
377833753148614.62	406.00
377833753148614.62	349.00
377358490566037.75	460.00
377358490566037.75	373.00
377358490566037.75	420.00
377358490566037.75	388.00
377358490566037.75	393.00
376884422110552.69	468.00
376884422110552.69	467.00
376884422110552.69	432.00
376884422110552.69	435.00
376884422110552.69	394.00
376884422110552.69	458.00
376411543287327.44	412.00
376411543287327.44	430.00
376411543287327.44	449.00
376411543287327.44	494.00
376411543287327.44	541.00
375939849624060.19	557.00
375939849624060.19	559.00
375939849624060.19	675.00
375939849624060.19	668.00
375939849624060.19	687.00
375939849624060.19	811.00
375469336670838.50	751.00
375469336670838.50	668.00
375469336670838.50	684.00
375469336670838.50	749.00
375469336670838.50	668.00
375000000000000.00	723.00
375000000000000.00	680.00
375000000000000.00	725.00
375000000000000.00	725.00
375000000000000.00	756.00
374531835205992.50	626.00
374531835205992.50	659.00
374531835205992.50	609.00
374531835205992.50	655.00
374531835205992.50	745.00
374531835205992.50	681.00
374064837905236.87	629.00
374064837905236.87	692.00
374064837905236.87	720.00
374064837905236.87	755.00
374064837905236.87	711.00
373599003735990.00	756.00
373599003735990.00	735.00
373599003735990.00	771.00
373599003735990.00	820.00
373599003735990.00	737.00
373599003735990.00	800.00
373134328358208.94	759.00
373134328358208.94	745.00
373134328358208.94	772.00
373134328358208.94	827.00
373134328358208.94	786.00
372670807453416.12	859.00
372670807453416.12	848.00
372670807453416.12	755.00
372670807453416.12	736.00
372670807453416.12	706.00
372670807453416.12	678.00
372208436724565.69	667.00
372208436724565.69	633.00
372208436724565.69	600.00
372208436724565.69	604.00
372208436724565.69	570.00
371747211895910.75	523.00
371747211895910.75	438.00
371747211895910.75	523.00
371747211895910.75	409.00
371747211895910.75	514.00
371747211895910.75	510.00
371287128712871.31	458.00
371287128712871.31	385.00
371287128712871.31	419.00
371287128712871.31	386.00
371287128712871.31	464.00
370828182941903.56	378.00
370828182941903.56	382.00
370828182941903.56	387.00
370828182941903.56	330.00
370828182941903.56	312.00
370828182941903.56	316.00
370370370370370.37	363.00
370370370370370.37	326.00
370370370370370.37	206.00
370370370370370.37	354.00
370370370370370.37	262.00
369913686806411.81	248.00
369913686806411.81	201.00
369913686806411.81	279.00
369913686806411.81	227.00
369913686806411.81	217.00
369913686806411.81	151.00
369458128078817.75	215.00
369458128078817.75	248.00
369458128078817.75	222.00
369458128078817.75	232.00
369458128078817.75	238.00
369003690036900.31	136.00
369003690036900.31	206.00
369003690036900.31	173.00
369003690036900.31	201.00
369003690036900.31	164.00
369003690036900.31	224.00
368550368550368.50	203.00
368550368550368.50	207.00
368550368550368.50	270.00
368550368550368.50	168.00
368550368550368.50	211.00
368098159509202.44	194.00
368098159509202.44	173.00
368098159509202.44	186.00
368098159509202.44	186.00
368098159509202.44	298.00
368098159509202.44	209.00
367647058823529.37	208.00
367647058823529.37	247.00
367647058823529.37	271.00
367647058823529.37	282.00
367647058823529.37	287.00
367197062423500.56	211.00
367197062423500.56	306.00
367197062423500.56	388.00
367197062423500.56	333.00
367197062423500.56	319.00
367197062423500.56	387.00
366748166259168.69	328.00
366748166259168.69	332.00
366748166259168.69	377.00
366748166259168.69	298.00
366748166259168.69	298.00
366300366300366.25	281.00
366300366300366.25	373.00
366300366300366.25	289.00
366300366300366.25	299.00
366300366300366.25	356.00
366300366300366.25	354.00
365853658536585.37	303.00
365853658536585.37	341.00
365853658536585.37	235.00
365853658536585.37	279.00
365853658536585.37	171.00
365408038976857.50	218.00
365408038976857.50	208.00
365408038976857.50	141.00
365408038976857.50	145.00
365408038976857.50	189.00
365408038976857.50	160.00
364963503649635.00	182.00
364963503649635.00	121.00
364963503649635.00	287.00
364963503649635.00	213.00
364963503649635.00	302.00
364520048602673.06	215.00
364520048602673.06	264.00
364520048602673.06	239.00
364520048602673.06	293.00
364520048602673.06	338.00
364520048602673.06	305.00
364077669902912.56	277.00
364077669902912.56	274.00
364077669902912.56	344.00
364077669902912.56	409.00
364077669902912.56	417.00
363636363636363.62	327.00
363636363636363.62	402.00
363636363636363.62	401.00
363636363636363.62	414.00
363636363636363.62	408.00
363636363636363.62	422.00
363196125907990.31	446.00
363196125907990.31	449.00
363196125907990.31	472.00
363196125907990.31	449.00
363196125907990.31	493.00
362756952841596.12	534.00
362756952841596.12	562.00
362756952841596.12	527.00
362756952841596.12	473.00
362756952841596.12	439.00
362756952841596.12	457.00
362318840579710.12	543.00
362318840579710.12	525.00
362318840579710.12	493.00
362318840579710.12	595.00
362318840579710.12	568.00
361881785283474.06	668.00
361881785283474.06	547.00
361881785283474.06	687.00
361881785283474.06	695.00
361881785283474.06	719.00
361881785283474.06	684.00
361445783132530.12	717.00
361445783132530.12	852.00
361445783132530.12	836.00
361445783132530.12	934.00
361445783132530.12	973.00
361010830324909.75	965.00
361010830324909.75	1054.00
361010830324909.75	1092.00
361010830324909.75	1123.00
361010830324909.75	1179.00
361010830324909.75	1147.00
360576923076923.00	1144.00
360576923076923.00	1170.00
360576923076923.00	1159.00
360576923076923.00	1170.00
360576923076923.00	1081.00
360576923076923.00	1135.00
360144057623049.19	1076.00
360144057623049.19	1078.00
360144057623049.19	1029.00
360144057623049.19	968.00
360144057623049.19	991.00
359712230215827.31	1081.00
359712230215827.31	1090.00
359712230215827.31	1193.00
359712230215827.31	1191.00
359712230215827.31	1193.00
359712230215827.31	1133.00
359281437125748.44	1196.00
359281437125748.44	1235.00
359281437125748.44	1235.00
359281437125748.44	1128.00
359281437125748.44	1264.00
358851674641148.31	1242.00
358851674641148.31	1355.00
358851674641148.31	1325.00
358851674641148.31	1358.00
358851674641148.31	1260.00
358851674641148.31	1407.00
358422939068100.37	1410.00
358422939068100.37	1337.00
358422939068100.37	1256.00
358422939068100.37	1197.00
358422939068100.37	1121.00
357995226730310.25	1149.00
357995226730310.25	1055.00
357995226730310.25	1026.00
357995226730310.25	986.00
357995226730310.25	956.00
357995226730310.25	839.00
357568533969010.69	818.00
357568533969010.69	815.00
357568533969010.69	779.00
357568533969010.69	743.00
357568533969010.69	746.00
357142857142857.19	781.00
357142857142857.19	740.00
357142857142857.19	681.00
357142857142857.19	744.00
357142857142857.19	706.00
357142857142857.19	744.00
356718192627824.00	693.00
356718192627824.00	786.00
356718192627824.00	765.00
356718192627824.00	692.00
356718192627824.00	763.00
356718192627824.00	701.00
356294536817102.06	721.00
356294536817102.06	689.00
356294536817102.06	687.00
356294536817102.06	723.00
356294536817102.06	634.00
355871886120996.44	727.00
355871886120996.44	743.00
355871886120996.44	661.00
355871886120996.44	587.00
355871886120996.44	644.00
355871886120996.44	654.00
355450236966824.62	639.00
355450236966824.62	523.00
355450236966824.62	622.00
355450236966824.62	575.00
355450236966824.62	524.00
355029585798816.50	582.00
355029585798816.50	516.00
355029585798816.50	614.00
355029585798816.50	519.00
355029585798816.50	569.00
355029585798816.50	516.00
354609929078014.12	559.00
354609929078014.12	534.00
354609929078014.12	484.00
354609929078014.12	487.00
354609929078014.12	502.00
354609929078014.12	513.00
354191263282172.37	446.00
354191263282172.37	549.00
354191263282172.37	417.00
354191263282172.37	456.00
354191263282172.37	456.00
353773584905660.31	440.00
353773584905660.31	418.00
353773584905660.31	452.00
353773584905660.31	345.00
353773584905660.31	418.00
353773584905660.31	399.00
353356890459363.94	425.00
353356890459363.94	284.00
353356890459363.94	394.00
353356890459363.94	413.00
353356890459363.94	421.00
352941176470588.25	487.00
352941176470588.25	376.00
352941176470588.25	360.00
352941176470588.25	490.00
352941176470588.25	434.00
352941176470588.25	402.00
352526439482961.19	350.00
352526439482961.19	317.00
352526439482961.19	447.00
352526439482961.19	454.00
352526439482961.19	482.00
352112676056338.06	523.00
352112676056338.06	389.00
352112676056338.06	400.00
352112676056338.06	474.00
352112676056338.06	444.00
352112676056338.06	419.00
351699882766705.75	514.00
351699882766705.75	488.00
351699882766705.75	528.00
351699882766705.75	440.00
351699882766705.75	492.00
351699882766705.75	497.00
351288056206088.94	519.00
351288056206088.94	479.00
351288056206088.94	582.00
351288056206088.94	495.00
351288056206088.94	529.00
350877192982456.12	526.00
350877192982456.12	495.00
350877192982456.12	545.00
350877192982456.12	537.00
350877192982456.12	489.00
350877192982456.12	587.00
350467289719626.12	565.00
350467289719626.12	531.00
350467289719626.12	561.00
350467289719626.12	551.00
350467289719626.12	669.00
350467289719626.12	636.00
350058343057176.19	667.00
350058343057176.19	629.00
350058343057176.19	616.00
350058343057176.19	603.00
350058343057176.19	597.00
349650349650349.62	569.00
349650349650349.62	588.00
349650349650349.62	574.00
349650349650349.62	605.00
349650349650349.62	536.00
349650349650349.62	577.00
349243306169965.06	590.00
349243306169965.06	574.00
349243306169965.06	561.00
349243306169965.06	554.00
349243306169965.06	558.00
348837209302325.56	566.00
348837209302325.56	566.00
348837209302325.56	648.00
348837209302325.56	624.00
348837209302325.56	559.00
348837209302325.56	565.00
348432055749128.87	632.00
348432055749128.87	587.00
348432055749128.87	536.00
348432055749128.87	592.00
348432055749128.87	523.00
348432055749128.87	660.00
348027842227378.19	622.00
348027842227378.19	594.00
348027842227378.19	548.00
348027842227378.19	544.00
348027842227378.19	587.00
347624565469293.12	510.00
347624565469293.12	553.00
347624565469293.12	553.00
347624565469293.12	597.00
347624565469293.12	577.00
347624565469293.12	572.00
347222222222222.25	536.00
347222222222222.25	601.00
347222222222222.25	553.00
347222222222222.25	577.00
347222222222222.25	540.00
347222222222222.25	654.00
346820809248554.87	550.00
346820809248554.87	515.00
346820809248554.87	513.00
346820809248554.87	493.00
346820809248554.87	563.00
346420323325635.12	493.00
346420323325635.12	476.00
346420323325635.12	493.00
346420323325635.12	603.00
346420323325635.12	591.00
346420323325635.12	535.00
346020761245674.75	529.00
346020761245674.75	405.00
346020761245674.75	550.00
346020761245674.75	542.00
346020761245674.75	566.00
346020761245674.75	512.00
345622119815668.12	509.00
345622119815668.12	488.00
345622119815668.12	572.00
345622119815668.12	527.00
345622119815668.12	524.00
345224395857307.25	530.00
345224395857307.25	529.00
345224395857307.25	478.00
345224395857307.25	567.00
345224395857307.25	517.00
345224395857307.25	525.00
344827586206896.50	492.00
344827586206896.50	554.00
344827586206896.50	480.00
344827586206896.50	605.00
344827586206896.50	542.00
344827586206896.50	463.00
344431687715269.81	477.00
344431687715269.81	483.00
344431687715269.81	509.00
344431687715269.81	553.00
344431687715269.81	545.00
344036697247706.37	567.00
344036697247706.37	518.00
344036697247706.37	560.00
344036697247706.37	560.00
344036697247706.37	475.00
344036697247706.37	515.00
343642611683848.75	535.00
343642611683848.75	490.00
343642611683848.75	578.00
343642611683848.75	492.00
343642611683848.75	473.00
343642611683848.75	526.00
343249427917620.12	541.00
343249427917620.12	597.00
343249427917620.12	541.00
343249427917620.12	496.00
343249427917620.12	507.00
342857142857142.81	414.00
342857142857142.81	471.00
342857142857142.81	478.00
342857142857142.81	474.00
342857142857142.81	473.00
342857142857142.81	461.00
342465753424657.56	487.00
342465753424657.56	491.00
342465753424657.56	513.00
342465753424657.56	457.00
342465753424657.56	526.00
342465753424657.56	447.00
342075256556442.37	564.00
342075256556442.37	542.00
342075256556442.37	485.00
342075256556442.37	565.00
342075256556442.37	566.00
341685649202733.44	479.00
341685649202733.44	515.00
341685649202733.44	472.00
341685649202733.44	522.00
341685649202733.44	481.00
341685649202733.44	508.00
341296928327645.00	521.00
341296928327645.00	555.00
341296928327645.00	436.00
341296928327645.00	469.00
341296928327645.00	443.00
341296928327645.00	472.00
340909090909090.87	515.00
340909090909090.87	493.00
340909090909090.87	424.00
340909090909090.87	457.00
340909090909090.87	446.00
340522133938706.00	494.00
340522133938706.00	418.00
340522133938706.00	440.00
340522133938706.00	482.00
340522133938706.00	498.00
340522133938706.00	474.00
340136054421768.62	402.00
340136054421768.62	480.00
340136054421768.62	535.00
340136054421768.62	407.00
340136054421768.62	443.00
340136054421768.62	447.00
339750849377123.44	483.00
339750849377123.44	475.00
339750849377123.44	490.00
339750849377123.44	498.00
339750849377123.44	420.00
339366515837104.06	427.00
339366515837104.06	449.00
339366515837104.06	443.00
339366515837104.06	416.00
339366515837104.06	490.00
339366515837104.06	461.00
338983050847457.56	399.00
338983050847457.56	471.00
338983050847457.56	387.00
338983050847457.56	375.00
338983050847457.56	373.00
338983050847457.56	396.00
338600451467268.56	453.00
338600451467268.56	418.00
338600451467268.56	377.00
338600451467268.56	396.00
338600451467268.56	460.00
338218714768883.87	555.00
338218714768883.87	459.00
338218714768883.87	454.00
338218714768883.87	434.00
338218714768883.87	394.00
338218714768883.87	441.00
337837837837837.87	441.00
337837837837837.87	472.00
337837837837837.87	397.00
337837837837837.87	430.00
337837837837837.87	419.00
337837837837837.87	355.00
337457817772778.37	362.00
337457817772778.37	360.00
337457817772778.37	394.00
337457817772778.37	455.00
337457817772778.37	389.00
337457817772778.37	430.00
337078651685393.19	435.00
337078651685393.19	333.00
337078651685393.19	360.00
337078651685393.19	345.00
337078651685393.19	378.00
336700336700336.69	398.00
336700336700336.69	401.00
336700336700336.69	420.00
336700336700336.69	334.00
336700336700336.69	327.00
336700336700336.69	383.00
336322869955156.94	383.00
336322869955156.94	425.00
336322869955156.94	349.00
336322869955156.94	414.00
336322869955156.94	365.00
336322869955156.94	410.00
335946248600223.94	365.00
335946248600223.94	442.00
335946248600223.94	371.00
335946248600223.94	393.00
335946248600223.94	348.00
335946248600223.94	338.00
335570469798657.69	333.00
335570469798657.69	359.00
335570469798657.69	373.00
335570469798657.69	423.00
335570469798657.69	320.00
335195530726257.00	291.00
335195530726257.00	360.00
335195530726257.00	381.00
335195530726257.00	395.00
335195530726257.00	386.00
335195530726257.00	324.00
334821428571428.50	332.00
334821428571428.50	416.00
334821428571428.50	367.00
334821428571428.50	292.00
334821428571428.50	290.00
334821428571428.50	335.00
334448160535117.00	320.00
334448160535117.00	292.00
334448160535117.00	326.00
334448160535117.00	322.00
334448160535117.00	368.00
334448160535117.00	331.00
334075723830735.00	294.00
334075723830735.00	318.00
334075723830735.00	365.00
334075723830735.00	394.00
334075723830735.00	378.00
333704115684093.37	324.00
333704115684093.37	329.00
333704115684093.37	332.00
333704115684093.37	300.00
333704115684093.37	403.00
333704115684093.37	271.00
333333333333333.31	293.00
333333333333333.31	282.00
333333333333333.31	340.00
333333333333333.31	368.00
333333333333333.31	245.00
333333333333333.31	320.00
332963374028856.81	339.00
332963374028856.81	281.00
332963374028856.81	360.00
332963374028856.81	281.00
332963374028856.81	298.00
332963374028856.81	228.00
332594235033259.44	310.00
332594235033259.44	316.00
332594235033259.44	223.00
332594235033259.44	256.00
332594235033259.44	195.00
332225913621262.44	335.00
332225913621262.44	329.00
332225913621262.44	261.00
332225913621262.44	288.00
332225913621262.44	352.00
332225913621262.44	296.00
331858407079646.00	292.00
331858407079646.00	344.00
331858407079646.00	310.00
331858407079646.00	366.00
331858407079646.00	333.00
331858407079646.00	263.00
331491712707182.37	317.00
331491712707182.37	293.00
331491712707182.37	317.00
331491712707182.37	328.00
331491712707182.37	229.00
331491712707182.37	272.00
331125827814569.56	322.00
331125827814569.56	335.00
331125827814569.56	341.00
331125827814569.56	263.00
331125827814569.56	321.00
330760749724366.06	238.00
330760749724366.06	329.00
330760749724366.06	271.00
330760749724366.06	281.00
330760749724366.06	315.00
330760749724366.06	307.00
330396475770925.12	320.00
330396475770925.12	316.00
330396475770925.12	287.00
330396475770925.12	340.00
330396475770925.12	328.00
330396475770925.12	331.00
330033003300330.00	282.00
330033003300330.00	287.00
330033003300330.00	287.00
330033003300330.00	308.00
330033003300330.00	305.00
330033003300330.00	316.00
329670329670329.62	187.00
329670329670329.62	278.00
329670329670329.62	284.00
329670329670329.62	249.00
329670329670329.62	276.00
329670329670329.62	246.00
329308452250274.44	241.00
329308452250274.44	247.00
329308452250274.44	275.00
329308452250274.44	242.00
329308452250274.44	283.00
328947368421052.62	254.00
328947368421052.62	260.00
328947368421052.62	266.00
328947368421052.62	234.00
328947368421052.62	235.00
328947368421052.62	233.00
328587075575027.31	268.00
328587075575027.31	322.00
328587075575027.31	302.00
328587075575027.31	188.00
328587075575027.31	298.00
328587075575027.31	179.00
328227571115973.75	228.00
328227571115973.75	227.00
328227571115973.75	268.00
328227571115973.75	251.00
328227571115973.75	227.00
328227571115973.75	175.00
327868852459016.37	205.00
327868852459016.37	250.00
327868852459016.37	228.00
327868852459016.37	253.00
327868852459016.37	198.00
327868852459016.37	285.00
327510917030567.69	159.00
327510917030567.69	191.00
327510917030567.69	205.00
327510917030567.69	201.00
327510917030567.69	170.00
327153762268266.06	293.00
327153762268266.06	272.00
327153762268266.06	250.00
327153762268266.06	231.00
327153762268266.06	168.00
327153762268266.06	276.00
326797385620915.06	188.00
326797385620915.06	214.00
326797385620915.06	182.00
326797385620915.06	281.00
326797385620915.06	132.00
326797385620915.06	136.00
326441784548422.19	171.00
326441784548422.19	235.00
326441784548422.19	258.00
326441784548422.19	185.00
326441784548422.19	205.00
326441784548422.19	160.00
326086956521739.12	208.00
326086956521739.12	201.00
326086956521739.12	155.00
326086956521739.12	149.00
326086956521739.12	191.00
326086956521739.12	208.00
325732899022801.31	127.00
325732899022801.31	171.00
325732899022801.31	148.00
325732899022801.31	214.00
325732899022801.31	283.00
325379609544468.56	243.00
325379609544468.56	146.00
325379609544468.56	211.00
325379609544468.56	214.00
325379609544468.56	235.00
325379609544468.56	171.00
325027085590465.81	213.00
325027085590465.81	221.00
325027085590465.81	174.00
325027085590465.81	244.00
325027085590465.81	201.00
325027085590465.81	147.00
324675324675324.62	211.00
324675324675324.62	157.00
324675324675324.62	218.00
324675324675324.62	156.00
324675324675324.62	145.00
324675324675324.62	186.00
324324324324324.31	176.00
324324324324324.31	158.00
324324324324324.31	216.00
324324324324324.31	169.00
324324324324324.31	111.00
324324324324324.31	154.00
323974082073434.12	193.00
323974082073434.12	187.00
323974082073434.12	176.00
323974082073434.12	128.00
323974082073434.12	116.00
323974082073434.12	192.00
323624595469255.62	173.00
323624595469255.62	140.00
323624595469255.62	160.00
323624595469255.62	144.00
323624595469255.62	108.00
323275862068965.50	238.00
323275862068965.50	167.00
323275862068965.50	189.00
323275862068965.50	106.00
323275862068965.50	132.00
323275862068965.50	162.00
322927879440258.31	144.00
322927879440258.31	213.00
322927879440258.31	162.00
322927879440258.31	174.00
322927879440258.31	103.00
322927879440258.31	207.00
322580645161290.31	202.00
322580645161290.31	176.00
322580645161290.31	82.00
322580645161290.31	121.00
322580645161290.31	130.00
322580645161290.31	209.00
322234156820622.94	203.00
322234156820622.94	191.00
322234156820622.94	98.00
322234156820622.94	208.00
322234156820622.94	149.00
322234156820622.94	163.00
321888412017167.37	131.00
321888412017167.37	147.00
321888412017167.37	98.00
321888412017167.37	154.00
321888412017167.37	141.00
321888412017167.37	80.00
321543408360128.56	195.00
321543408360128.56	150.00
321543408360128.56	228.00
321543408360128.56	129.00
321543408360128.56	182.00
321543408360128.56	131.00
321199143468950.75	179.00
321199143468950.75	122.00
321199143468950.75	133.00
321199143468950.75	209.00
321199143468950.75	145.00
321199143468950.75	116.00
320855614973262.06	233.00
320855614973262.06	44.00
320855614973262.06	129.00
320855614973262.06	118.00
320855614973262.06	55.00
320512820512820.50	124.00
320512820512820.50	111.00
320512820512820.50	87.00
320512820512820.50	99.00
320512820512820.50	91.00
320512820512820.50	70.00
320170757737459.94	97.00
320170757737459.94	87.00
320170757737459.94	147.00
320170757737459.94	124.00
320170757737459.94	170.00
320170757737459.94	122.00
319829424307036.25	124.00
319829424307036.25	114.00
319829424307036.25	87.00
319829424307036.25	136.00
319829424307036.25	149.00
319829424307036.25	139.00
319488817891373.81	105.00
319488817891373.81	139.00
319488817891373.81	117.00
319488817891373.81	114.00
319488817891373.81	51.00
319488817891373.81	129.00
319148936170212.75	-61.00
319148936170212.75	64.00
319148936170212.75	91.00
319148936170212.75	121.00
319148936170212.75	140.00
319148936170212.75	99.00
318809776833156.19	132.00
318809776833156.19	157.00
318809776833156.19	68.00
318809776833156.19	71.00
318809776833156.19	95.00
318809776833156.19	139.00
318471337579617.81	58.00
318471337579617.81	76.00
318471337579617.81	123.00
318471337579617.81	158.00
318471337579617.81	87.00
318471337579617.81	86.00
318133616118769.94	118.00
318133616118769.94	166.00
318133616118769.94	82.00
318133616118769.94	79.00
318133616118769.94	193.00
318133616118769.94	115.00
317796610169491.50	120.00
317796610169491.50	86.00
317796610169491.50	92.00
317796610169491.50	42.00
317796610169491.50	202.00
317460317460317.44	111.00
317460317460317.44	136.00
317460317460317.44	120.00
317460317460317.44	88.00
317460317460317.44	133.00
317460317460317.44	189.00
317124735729386.94	89.00
317124735729386.94	84.00
317124735729386.94	118.00
317124735729386.94	143.00
317124735729386.94	111.00
317124735729386.94	61.00
316789862724392.81	-7.00
316789862724392.81	90.00
316789862724392.81	88.00
316789862724392.81	75.00
316789862724392.81	145.00
316789862724392.81	111.00
316455696202531.62	82.00
316455696202531.62	180.00
316455696202531.62	76.00
316455696202531.62	99.00
316455696202531.62	137.00
316455696202531.62	160.00
316122233930453.12	41.00
316122233930453.12	76.00
316122233930453.12	111.00
316122233930453.12	120.00
316122233930453.12	171.00
316122233930453.12	165.00
315789473684210.50	130.00
315789473684210.50	148.00
315789473684210.50	35.00
315789473684210.50	45.00
315789473684210.50	144.00
315789473684210.50	22.00
315457413249211.37	96.00
315457413249211.37	102.00
315457413249211.37	133.00
315457413249211.37	80.00
315457413249211.37	97.00
315457413249211.37	129.00
315126050420168.06	161.00
315126050420168.06	88.00
315126050420168.06	97.00
315126050420168.06	139.00
315126050420168.06	72.00
315126050420168.06	53.00
314795383001049.31	121.00
314795383001049.31	56.00
314795383001049.31	118.00
314795383001049.31	76.00
314795383001049.31	61.00
314795383001049.31	132.00
314465408805031.44	150.00
314465408805031.44	102.00
314465408805031.44	123.00
314465408805031.44	121.00
314465408805031.44	48.00
314465408805031.44	110.00
314136125654450.25	52.00
314136125654450.25	83.00
314136125654450.25	89.00
314136125654450.25	85.00
314136125654450.25	116.00
314136125654450.25	143.00
313807531380753.12	67.00
313807531380753.12	61.00
313807531380753.12	143.00
313807531380753.12	71.00
313807531380753.12	115.00
313807531380753.12	59.00
313479623824451.37	29.00
313479623824451.37	121.00
313479623824451.37	71.00
313479623824451.37	81.00
313479623824451.37	115.00
313479623824451.37	129.00
313152400835073.06	205.00
313152400835073.06	129.00
313152400835073.06	47.00
313152400835073.06	85.00
313152400835073.06	50.00
313152400835073.06	136.00
312825860271115.75	39.00
312825860271115.75	62.00
312825860271115.75	112.00
312825860271115.75	-40.00
312825860271115.75	172.00
312825860271115.75	38.00
312499999999999.94	122.00
312499999999999.94	37.00
312499999999999.94	128.00
312499999999999.94	60.00
312499999999999.94	74.00
312499999999999.94	143.00
312174817898022.94	122.00
312174817898022.94	69.00
312174817898022.94	122.00
312174817898022.94	133.00
312174817898022.94	48.00
312174817898022.94	29.00
311850311850311.81	132.00
311850311850311.81	37.00
311850311850311.81	163.00
311850311850311.81	106.00
311850311850311.81	128.00
311526479750778.75	129.00
311526479750778.75	79.00
311526479750778.75	90.00
311526479750778.75	120.00
311526479750778.75	64.00
311526479750778.75	63.00
311203319502074.69	43.00
311203319502074.69	52.00
311203319502074.69	12.00
311203319502074.69	96.00
311203319502074.69	86.00
311203319502074.69	47.00
310880829015544.00	56.00
310880829015544.00	125.00
310880829015544.00	125.00
310880829015544.00	79.00
310880829015544.00	111.00
310880829015544.00	132.00
310559006211180.06	85.00
310559006211180.06	144.00
310559006211180.06	45.00
310559006211180.06	91.00
310559006211180.06	92.00
310559006211180.06	130.00
310237849017580.12	113.00
310237849017580.12	97.00
310237849017580.12	86.00
310237849017580.12	134.00
310237849017580.12	98.00
310237849017580.12	29.00
309917355371900.81	17.00
309917355371900.81	63.00
309917355371900.81	54.00
309917355371900.81	38.00
309917355371900.81	89.00
309917355371900.81	7.00
309597523219814.25	115.00
309597523219814.25	32.00
309597523219814.25	89.00
309597523219814.25	83.00
309597523219814.25	76.00
309597523219814.25	74.00
309278350515463.87	87.00
309278350515463.87	55.00
309278350515463.87	88.00
309278350515463.87	187.00
309278350515463.87	79.00
309278350515463.87	81.00
308959835221421.19	100.00
308959835221421.19	28.00
308959835221421.19	54.00
308959835221421.19	113.00
308959835221421.19	-33.00
308959835221421.19	163.00
308641975308642.00	11.00
308641975308642.00	103.00
308641975308642.00	142.00
308641975308642.00	129.00
308641975308642.00	102.00
308641975308642.00	-7.00
308641975308642.00	70.00
308324768756423.44	83.00
308324768756423.44	105.00
308324768756423.44	49.00
308324768756423.44	104.00
308324768756423.44	57.00
308324768756423.44	50.00
308008213552361.31	67.00
308008213552361.31	150.00
308008213552361.31	130.00
308008213552361.31	179.00
308008213552361.31	14.00
308008213552361.31	86.00
307692307692307.69	167.00
307692307692307.69	13.00
307692307692307.69	34.00
307692307692307.69	-2.00
307692307692307.69	65.00
307692307692307.69	109.00
307377049180327.87	139.00
307377049180327.87	83.00
307377049180327.87	124.00
307377049180327.87	49.00
307377049180327.87	61.00
307377049180327.87	79.00
307062436028659.12	74.00
307062436028659.12	109.00
307062436028659.12	90.00
307062436028659.12	140.00
307062436028659.12	105.00
307062436028659.12	107.00
306748466257668.75	108.00
306748466257668.75	72.00
306748466257668.75	119.00
306748466257668.75	31.00
306748466257668.75	46.00
306748466257668.75	63.00
306435137895812.00	53.00
306435137895812.00	86.00
306435137895812.00	65.00
306435137895812.00	161.00
306435137895812.00	106.00
306435137895812.00	86.00
306122448979591.75	105.00
306122448979591.75	32.00
306122448979591.75	48.00
306122448979591.75	11.00
306122448979591.75	37.00
306122448979591.75	107.00
305810397553516.81	138.00
305810397553516.81	81.00
305810397553516.81	90.00
305810397553516.81	124.00
305810397553516.81	72.00
305810397553516.81	55.00
305498981670061.06	95.00
305498981670061.06	91.00
305498981670061.06	68.00
305498981670061.06	109.00
305498981670061.06	8.00
305498981670061.06	4.00
305188199389623.56	160.00
305188199389623.56	96.00
305188199389623.56	15.00
305188199389623.56	139.00
305188199389623.56	146.00
305188199389623.56	138.00
304878048780487.81	33.00
304878048780487.81	136.00
304878048780487.81	121.00
304878048780487.81	63.00
304878048780487.81	4.00
304878048780487.81	34.00
304568527918781.69	86.00
304568527918781.69	113.00
304568527918781.69	130.00
304568527918781.69	69.00
304568527918781.69	105.00
304568527918781.69	66.00
304259634888438.19	63.00
304259634888438.19	46.00
304259634888438.19	83.00
304259634888438.19	18.00
304259634888438.19	52.00
304259634888438.19	117.00
303951367781155.00	115.00
303951367781155.00	102.00
303951367781155.00	41.00
303951367781155.00	90.00
303951367781155.00	50.00
303951367781155.00	45.00
303643724696356.25	63.00
303643724696356.25	155.00
303643724696356.25	115.00
303643724696356.25	55.00
303643724696356.25	109.00
303643724696356.25	127.00
303336703741152.69	96.00
303336703741152.69	43.00
303336703741152.69	37.00
303336703741152.69	126.00
303336703741152.69	100.00
303336703741152.69	141.00
303030303030303.00	51.00
303030303030303.00	27.00
303030303030303.00	94.00
303030303030303.00	74.00
303030303030303.00	-2.00
303030303030303.00	104.00
303030303030303.00	40.00
302724520686175.56	130.00
302724520686175.56	154.00
302724520686175.56	80.00
302724520686175.56	126.00
302724520686175.56	102.00
302724520686175.56	84.00
302419354838709.69	40.00
302419354838709.69	15.00
302419354838709.69	26.00
302419354838709.69	56.00
302419354838709.69	75.00
302419354838709.69	8.00
302114803625377.62	120.00
302114803625377.62	102.00
302114803625377.62	82.00
302114803625377.62	147.00
302114803625377.62	127.00
302114803625377.62	125.00
301810865191146.81	137.00
301810865191146.81	92.00
301810865191146.81	106.00
301810865191146.81	113.00
301810865191146.81	88.00
301810865191146.81	66.00
301507537688442.25	95.00
301507537688442.25	106.00
301507537688442.25	63.00
301507537688442.25	101.00
301507537688442.25	94.00
301507537688442.25	160.00
301204819277108.44	99.00
301204819277108.44	69.00
301204819277108.44	58.00
301204819277108.44	73.00
301204819277108.44	84.00
301204819277108.44	39.00
300902708124373.06	25.00
300902708124373.06	21.00
300902708124373.06	59.00
300902708124373.06	82.00
300902708124373.06	105.00
300902708124373.06	48.00
300601202404809.62	126.00
300601202404809.62	88.00
300601202404809.62	39.00
300601202404809.62	38.00
300601202404809.62	95.00
300601202404809.62	122.00
300300300300300.25	68.00
300300300300300.25	103.00
300300300300300.25	130.00
300300300300300.25	112.00
300300300300300.25	143.00
300300300300300.25	39.00
300300300300300.25	24.00
299999999999999.94	101.00
299999999999999.94	91.00
299999999999999.94	121.00
299999999999999.94	-15.00
299999999999999.94	55.00
299999999999999.94	24.00
299700299700299.69	46.00
299700299700299.69	61.00
299700299700299.69	76.00
299700299700299.69	19.00
299700299700299.69	30.00
299700299700299.69	72.00
299401197604790.37	112.00
299401197604790.37	-6.00
299401197604790.37	33.00
299401197604790.37	86.00
299401197604790.37	157.00
299401197604790.37	68.00
299102691924227.31	133.00
299102691924227.31	132.00
299102691924227.31	60.00
299102691924227.31	102.00
299102691924227.31	87.00
299102691924227.31	54.00
298804780876494.00	113.00
298804780876494.00	117.00
298804780876494.00	78.00
298804780876494.00	83.00
298804780876494.00	50.00
298804780876494.00	101.00
298507462686567.12	96.00
298507462686567.12	60.00
298507462686567.12	65.00
298507462686567.12	54.00
298507462686567.12	80.00
298507462686567.12	46.00
298210735586481.12	45.00
298210735586481.12	106.00
298210735586481.12	99.00
298210735586481.12	41.00
298210735586481.12	99.00
298210735586481.12	117.00
298210735586481.12	158.00
297914597815292.94	90.00
297914597815292.94	91.00
297914597815292.94	75.00
297914597815292.94	82.00
297914597815292.94	4.00
297914597815292.94	136.00
297619047619047.56	120.00
297619047619047.56	102.00
297619047619047.56	-19.00
297619047619047.56	71.00
297619047619047.56	127.00
297619047619047.56	92.00
297324083250743.31	49.00
297324083250743.31	115.00
297324083250743.31	62.00
297324083250743.31	123.00
297324083250743.31	6.00
297324083250743.31	-7.00
297029702970297.00	45.00
297029702970297.00	134.00
297029702970297.00	19.00
297029702970297.00	31.00
297029702970297.00	71.00
297029702970297.00	60.00
296735905044510.37	81.00
296735905044510.37	113.00
296735905044510.37	92.00
296735905044510.37	27.00
296735905044510.37	40.00
296735905044510.37	69.00
296735905044510.37	-18.00
296442687747035.56	71.00
296442687747035.56	28.00
296442687747035.56	26.00
296442687747035.56	93.00
296442687747035.56	135.00
296442687747035.56	115.00
296150049358341.56	67.00
296150049358341.56	143.00
296150049358341.56	111.00
296150049358341.56	112.00
296150049358341.56	82.00
296150049358341.56	77.00
295857988165680.44	115.00
295857988165680.44	46.00
295857988165680.44	133.00
295857988165680.44	87.00
295857988165680.44	53.00
295857988165680.44	92.00
295566502463054.19	127.00
295566502463054.19	137.00
295566502463054.19	-7.00
295566502463054.19	42.00
295566502463054.19	76.00
295566502463054.19	47.00
295275590551181.06	112.00
295275590551181.06	84.00
295275590551181.06	114.00
295275590551181.06	83.00
295275590551181.06	58.00
295275590551181.06	34.00
295275590551181.06	13.00
294985250737463.12	107.00
294985250737463.12	82.00
294985250737463.12	89.00
294985250737463.12	103.00
294985250737463.12	98.00
294985250737463.12	42.00
294695481335952.81	62.00
294695481335952.81	66.00
294695481335952.81	40.00
294695481335952.81	78.00
294695481335952.81	59.00
294695481335952.81	75.00
294406280667320.87	108.00
294406280667320.87	2.00
294406280667320.87	12.00
294406280667320.87	-21.00
294406280667320.87	90.00
294406280667320.87	21.00
294117647058823.56	73.00
294117647058823.56	15.00
294117647058823.56	113.00
294117647058823.56	25.00
294117647058823.56	94.00
294117647058823.56	98.00
293829578844270.31	53.00
293829578844270.31	1.00
293829578844270.31	60.00
293829578844270.31	54.00
293829578844270.31	100.00
293829578844270.31	0.00
293829578844270.31	-25.00
293542074363992.12	128.00
293542074363992.12	61.00
293542074363992.12	29.00
293542074363992.12	114.00
293542074363992.12	42.00
293542074363992.12	62.00
293255131964809.37	69.00
293255131964809.37	110.00
293255131964809.37	63.00
293255131964809.37	142.00
293255131964809.37	52.00
293255131964809.37	138.00
292968749999999.94	43.00
292968749999999.94	98.00
292968749999999.94	97.00
292968749999999.94	105.00
292968749999999.94	-6.00
292968749999999.94	79.00
292682926829268.25	64.00
292682926829268.25	11.00
292682926829268.25	97.00
292682926829268.25	105.00
292682926829268.25	27.00
292682926829268.25	68.00
292682926829268.25	75.00
292397660818713.44	85.00
292397660818713.44	22.00
292397660818713.44	97.00
292397660818713.44	52.00
292397660818713.44	136.00
292397660818713.44	64.00
292112950340798.44	128.00
292112950340798.44	33.00
292112950340798.44	104.00
292112950340798.44	-4.00
292112950340798.44	78.00
292112950340798.44	39.00
291828793774319.00	110.00
291828793774319.00	86.00
291828793774319.00	59.00
291828793774319.00	29.00
291828793774319.00	21.00
291828793774319.00	130.00
291545189504373.19	115.00
291545189504373.19	88.00
291545189504373.19	142.00
291545189504373.19	146.00
291545189504373.19	136.00
291545189504373.19	95.00
291545189504373.19	37.00
291262135922330.06	77.00
291262135922330.06	31.00
291262135922330.06	2.00
291262135922330.06	73.00
291262135922330.06	131.00
291262135922330.06	46.00
290979631425800.12	43.00
290979631425800.12	127.00
290979631425800.12	122.00
290979631425800.12	133.00
290979631425800.12	59.00
290979631425800.12	89.00
290697674418604.62	45.00
290697674418604.62	79.00
290697674418604.62	35.00
290697674418604.62	61.00
290697674418604.62	93.00
290697674418604.62	103.00
290416263310745.37	85.00
290416263310745.37	96.00
290416263310745.37	100.00
290416263310745.37	63.00
290416263310745.37	40.00
290416263310745.37	92.00
290416263310745.37	18.00
290135396518375.25	134.00
290135396518375.25	1.00
290135396518375.25	49.00
290135396518375.25	136.00
290135396518375.25	115.00
290135396518375.25	-10.00
289855072463768.06	25.00
