345.00	0.00
345.00	0.00
346.00	0.00
346.00	0.00
346.00	0.00
346.00	0.00
347.00	0.00
347.00	0.00
347.00	0.00
347.00	0.00
347.00	0.00
348.00	0.00
348.00	0.00
348.00	0.00
348.00	0.00
348.00	0.00
349.00	0.00
349.00	0.00
349.00	0.00
349.00	0.00
350.00	0.00
350.00	0.00
350.00	0.00
350.00	0.00
350.00	0.00
351.00	0.00
351.00	0.00
351.00	0.00
351.00	0.00
351.00	0.00
352.00	0.00
352.00	0.00
352.00	0.00
352.00	0.00
353.00	0.00
353.00	0.00
353.00	0.00
353.00	0.00
353.00	0.00
354.00	0.00
354.00	0.00
354.00	0.00
354.00	0.00
354.00	0.00
355.00	0.00
355.00	0.00
355.00	0.00
355.00	0.00
356.00	0.00
356.00	0.00
356.00	0.00
356.00	0.00
356.00	0.00
357.00	0.00
357.00	0.00
357.00	0.00
357.00	0.00
357.00	0.00
358.00	0.00
358.00	0.00
358.00	0.00
358.00	0.00
359.00	0.00
359.00	0.00
359.00	0.00
359.00	0.00
359.00	0.00
360.00	0.00
360.00	0.00
360.00	0.00
360.00	0.00
360.00	0.00
361.00	0.00
361.00	0.00
361.00	0.00
361.00	0.00
362.00	0.00
362.00	0.00
362.00	0.00
362.00	0.00
362.00	0.00
363.00	0.00
363.00	0.00
363.00	0.00
363.00	0.00
363.00	0.00
364.00	0.00
364.00	0.00
364.00	0.00
364.00	0.00
364.00	0.00
365.00	0.00
365.00	0.00
365.00	0.00
365.00	0.00
366.00	0.00
366.00	0.00
366.00	0.00
366.00	0.00
366.00	0.00
367.00	0.00
367.00	0.00
367.00	0.00
367.00	0.00
367.00	0.00
368.00	0.00
368.00	0.00
368.00	0.00
368.00	0.00
369.00	0.00
369.00	0.00
369.00	0.00
369.00	0.00
369.00	0.00
370.00	0.00
370.00	0.00
370.00	0.00
370.00	0.00
370.00	0.00
371.00	0.00
371.00	0.00
371.00	0.00
371.00	0.00
372.00	0.00
372.00	0.00
372.00	0.00
372.00	0.00
372.00	0.00
373.00	0.00
373.00	0.00
373.00	0.00
373.00	0.00
373.00	0.00
374.00	0.00
374.00	0.00
374.00	0.00
374.00	0.00
374.00	0.00
375.00	0.00
375.00	0.00
375.00	0.00
375.00	0.00
376.00	0.00
376.00	0.00
376.00	0.00
376.00	0.00
376.00	0.00
377.00	0.00
377.00	0.00
377.00	0.00
377.00	0.00
377.00	0.00
378.00	0.00
378.00	0.00
378.00	0.00
378.00	0.00
379.00	0.00
379.00	0.00
379.00	0.00
379.00	0.00
379.00	0.00
380.00	0.00
380.00	0.00
380.00	0.00
380.00	0.00
380.00	0.00
381.00	0.00
381.00	0.00
381.00	0.00
381.00	0.00
381.00	0.00
382.00	0.00
382.00	0.00
382.00	0.00
382.00	0.00
383.00	0.00
383.00	0.00
383.00	0.00
383.00	0.00
383.00	0.00
384.00	0.00
384.00	0.00
384.00	0.00
384.00	0.00
384.00	0.00
385.00	0.00
385.00	0.00
385.00	0.00
385.00	0.00
386.00	0.01
386.00	0.01
386.00	0.01
386.00	0.01
386.00	0.01
387.00	0.01
387.00	0.01
387.00	0.01
387.00	0.01
387.00	0.01
388.00	0.01
388.00	0.01
388.00	0.01
388.00	0.01
388.00	0.01
389.00	0.01
389.00	0.01
389.00	0.01
389.00	0.01
390.00	0.01
390.00	0.01
390.00	0.01
390.00	0.01
390.00	0.01
391.00	0.01
391.00	0.01
391.00	0.01
391.00	0.01
391.00	0.01
392.00	0.01
392.00	0.01
392.00	0.01
392.00	0.01
393.00	0.01
393.00	0.01
393.00	0.01
393.00	0.01
393.00	0.01
394.00	0.01
394.00	0.01
394.00	0.01
394.00	0.01
394.00	0.01
395.00	0.01
395.00	0.01
395.00	0.01
395.00	0.01
395.00	0.01
396.00	0.01
396.00	0.01
396.00	0.01
396.00	0.01
397.00	0.01
397.00	0.01
397.00	0.01
397.00	0.01
397.00	0.01
398.00	0.01
398.00	0.01
398.00	0.01
398.00	0.01
398.00	0.01
399.00	0.01
399.00	0.01
399.00	0.01
399.00	0.01
399.00	0.01
400.00	0.01
400.00	0.01
400.00	0.01
400.00	0.01
401.00	0.01
401.00	0.01
401.00	0.01
401.00	0.01
401.00	0.01
402.00	0.01
402.00	0.01
402.00	0.01
402.00	0.01
402.00	0.01
403.00	0.01
403.00	0.01
403.00	0.01
403.00	0.01
403.00	0.01
404.00	0.01
404.00	0.01
404.00	0.01
404.00	0.01
405.00	0.01
405.00	0.01
405.00	0.01
405.00	0.01
405.00	0.01
406.00	0.02
406.00	0.02
406.00	0.02
406.00	0.02
406.00	0.02
407.00	0.02
407.00	0.02
407.00	0.02
407.00	0.02
408.00	0.02
408.00	0.02
408.00	0.02
408.00	0.02
408.00	0.02
409.00	0.02
409.00	0.02
409.00	0.02
409.00	0.02
409.00	0.02
410.00	0.02
410.00	0.02
410.00	0.02
410.00	0.02
410.00	0.02
411.00	0.02
411.00	0.02
411.00	0.02
411.00	0.02
412.00	0.02
412.00	0.02
412.00	0.02
412.00	0.02
412.00	0.02
413.00	0.02
413.00	0.02
413.00	0.02
413.00	0.02
413.00	0.02
414.00	0.02
414.00	0.02
414.00	0.02
414.00	0.02
414.00	0.02
415.00	0.02
415.00	0.02
415.00	0.02
415.00	0.02
416.00	0.03
416.00	0.03
416.00	0.03
416.00	0.03
416.00	0.03
417.00	0.03
417.00	0.03
417.00	0.03
417.00	0.03
417.00	0.03
418.00	0.03
418.00	0.03
418.00	0.03
418.00	0.03
418.00	0.03
419.00	0.03
419.00	0.03
419.00	0.03
419.00	0.03
419.00	0.03
420.00	0.03
420.00	0.03
420.00	0.03
420.00	0.03
421.00	0.03
421.00	0.03
421.00	0.03
421.00	0.03
421.00	0.03
422.00	0.04
422.00	0.04
422.00	0.04
422.00	0.04
422.00	0.04
423.00	0.04
423.00	0.04
423.00	0.04
423.00	0.04
423.00	0.04
424.00	0.04
424.00	0.04
424.00	0.04
424.00	0.04
425.00	0.04
425.00	0.04
425.00	0.04
425.00	0.04
425.00	0.04
426.00	0.04
426.00	0.04
426.00	0.04
426.00	0.04
426.00	0.04
427.00	0.05
427.00	0.05
427.00	0.05
427.00	0.05
427.00	0.05
428.00	0.05
428.00	0.05
428.00	0.05
428.00	0.05
429.00	0.05
429.00	0.05
429.00	0.05
429.00	0.05
429.00	0.05
430.00	0.05
430.00	0.05
430.00	0.05
430.00	0.05
430.00	0.05
431.00	0.06
431.00	0.06
431.00	0.06
431.00	0.06
431.00	0.06
432.00	0.06
432.00	0.06
432.00	0.06
432.00	0.06
433.00	0.06
433.00	0.06
433.00	0.06
433.00	0.06
433.00	0.06
434.00	0.07
434.00	0.07
434.00	0.07
434.00	0.07
434.00	0.07
435.00	0.07
435.00	0.07
435.00	0.07
435.00	0.07
435.00	0.07
436.00	0.07
436.00	0.07
436.00	0.07
436.00	0.07
436.00	0.07
437.00	0.08
437.00	0.08
437.00	0.08
437.00	0.08
438.00	0.08
438.00	0.08
438.00	0.08
438.00	0.08
438.00	0.08
439.00	0.08
439.00	0.08
439.00	0.08
439.00	0.08
439.00	0.08
440.00	0.09
440.00	0.09
440.00	0.09
440.00	0.09
440.00	0.09
441.00	0.09
441.00	0.09
441.00	0.09
441.00	0.09
441.00	0.09
442.00	0.10
442.00	0.10
442.00	0.10
442.00	0.10
443.00	0.10
443.00	0.10
443.00	0.10
443.00	0.10
443.00	0.10
444.00	0.11
444.00	0.11
444.00	0.11
444.00	0.11
444.00	0.11
445.00	0.11
445.00	0.11
445.00	0.11
445.00	0.11
445.00	0.11
446.00	0.12
446.00	0.12
446.00	0.12
446.00	0.12
447.00	0.12
447.00	0.12
447.00	0.12
447.00	0.12
447.00	0.12
448.00	0.13
448.00	0.13
448.00	0.13
448.00	0.13
448.00	0.13
449.00	0.14
449.00	0.14
449.00	0.14
449.00	0.14
449.00	0.14
450.00	0.14
450.00	0.14
450.00	0.14
450.00	0.14
450.00	0.14
451.00	0.15
451.00	0.15
451.00	0.15
451.00	0.15
452.00	0.16
452.00	0.16
452.00	0.16
452.00	0.16
452.00	0.16
453.00	0.16
453.00	0.16
453.00	0.16
453.00	0.16
453.00	0.16
454.00	0.17
454.00	0.17
454.00	0.17
454.00	0.17
454.00	0.17
455.00	0.18
455.00	0.18
455.00	0.18
455.00	0.18
455.00	0.18
456.00	0.19
456.00	0.19
456.00	0.19
456.00	0.19
456.00	0.19
457.00	0.20
457.00	0.20
457.00	0.20
457.00	0.20
458.00	0.21
458.00	0.21
458.00	0.21
458.00	0.21
458.00	0.21
459.00	0.22
459.00	0.22
459.00	0.22
459.00	0.22
459.00	0.22
460.00	0.23
460.00	0.23
460.00	0.23
460.00	0.23
460.00	0.23
461.00	0.24
461.00	0.24
461.00	0.24
461.00	0.24
461.00	0.24
462.00	0.25
462.00	0.25
462.00	0.25
462.00	0.25
463.00	0.26
463.00	0.26
463.00	0.26
463.00	0.26
463.00	0.26
464.00	0.27
464.00	0.27
464.00	0.27
464.00	0.27
464.00	0.27
465.00	0.29
465.00	0.29
465.00	0.29
465.00	0.29
465.00	0.29
466.00	0.30
466.00	0.30
466.00	0.30
466.00	0.30
466.00	0.30
467.00	0.31
467.00	0.31
467.00	0.31
467.00	0.31
468.00	0.33
468.00	0.33
468.00	0.33
468.00	0.33
468.00	0.33
469.00	0.34
469.00	0.34
469.00	0.34
469.00	0.34
469.00	0.34
470.00	0.36
470.00	0.36
470.00	0.36
470.00	0.36
470.00	0.36
471.00	0.37
471.00	0.37
471.00	0.37
471.00	0.37
471.00	0.37
472.00	0.39
472.00	0.39
472.00	0.39
472.00	0.39
472.00	0.39
473.00	0.41
473.00	0.41
473.00	0.41
473.00	0.41
474.00	0.43
474.00	0.43
474.00	0.43
474.00	0.43
474.00	0.43
475.00	0.45
475.00	0.45
475.00	0.45
475.00	0.45
475.00	0.45
476.00	0.47
476.00	0.47
476.00	0.47
476.00	0.47
476.00	0.47
477.00	0.49
477.00	0.49
477.00	0.49
477.00	0.49
477.00	0.49
478.00	0.51
478.00	0.51
478.00	0.51
478.00	0.51
478.00	0.51
479.00	0.53
479.00	0.53
479.00	0.53
479.00	0.53
480.00	0.56
480.00	0.56
480.00	0.56
480.00	0.56
480.00	0.56
481.00	0.58
481.00	0.58
481.00	0.58
481.00	0.58
481.00	0.58
482.00	0.61
482.00	0.61
482.00	0.61
482.00	0.61
482.00	0.61
483.00	0.64
483.00	0.64
483.00	0.64
483.00	0.64
483.00	0.64
484.00	0.67
484.00	0.67
484.00	0.67
484.00	0.67
484.00	0.67
485.00	0.69
485.00	0.69
485.00	0.69
485.00	0.69
485.00	0.69
486.00	0.73
486.00	0.73
486.00	0.73
486.00	0.73
487.00	0.76
487.00	0.76
487.00	0.76
487.00	0.76
487.00	0.76
488.00	0.79
488.00	0.79
488.00	0.79
488.00	0.79
488.00	0.79
489.00	0.83
489.00	0.83
489.00	0.83
489.00	0.83
489.00	0.83
490.00	0.86
490.00	0.86
490.00	0.86
490.00	0.86
490.00	0.86
491.00	0.90
491.00	0.90
491.00	0.90
491.00	0.90
491.00	0.90
492.00	0.94
492.00	0.94
492.00	0.94
492.00	0.94
492.00	0.94
493.00	0.98
493.00	0.98
493.00	0.98
493.00	0.98
494.00	1.02
494.00	1.02
494.00	1.02
494.00	1.02
494.00	1.02
495.00	1.06
495.00	1.06
495.00	1.06
495.00	1.06
495.00	1.06
496.00	1.11
496.00	1.11
496.00	1.11
496.00	1.11
496.00	1.11
497.00	1.16
497.00	1.16
497.00	1.16
497.00	1.16
497.00	1.16
498.00	1.21
498.00	1.21
498.00	1.21
498.00	1.21
498.00	1.21
499.00	1.26
499.00	1.26
499.00	1.26
499.00	1.26
499.00	1.26
500.00	1.31
500.00	1.31
500.00	1.31
500.00	1.31
501.00	1.37
501.00	1.37
501.00	1.37
501.00	1.37
501.00	1.37
502.00	1.42
502.00	1.42
502.00	1.42
502.00	1.42
502.00	1.42
503.00	1.48
503.00	1.48
503.00	1.48
503.00	1.48
503.00	1.48
504.00	1.55
504.00	1.55
504.00	1.55
504.00	1.55
504.00	1.55
505.00	1.61
505.00	1.61
505.00	1.61
505.00	1.61
505.00	1.61
506.00	1.68
506.00	1.68
506.00	1.68
506.00	1.68
506.00	1.68
507.00	1.75
507.00	1.75
507.00	1.75
507.00	1.75
507.00	1.75
508.00	1.82
508.00	1.82
508.00	1.82
508.00	1.82
509.00	1.89
509.00	1.89
509.00	1.89
509.00	1.89
509.00	1.89
510.00	1.97
510.00	1.97
510.00	1.97
510.00	1.97
510.00	1.97
511.00	2.05
511.00	2.05
511.00	2.05
511.00	2.05
511.00	2.05
512.00	2.14
512.00	2.14
512.00	2.14
512.00	2.14
512.00	2.14
513.00	2.22
513.00	2.22
513.00	2.22
513.00	2.22
513.00	2.22
514.00	2.31
514.00	2.31
514.00	2.31
514.00	2.31
514.00	2.31
515.00	2.41
515.00	2.41
515.00	2.41
515.00	2.41
515.00	2.41
516.00	2.50
516.00	2.50
516.00	2.50
516.00	2.50
516.00	2.50
517.00	2.60
517.00	2.60
517.00	2.60
517.00	2.60
518.00	2.71
518.00	2.71
518.00	2.71
518.00	2.71
518.00	2.71
519.00	2.82
519.00	2.82
519.00	2.82
519.00	2.82
519.00	2.82
520.00	2.93
520.00	2.93
520.00	2.93
520.00	2.93
520.00	2.93
521.00	3.05
521.00	3.05
521.00	3.05
521.00	3.05
521.00	3.05
522.00	3.17
522.00	3.17
522.00	3.17
522.00	3.17
522.00	3.17
523.00	3.29
523.00	3.29
523.00	3.29
523.00	3.29
523.00	3.29
524.00	3.42
524.00	3.42
524.00	3.42
524.00	3.42
524.00	3.42
525.00	3.55
525.00	3.55
525.00	3.55
525.00	3.55
525.00	3.55
526.00	3.69
526.00	3.69
526.00	3.69
526.00	3.69
526.00	3.69
527.00	3.84
527.00	3.84
527.00	3.84
527.00	3.84
528.00	3.99
528.00	3.99
528.00	3.99
528.00	3.99
528.00	3.99
529.00	4.14
529.00	4.14
529.00	4.14
529.00	4.14
529.00	4.14
530.00	4.30
530.00	4.30
530.00	4.30
530.00	4.30
530.00	4.30
531.00	4.46
531.00	4.46
531.00	4.46
531.00	4.46
531.00	4.46
532.00	4.63
532.00	4.63
532.00	4.63
532.00	4.63
532.00	4.63
533.00	4.81
533.00	4.81
533.00	4.81
533.00	4.81
533.00	4.81
534.00	4.99
534.00	4.99
534.00	4.99
534.00	4.99
534.00	4.99
535.00	5.18
535.00	5.18
535.00	5.18
535.00	5.18
535.00	5.18
536.00	5.38
536.00	5.38
536.00	5.38
536.00	5.38
536.00	5.38
537.00	5.58
537.00	5.58
537.00	5.58
537.00	5.58
537.00	5.58
538.00	5.79
538.00	5.79
538.00	5.79
538.00	5.79
538.00	5.79
539.00	6.01
539.00	6.01
539.00	6.01
539.00	6.01
539.00	6.01
540.00	6.23
540.00	6.23
540.00	6.23
540.00	6.23
541.00	6.46
541.00	6.46
541.00	6.46
541.00	6.46
541.00	6.46
542.00	6.70
542.00	6.70
542.00	6.70
542.00	6.70
542.00	6.70
543.00	6.95
543.00	6.95
543.00	6.95
543.00	6.95
543.00	6.95
544.00	7.20
544.00	7.20
544.00	7.20
544.00	7.20
544.00	7.20
545.00	7.47
545.00	7.47
545.00	7.47
545.00	7.47
545.00	7.47
546.00	7.74
546.00	7.74
546.00	7.74
546.00	7.74
546.00	7.74
547.00	8.02
547.00	8.02
547.00	8.02
547.00	8.02
547.00	8.02
548.00	8.31
548.00	8.31
548.00	8.31
548.00	8.31
548.00	8.31
549.00	8.61
549.00	8.61
549.00	8.61
549.00	8.61
549.00	8.61
550.00	8.92
550.00	8.92
550.00	8.92
550.00	8.92
550.00	8.92
551.00	9.24
551.00	9.24
551.00	9.24
551.00	9.24
551.00	9.24
552.00	9.57
552.00	9.57
552.00	9.57
552.00	9.57
552.00	9.57
553.00	9.91
553.00	9.91
553.00	9.91
553.00	9.91
553.00	9.91
554.00	10.26
554.00	10.26
554.00	10.26
554.00	10.26
554.00	10.26
555.00	10.63
555.00	10.63
555.00	10.63
555.00	10.63
555.00	10.63
556.00	11.00
556.00	11.00
556.00	11.00
556.00	11.00
556.00	11.00
557.00	11.39
557.00	11.39
557.00	11.39
557.00	11.39
558.00	11.78
558.00	11.78
558.00	11.78
558.00	11.78
558.00	11.78
559.00	12.20
559.00	12.20
559.00	12.20
559.00	12.20
559.00	12.20
560.00	12.62
560.00	12.62
560.00	12.62
560.00	12.62
560.00	12.62
561.00	13.05
561.00	13.05
561.00	13.05
561.00	13.05
561.00	13.05
562.00	13.50
562.00	13.50
562.00	13.50
562.00	13.50
562.00	13.50
563.00	13.97
563.00	13.97
563.00	13.97
563.00	13.97
563.00	13.97
564.00	14.45
564.00	14.45
564.00	14.45
564.00	14.45
564.00	14.45
565.00	14.94
565.00	14.94
565.00	14.94
565.00	14.94
565.00	14.94
566.00	15.44
566.00	15.44
566.00	15.44
566.00	15.44
566.00	15.44
567.00	15.97
567.00	15.97
567.00	15.97
567.00	15.97
567.00	15.97
568.00	16.50
568.00	16.50
568.00	16.50
568.00	16.50
568.00	16.50
569.00	17.06
569.00	17.06
569.00	17.06
569.00	17.06
569.00	17.06
570.00	17.63
570.00	17.63
570.00	17.63
570.00	17.63
570.00	17.63
571.00	18.22
571.00	18.22
571.00	18.22
571.00	18.22
571.00	18.22
572.00	18.82
572.00	18.82
572.00	18.82
572.00	18.82
572.00	18.82
573.00	19.44
573.00	19.44
573.00	19.44
573.00	19.44
573.00	19.44
574.00	20.08
574.00	20.08
574.00	20.08
574.00	20.08
574.00	20.08
575.00	20.74
575.00	20.74
575.00	20.74
575.00	20.74
575.00	20.74
576.00	21.42
576.00	21.42
576.00	21.42
576.00	21.42
576.00	21.42
577.00	22.12
577.00	22.12
577.00	22.12
577.00	22.12
577.00	22.12
578.00	22.83
578.00	22.83
578.00	22.83
578.00	22.83
578.00	22.83
579.00	23.57
579.00	23.57
579.00	23.57
579.00	23.57
579.00	23.57
580.00	24.33
580.00	24.33
580.00	24.33
580.00	24.33
580.00	24.33
581.00	25.11
581.00	25.11
581.00	25.11
581.00	25.11
581.00	25.11
582.00	25.91
582.00	25.91
582.00	25.91
582.00	25.91
582.00	25.91
583.00	26.73
583.00	26.73
583.00	26.73
583.00	26.73
583.00	26.73
584.00	27.58
584.00	27.58
584.00	27.58
584.00	27.58
584.00	27.58
585.00	28.45
585.00	28.45
585.00	28.45
585.00	28.45
585.00	28.45
586.00	29.34
586.00	29.34
586.00	29.34
586.00	29.34
586.00	29.34
587.00	30.26
587.00	30.26
587.00	30.26
587.00	30.26
587.00	30.26
588.00	31.20
588.00	31.20
588.00	31.20
588.00	31.20
588.00	31.20
589.00	32.17
589.00	32.17
589.00	32.17
589.00	32.17
589.00	32.17
590.00	33.16
590.00	33.16
590.00	33.16
590.00	33.16
590.00	33.16
591.00	34.18
591.00	34.18
591.00	34.18
591.00	34.18
591.00	34.18
592.00	35.23
592.00	35.23
592.00	35.23
592.00	35.23
592.00	35.23
593.00	36.30
593.00	36.30
593.00	36.30
593.00	36.30
593.00	36.30
594.00	37.41
594.00	37.41
594.00	37.41
594.00	37.41
594.00	37.41
595.00	38.54
595.00	38.54
595.00	38.54
595.00	38.54
595.00	38.54
596.00	39.70
596.00	39.70
596.00	39.70
596.00	39.70
596.00	39.70
597.00	40.89
597.00	40.89
597.00	40.89
597.00	40.89
597.00	40.89
598.00	42.11
598.00	42.11
598.00	42.11
598.00	42.11
598.00	42.11
599.00	43.37
599.00	43.37
599.00	43.37
599.00	43.37
599.00	43.37
600.00	44.65
600.00	44.65
600.00	44.65
600.00	44.65
600.00	44.65
601.00	45.97
601.00	45.97
601.00	45.97
601.00	45.97
601.00	45.97
602.00	47.32
602.00	47.32
602.00	47.32
602.00	47.32
602.00	47.32
603.00	48.70
603.00	48.70
603.00	48.70
603.00	48.70
603.00	48.70
604.00	50.12
604.00	50.12
604.00	50.12
604.00	50.12
604.00	50.12
605.00	51.57
605.00	51.57
605.00	51.57
605.00	51.57
605.00	51.57
606.00	53.06
606.00	53.06
606.00	53.06
606.00	53.06
606.00	53.06
607.00	54.59
607.00	54.59
607.00	54.59
607.00	54.59
607.00	54.59
608.00	56.15
608.00	56.15
608.00	56.15
608.00	56.15
608.00	56.15
608.00	56.15
609.00	57.75
609.00	57.75
609.00	57.75
609.00	57.75
609.00	57.75
610.00	59.39
610.00	59.39
610.00	59.39
610.00	59.39
610.00	59.39
611.00	61.07
611.00	61.07
611.00	61.07
611.00	61.07
611.00	61.07
612.00	62.78
612.00	62.78
612.00	62.78
612.00	62.78
612.00	62.78
613.00	64.54
613.00	64.54
613.00	64.54
613.00	64.54
613.00	64.54
614.00	66.34
614.00	66.34
614.00	66.34
614.00	66.34
614.00	66.34
615.00	68.18
615.00	68.18
615.00	68.18
615.00	68.18
615.00	68.18
616.00	70.06
616.00	70.06
616.00	70.06
616.00	70.06
616.00	70.06
617.00	71.98
617.00	71.98
617.00	71.98
617.00	71.98
617.00	71.98
618.00	73.95
618.00	73.95
618.00	73.95
618.00	73.95
618.00	73.95
619.00	75.96
619.00	75.96
619.00	75.96
619.00	75.96
619.00	75.96
620.00	78.02
620.00	78.02
620.00	78.02
620.00	78.02
620.00	78.02
621.00	80.13
621.00	80.13
621.00	80.13
621.00	80.13
621.00	80.13
622.00	82.28
622.00	82.28
622.00	82.28
622.00	82.28
622.00	82.28
623.00	84.48
623.00	84.48
623.00	84.48
623.00	84.48
623.00	84.48
624.00	86.72
624.00	86.72
624.00	86.72
624.00	86.72
624.00	86.72
625.00	89.02
625.00	89.02
625.00	89.02
625.00	89.02
625.00	89.02
625.00	89.02
626.00	91.36
626.00	91.36
626.00	91.36
626.00	91.36
626.00	91.36
627.00	93.76
627.00	93.76
627.00	93.76
627.00	93.76
627.00	93.76
628.00	96.20
628.00	96.20
628.00	96.20
628.00	96.20
628.00	96.20
629.00	98.70
629.00	98.70
629.00	98.70
629.00	98.70
629.00	98.70
630.00	101.25
630.00	101.25
630.00	101.25
630.00	101.25
630.00	101.25
631.00	103.86
631.00	103.86
631.00	103.86
631.00	103.86
631.00	103.86
632.00	106.51
632.00	106.51
632.00	106.51
632.00	106.51
632.00	106.51
633.00	109.22
633.00	109.22
633.00	109.22
633.00	109.22
633.00	109.22
634.00	111.99
634.00	111.99
634.00	111.99
634.00	111.99
634.00	111.99
635.00	114.81
635.00	114.81
635.00	114.81
635.00	114.81
635.00	114.81
636.00	117.69
636.00	117.69
636.00	117.69
636.00	117.69
636.00	117.69
637.00	120.63
637.00	120.63
637.00	120.63
637.00	120.63
637.00	120.63
637.00	120.63
638.00	123.63
638.00	123.63
638.00	123.63
638.00	123.63
638.00	123.63
639.00	126.68
639.00	126.68
639.00	126.68
639.00	126.68
639.00	126.68
640.00	129.79
640.00	129.79
640.00	129.79
640.00	129.79
640.00	129.79
641.00	132.97
641.00	132.97
641.00	132.97
641.00	132.97
641.00	132.97
642.00	136.20
642.00	136.20
642.00	136.20
642.00	136.20
642.00	136.20
643.00	139.50
643.00	139.50
643.00	139.50
643.00	139.50
643.00	139.50
644.00	142.85
644.00	142.85
644.00	142.85
644.00	142.85
644.00	142.85
645.00	146.27
645.00	146.27
645.00	146.27
645.00	146.27
645.00	146.27
646.00	149.76
646.00	149.76
646.00	149.76
646.00	149.76
646.00	149.76
646.00	149.76
647.00	153.31
647.00	153.31
647.00	153.31
647.00	153.31
647.00	153.31
648.00	156.92
648.00	156.92
648.00	156.92
648.00	156.92
648.00	156.92
649.00	160.60
649.00	160.60
649.00	160.60
649.00	160.60
649.00	160.60
650.00	164.34
650.00	164.34
650.00	164.34
650.00	164.34
650.00	164.34
651.00	168.16
651.00	168.16
651.00	168.16
651.00	168.16
651.00	168.16
652.00	172.03
652.00	172.03
652.00	172.03
652.00	172.03
652.00	172.03
653.00	175.98
653.00	175.98
653.00	175.98
653.00	175.98
653.00	175.98
654.00	180.00
654.00	180.00
654.00	180.00
654.00	180.00
654.00	180.00
654.00	180.00
655.00	184.08
655.00	184.08
655.00	184.08
655.00	184.08
655.00	184.08
656.00	188.23
656.00	188.23
656.00	188.23
656.00	188.23
656.00	188.23
657.00	192.46
657.00	192.46
657.00	192.46
657.00	192.46
657.00	192.46
658.00	196.75
658.00	196.75
658.00	196.75
658.00	196.75
658.00	196.75
659.00	201.12
659.00	201.12
659.00	201.12
659.00	201.12
659.00	201.12
660.00	205.55
660.00	205.55
660.00	205.55
660.00	205.55
660.00	205.55
661.00	210.06
661.00	210.06
661.00	210.06
661.00	210.06
661.00	210.06
662.00	214.64
662.00	214.64
662.00	214.64
662.00	214.64
662.00	214.64
662.00	214.64
663.00	219.30
663.00	219.30
663.00	219.30
663.00	219.30
663.00	219.30
664.00	224.02
664.00	224.02
664.00	224.02
664.00	224.02
664.00	224.02
665.00	228.82
665.00	228.82
665.00	228.82
665.00	228.82
665.00	228.82
666.00	233.70
666.00	233.70
666.00	233.70
666.00	233.70
666.00	233.70
667.00	238.65
667.00	238.65
667.00	238.65
667.00	238.65
667.00	238.65
668.00	243.67
668.00	243.67
668.00	243.67
668.00	243.67
668.00	243.67
668.00	243.67
669.00	248.77
669.00	248.77
669.00	248.77
669.00	248.77
669.00	248.77
670.00	253.95
670.00	253.95
670.00	253.95
670.00	253.95
670.00	253.95
671.00	259.20
671.00	259.20
671.00	259.20
671.00	259.20
671.00	259.20
672.00	264.53
672.00	264.53
672.00	264.53
672.00	264.53
672.00	264.53
673.00	269.93
673.00	269.93
673.00	269.93
673.00	269.93
673.00	269.93
674.00	275.41
674.00	275.41
674.00	275.41
674.00	275.41
674.00	275.41
674.00	275.41
675.00	280.97
675.00	280.97
675.00	280.97
675.00	280.97
675.00	280.97
676.00	286.60
676.00	286.60
676.00	286.60
676.00	286.60
676.00	286.60
677.00	292.32
677.00	292.32
677.00	292.32
677.00	292.32
677.00	292.32
678.00	298.10
678.00	298.10
678.00	298.10
678.00	298.10
678.00	298.10
679.00	303.97
679.00	303.97
679.00	303.97
679.00	303.97
679.00	303.97
680.00	309.91
680.00	309.91
680.00	309.91
680.00	309.91
680.00	309.91
680.00	309.91
681.00	315.93
681.00	315.93
681.00	315.93
681.00	315.93
681.00	315.93
682.00	322.03
682.00	322.03
682.00	322.03
682.00	322.03
682.00	322.03
683.00	328.20
683.00	328.20
683.00	328.20
683.00	328.20
683.00	328.20
684.00	334.46
684.00	334.46
684.00	334.46
684.00	334.46
684.00	334.46
685.00	340.78
685.00	340.78
685.00	340.78
685.00	340.78
685.00	340.78
686.00	347.19
686.00	347.19
686.00	347.19
686.00	347.19
686.00	347.19
686.00	347.19
687.00	353.67
687.00	353.67
687.00	353.67
687.00	353.67
687.00	353.67
688.00	360.23
688.00	360.23
688.00	360.23
688.00	360.23
688.00	360.23
689.00	366.87
689.00	366.87
689.00	366.87
689.00	366.87
689.00	366.87
690.00	373.58
690.00	373.58
690.00	373.58
690.00	373.58
690.00	373.58
691.00	380.37
691.00	380.37
691.00	380.37
691.00	380.37
691.00	380.37
691.00	380.37
692.00	387.24
692.00	387.24
692.00	387.24
692.00	387.24
692.00	387.24
693.00	394.18
693.00	394.18
693.00	394.18
693.00	394.18
693.00	394.18
694.00	401.19
694.00	401.19
694.00	401.19
694.00	401.19
694.00	401.19
695.00	408.28
695.00	408.28
695.00	408.28
695.00	408.28
695.00	408.28
695.00	408.28
696.00	415.45
696.00	415.45
696.00	415.45
696.00	415.45
696.00	415.45
697.00	422.68
697.00	422.68
697.00	422.68
697.00	422.68
697.00	422.68
698.00	430.00
698.00	430.00
698.00	430.00
698.00	430.00
698.00	430.00
699.00	437.38
699.00	437.38
699.00	437.38
699.00	437.38
699.00	437.38
700.00	444.83
700.00	444.83
700.00	444.83
700.00	444.83
700.00	444.83
700.00	444.83
701.00	452.36
701.00	452.36
701.00	452.36
701.00	452.36
701.00	452.36
702.00	459.96
702.00	459.96
702.00	459.96
702.00	459.96
702.00	459.96
703.00	467.63
703.00	467.63
703.00	467.63
703.00	467.63
703.00	467.63
704.00	475.37
704.00	475.37
704.00	475.37
704.00	475.37
704.00	475.37
704.00	475.37
705.00	483.17
705.00	483.17
705.00	483.17
705.00	483.17
705.00	483.17
706.00	491.05
706.00	491.05
706.00	491.05
706.00	491.05
706.00	491.05
707.00	498.99
707.00	498.99
707.00	498.99
707.00	498.99
707.00	498.99
708.00	506.99
708.00	506.99
708.00	506.99
708.00	506.99
708.00	506.99
709.00	515.07
709.00	515.07
709.00	515.07
709.00	515.07
709.00	515.07
709.00	515.07
710.00	523.20
710.00	523.20
710.00	523.20
710.00	523.20
710.00	523.20
711.00	531.40
711.00	531.40
711.00	531.40
711.00	531.40
711.00	531.40
712.00	539.67
712.00	539.67
712.00	539.67
712.00	539.67
712.00	539.67
713.00	547.99
713.00	547.99
713.00	547.99
713.00	547.99
713.00	547.99
713.00	547.99
714.00	556.37
714.00	556.37
714.00	556.37
714.00	556.37
714.00	556.37
715.00	564.81
715.00	564.81
715.00	564.81
715.00	564.81
715.00	564.81
716.00	573.31
716.00	573.31
716.00	573.31
716.00	573.31
716.00	573.31
717.00	581.87
717.00	581.87
717.00	581.87
717.00	581.87
717.00	581.87
717.00	581.87
718.00	590.48
718.00	590.48
718.00	590.48
718.00	590.48
718.00	590.48
719.00	599.14
719.00	599.14
719.00	599.14
719.00	599.14
719.00	599.14
720.00	607.86
720.00	607.86
720.00	607.86
720.00	607.86
720.00	607.86
720.00	607.86
721.00	616.63
721.00	616.63
721.00	616.63
721.00	616.63
721.00	616.63
722.00	625.45
722.00	625.45
722.00	625.45
722.00	625.45
722.00	625.45
723.00	634.31
723.00	634.31
723.00	634.31
723.00	634.31
723.00	634.31
724.00	643.23
724.00	643.23
724.00	643.23
724.00	643.23
724.00	643.23
724.00	643.23
725.00	652.18
725.00	652.18
725.00	652.18
725.00	652.18
725.00	652.18
726.00	661.18
726.00	661.18
726.00	661.18
726.00	661.18
726.00	661.18
727.00	670.23
727.00	670.23
727.00	670.23
727.00	670.23
727.00	670.23
728.00	679.31
728.00	679.31
728.00	679.31
728.00	679.31
728.00	679.31
728.00	679.31
729.00	688.43
729.00	688.43
729.00	688.43
729.00	688.43
729.00	688.43
730.00	697.59
730.00	697.59
730.00	697.59
730.00	697.59
730.00	697.59
731.00	706.78
731.00	706.78
731.00	706.78
731.00	706.78
731.00	706.78
731.00	706.78
732.00	716.01
732.00	716.01
732.00	716.01
732.00	716.01
732.00	716.01
733.00	725.26
733.00	725.26
733.00	725.26
733.00	725.26
733.00	725.26
734.00	734.55
734.00	734.55
734.00	734.55
734.00	734.55
734.00	734.55
735.00	743.87
735.00	743.87
735.00	743.87
735.00	743.87
735.00	743.87
735.00	743.87
736.00	753.21
736.00	753.21
736.00	753.21
736.00	753.21
736.00	753.21
737.00	762.57
737.00	762.57
737.00	762.57
737.00	762.57
737.00	762.57
738.00	771.95
738.00	771.95
738.00	771.95
738.00	771.95
738.00	771.95
738.00	771.95
739.00	781.36
739.00	781.36
739.00	781.36
739.00	781.36
739.00	781.36
740.00	790.78
740.00	790.78
740.00	790.78
740.00	790.78
740.00	790.78
741.00	800.22
741.00	800.22
741.00	800.22
741.00	800.22
741.00	800.22
741.00	800.22
742.00	809.67
742.00	809.67
742.00	809.67
742.00	809.67
742.00	809.67
743.00	819.13
743.00	819.13
743.00	819.13
743.00	819.13
743.00	819.13
744.00	828.60
744.00	828.60
744.00	828.60
744.00	828.60
744.00	828.60
744.00	828.60
745.00	838.07
745.00	838.07
745.00	838.07
745.00	838.07
745.00	838.07
746.00	847.55
746.00	847.55
746.00	847.55
746.00	847.55
746.00	847.55
747.00	857.03
747.00	857.03
747.00	857.03
747.00	857.03
747.00	857.03
747.00	857.03
748.00	866.51
748.00	866.51
748.00	866.51
748.00	866.51
748.00	866.51
749.00	875.99
749.00	875.99
749.00	875.99
749.00	875.99
749.00	875.99
750.00	885.47
750.00	885.47
750.00	885.47
750.00	885.47
750.00	885.47
750.00	885.47
751.00	894.93
751.00	894.93
751.00	894.93
751.00	894.93
751.00	894.93
752.00	904.39
752.00	904.39
752.00	904.39
752.00	904.39
752.00	904.39
753.00	913.83
753.00	913.83
753.00	913.83
753.00	913.83
753.00	913.83
753.00	913.83
754.00	923.26
754.00	923.26
754.00	923.26
754.00	923.26
754.00	923.26
755.00	932.67
755.00	932.67
755.00	932.67
755.00	932.67
755.00	932.67
756.00	942.06
756.00	942.06
756.00	942.06
756.00	942.06
756.00	942.06
756.00	942.06
757.00	951.43
757.00	951.43
757.00	951.43
757.00	951.43
757.00	951.43
758.00	960.77
758.00	960.77
758.00	960.77
758.00	960.77
758.00	960.77
759.00	970.09
759.00	970.09
759.00	970.09
759.00	970.09
759.00	970.09
759.00	970.09
760.00	979.38
760.00	979.38
760.00	979.38
760.00	979.38
760.00	979.38
761.00	988.63
761.00	988.63
761.00	988.63
761.00	988.63
761.00	988.63
762.00	997.85
762.00	997.85
762.00	997.85
762.00	997.85
762.00	997.85
762.00	997.85
763.00	1007.03
763.00	1007.03
763.00	1007.03
763.00	1007.03
763.00	1007.03
764.00	1016.17
764.00	1016.17
764.00	1016.17
764.00	1016.17
764.00	1016.17
765.00	1025.27
765.00	1025.27
765.00	1025.27
765.00	1025.27
765.00	1025.27
765.00	1025.27
766.00	1034.32
766.00	1034.32
766.00	1034.32
766.00	1034.32
766.00	1034.32
767.00	1043.32
767.00	1043.32
767.00	1043.32
767.00	1043.32
767.00	1043.32
767.00	1043.32
768.00	1052.27
768.00	1052.27
768.00	1052.27
768.00	1052.27
768.00	1052.27
769.00	1061.17
769.00	1061.17
769.00	1061.17
769.00	1061.17
769.00	1061.17
770.00	1070.01
770.00	1070.01
770.00	1070.01
770.00	1070.01
770.00	1070.01
770.00	1070.01
771.00	1078.80
771.00	1078.80
771.00	1078.80
771.00	1078.80
771.00	1078.80
772.00	1087.52
772.00	1087.52
772.00	1087.52
772.00	1087.52
772.00	1087.52
772.00	1087.52
773.00	1096.18
773.00	1096.18
773.00	1096.18
773.00	1096.18
773.00	1096.18
774.00	1104.77
774.00	1104.77
774.00	1104.77
774.00	1104.77
774.00	1104.77
775.00	1113.29
775.00	1113.29
775.00	1113.29
775.00	1113.29
775.00	1113.29
775.00	1113.29
776.00	1121.74
776.00	1121.74
776.00	1121.74
776.00	1121.74
776.00	1121.74
777.00	1130.11
777.00	1130.11
777.00	1130.11
777.00	1130.11
777.00	1130.11
777.00	1130.11
778.00	1138.41
778.00	1138.41
778.00	1138.41
778.00	1138.41
778.00	1138.41
779.00	1146.62
779.00	1146.62
779.00	1146.62
779.00	1146.62
779.00	1146.62
780.00	1154.76
780.00	1154.76
780.00	1154.76
780.00	1154.76
780.00	1154.76
780.00	1154.76
781.00	1162.80
781.00	1162.80
781.00	1162.80
781.00	1162.80
781.00	1162.80
782.00	1170.76
782.00	1170.76
782.00	1170.76
782.00	1170.76
782.00	1170.76
782.00	1170.76
783.00	1178.63
783.00	1178.63
783.00	1178.63
783.00	1178.63
783.00	1178.63
784.00	1186.41
784.00	1186.41
784.00	1186.41
784.00	1186.41
784.00	1186.41
785.00	1194.09
785.00	1194.09
785.00	1194.09
785.00	1194.09
785.00	1194.09
785.00	1194.09
786.00	1201.68
786.00	1201.68
786.00	1201.68
786.00	1201.68
786.00	1201.68
787.00	1209.16
787.00	1209.16
787.00	1209.16
787.00	1209.16
787.00	1209.16
787.00	1209.16
788.00	1216.54
788.00	1216.54
788.00	1216.54
788.00	1216.54
788.00	1216.54
789.00	1223.82
789.00	1223.82
789.00	1223.82
789.00	1223.82
789.00	1223.82
789.00	1223.82
790.00	1230.98
790.00	1230.98
790.00	1230.98
790.00	1230.98
790.00	1230.98
791.00	1238.04
791.00	1238.04
791.00	1238.04
791.00	1238.04
791.00	1238.04
792.00	1244.98
792.00	1244.98
792.00	1244.98
792.00	1244.98
792.00	1244.98
792.00	1244.98
793.00	1251.81
793.00	1251.81
793.00	1251.81
793.00	1251.81
793.00	1251.81
794.00	1258.52
794.00	1258.52
794.00	1258.52
794.00	1258.52
794.00	1258.52
794.00	1258.52
795.00	1265.12
795.00	1265.12
795.00	1265.12
795.00	1265.12
795.00	1265.12
796.00	1271.59
796.00	1271.59
796.00	1271.59
796.00	1271.59
796.00	1271.59
796.00	1271.59
797.00	1277.93
797.00	1277.93
797.00	1277.93
797.00	1277.93
797.00	1277.93
798.00	1284.16
798.00	1284.16
798.00	1284.16
798.00	1284.16
798.00	1284.16
798.00	1284.16
799.00	1290.25
799.00	1290.25
799.00	1290.25
799.00	1290.25
799.00	1290.25
800.00	1296.21
800.00	1296.21
800.00	1296.21
800.00	1296.21
800.00	1296.21
801.00	1302.04
801.00	1302.04
801.00	1302.04
801.00	1302.04
801.00	1302.04
801.00	1302.04
802.00	1307.73
802.00	1307.73
802.00	1307.73
802.00	1307.73
802.00	1307.73
803.00	1313.29
803.00	1313.29
803.00	1313.29
803.00	1313.29
803.00	1313.29
803.00	1313.29
804.00	1318.71
804.00	1318.71
804.00	1318.71
804.00	1318.71
804.00	1318.71
805.00	1323.99
805.00	1323.99
805.00	1323.99
805.00	1323.99
805.00	1323.99
805.00	1323.99
806.00	1329.13
806.00	1329.13
806.00	1329.13
806.00	1329.13
806.00	1329.13
807.00	1334.12
807.00	1334.12
807.00	1334.12
807.00	1334.12
807.00	1334.12
807.00	1334.12
808.00	1338.97
808.00	1338.97
808.00	1338.97
808.00	1338.97
808.00	1338.97
809.00	1343.66
809.00	1343.66
809.00	1343.66
809.00	1343.66
809.00	1343.66
809.00	1343.66
810.00	1348.22
810.00	1348.22
810.00	1348.22
810.00	1348.22
810.00	1348.22
811.00	1352.61
811.00	1352.61
811.00	1352.61
811.00	1352.61
811.00	1352.61
811.00	1352.61
812.00	1356.86
812.00	1356.86
812.00	1356.86
812.00	1356.86
812.00	1356.86
813.00	1360.95
813.00	1360.95
813.00	1360.95
813.00	1360.95
813.00	1360.95
813.00	1360.95
814.00	1364.89
814.00	1364.89
814.00	1364.89
814.00	1364.89
814.00	1364.89
815.00	1368.67
815.00	1368.67
815.00	1368.67
815.00	1368.67
815.00	1368.67
815.00	1368.67
816.00	1372.29
816.00	1372.29
816.00	1372.29
816.00	1372.29
816.00	1372.29
817.00	1375.76
817.00	1375.76
817.00	1375.76
817.00	1375.76
817.00	1375.76
817.00	1375.76
818.00	1379.06
818.00	1379.06
818.00	1379.06
818.00	1379.06
818.00	1379.06
819.00	1382.20
819.00	1382.20
819.00	1382.20
819.00	1382.20
819.00	1382.20
819.00	1382.20
820.00	1385.17
820.00	1385.17
820.00	1385.17
820.00	1385.17
820.00	1385.17
821.00	1387.99
821.00	1387.99
821.00	1387.99
821.00	1387.99
821.00	1387.99
821.00	1387.99
822.00	1390.63
822.00	1390.63
822.00	1390.63
822.00	1390.63
822.00	1390.63
823.00	1393.12
823.00	1393.12
823.00	1393.12
823.00	1393.12
823.00	1393.12
823.00	1393.12
824.00	1395.43
824.00	1395.43
824.00	1395.43
824.00	1395.43
824.00	1395.43
825.00	1397.58
825.00	1397.58
825.00	1397.58
825.00	1397.58
825.00	1397.58
825.00	1397.58
826.00	1399.55
826.00	1399.55
826.00	1399.55
826.00	1399.55
826.00	1399.55
827.00	1401.36
827.00	1401.36
827.00	1401.36
827.00	1401.36
827.00	1401.36
827.00	1401.36
828.00	1403.00
828.00	1403.00
828.00	1403.00
828.00	1403.00
828.00	1403.00
829.00	1404.46
829.00	1404.46
829.00	1404.46
829.00	1404.46
829.00	1404.46
829.00	1404.46
830.00	1405.76
830.00	1405.76
830.00	1405.76
830.00	1405.76
830.00	1405.76
831.00	1406.88
831.00	1406.88
831.00	1406.88
831.00	1406.88
831.00	1406.88
831.00	1406.88
832.00	1407.84
832.00	1407.84
832.00	1407.84
832.00	1407.84
832.00	1407.84
832.00	1407.84
833.00	1408.61
833.00	1408.61
833.00	1408.61
833.00	1408.61
833.00	1408.61
834.00	1409.22
834.00	1409.22
834.00	1409.22
834.00	1409.22
834.00	1409.22
834.00	1409.22
835.00	1409.65
835.00	1409.65
835.00	1409.65
835.00	1409.65
835.00	1409.65
836.00	1409.91
836.00	1409.91
836.00	1409.91
836.00	1409.91
836.00	1409.91
836.00	1409.91
837.00	1410.00
837.00	1410.00
837.00	1410.00
837.00	1410.00
837.00	1410.00
838.00	1409.91
838.00	1409.91
838.00	1409.91
838.00	1409.91
838.00	1409.91
838.00	1409.91
839.00	1409.65
839.00	1409.65
839.00	1409.65
839.00	1409.65
839.00	1409.65
840.00	1409.22
840.00	1409.22
840.00	1409.22
840.00	1409.22
840.00	1409.22
840.00	1409.22
841.00	1408.61
841.00	1408.61
841.00	1408.61
841.00	1408.61
841.00	1408.61
841.00	1408.61
842.00	1407.84
842.00	1407.84
842.00	1407.84
842.00	1407.84
842.00	1407.84
843.00	1406.88
843.00	1406.88
843.00	1406.88
843.00	1406.88
843.00	1406.88
843.00	1406.88
844.00	1405.76
844.00	1405.76
844.00	1405.76
844.00	1405.76
844.00	1405.76
845.00	1404.46
845.00	1404.46
845.00	1404.46
845.00	1404.46
845.00	1404.46
845.00	1404.46
846.00	1403.00
846.00	1403.00
846.00	1403.00
846.00	1403.00
846.00	1403.00
846.00	1403.00
847.00	1401.36
847.00	1401.36
847.00	1401.36
847.00	1401.36
847.00	1401.36
848.00	1399.55
848.00	1399.55
848.00	1399.55
848.00	1399.55
848.00	1399.55
848.00	1399.55
849.00	1397.58
849.00	1397.58
849.00	1397.58
849.00	1397.58
849.00	1397.58
850.00	1395.43
850.00	1395.43
850.00	1395.43
850.00	1395.43
850.00	1395.43
850.00	1395.43
851.00	1393.12
851.00	1393.12
851.00	1393.12
851.00	1393.12
851.00	1393.12
852.00	1390.63
852.00	1390.63
852.00	1390.63
852.00	1390.63
852.00	1390.63
852.00	1390.63
853.00	1387.99
853.00	1387.99
853.00	1387.99
853.00	1387.99
853.00	1387.99
853.00	1387.99
854.00	1385.17
854.00	1385.17
854.00	1385.17
854.00	1385.17
854.00	1385.17
855.00	1382.20
855.00	1382.20
855.00	1382.20
855.00	1382.20
855.00	1382.20
855.00	1382.20
856.00	1379.06
856.00	1379.06
856.00	1379.06
856.00	1379.06
856.00	1379.06
856.00	1379.06
857.00	1375.76
857.00	1375.76
857.00	1375.76
857.00	1375.76
857.00	1375.76
858.00	1372.29
858.00	1372.29
858.00	1372.29
858.00	1372.29
858.00	1372.29
858.00	1372.29
859.00	1368.67
859.00	1368.67
859.00	1368.67
859.00	1368.67
859.00	1368.67
860.00	1364.89
860.00	1364.89
860.00	1364.89
860.00	1364.89
860.00	1364.89
860.00	1364.89
861.00	1360.95
861.00	1360.95
861.00	1360.95
861.00	1360.95
861.00	1360.95
861.00	1360.95
862.00	1356.86
862.00	1356.86
862.00	1356.86
862.00	1356.86
862.00	1356.86
863.00	1352.61
863.00	1352.61
863.00	1352.61
863.00	1352.61
863.00	1352.61
863.00	1352.61
864.00	1348.22
864.00	1348.22
864.00	1348.22
864.00	1348.22
864.00	1348.22
864.00	1348.22
865.00	1343.66
865.00	1343.66
865.00	1343.66
865.00	1343.66
865.00	1343.66
866.00	1338.97
866.00	1338.97
866.00	1338.97
866.00	1338.97
866.00	1338.97
866.00	1338.97
867.00	1334.12
867.00	1334.12
867.00	1334.12
867.00	1334.12
867.00	1334.12
867.00	1334.12
868.00	1329.13
868.00	1329.13
868.00	1329.13
868.00	1329.13
868.00	1329.13
869.00	1323.99
869.00	1323.99
869.00	1323.99
869.00	1323.99
869.00	1323.99
869.00	1323.99
870.00	1318.71
870.00	1318.71
870.00	1318.71
870.00	1318.71
870.00	1318.71
870.00	1318.71
871.00	1313.29
871.00	1313.29
871.00	1313.29
871.00	1313.29
871.00	1313.29
872.00	1307.73
872.00	1307.73
872.00	1307.73
872.00	1307.73
872.00	1307.73
872.00	1307.73
873.00	1302.04
873.00	1302.04
873.00	1302.04
873.00	1302.04
873.00	1302.04
873.00	1302.04
874.00	1296.21
874.00	1296.21
874.00	1296.21
874.00	1296.21
874.00	1296.21
875.00	1290.25
875.00	1290.25
875.00	1290.25
875.00	1290.25
875.00	1290.25
875.00	1290.25
876.00	1284.16
876.00	1284.16
876.00	1284.16
876.00	1284.16
876.00	1284.16
876.00	1284.16
877.00	1277.93
877.00	1277.93
877.00	1277.93
877.00	1277.93
877.00	1277.93
878.00	1271.59
878.00	1271.59
878.00	1271.59
878.00	1271.59
878.00	1271.59
878.00	1271.59
879.00	1265.12
879.00	1265.12
879.00	1265.12
879.00	1265.12
879.00	1265.12
879.00	1265.12
880.00	1258.52
880.00	1258.52
880.00	1258.52
880.00	1258.52
880.00	1258.52
881.00	1251.81
881.00	1251.81
881.00	1251.81
881.00	1251.81
881.00	1251.81
881.00	1251.81
882.00	1244.98
882.00	1244.98
882.00	1244.98
882.00	1244.98
882.00	1244.98
882.00	1244.98
883.00	1238.04
883.00	1238.04
883.00	1238.04
883.00	1238.04
883.00	1238.04
884.00	1230.98
884.00	1230.98
884.00	1230.98
884.00	1230.98
884.00	1230.98
884.00	1230.98
885.00	1223.82
885.00	1223.82
885.00	1223.82
885.00	1223.82
885.00	1223.82
885.00	1223.82
886.00	1216.54
886.00	1216.54
886.00	1216.54
886.00	1216.54
886.00	1216.54
887.00	1209.16
887.00	1209.16
887.00	1209.16
887.00	1209.16
887.00	1209.16
887.00	1209.16
888.00	1201.68
888.00	1201.68
888.00	1201.68
888.00	1201.68
888.00	1201.68
888.00	1201.68
889.00	1194.09
889.00	1194.09
889.00	1194.09
889.00	1194.09
889.00	1194.09
889.00	1194.09
890.00	1186.41
890.00	1186.41
890.00	1186.41
890.00	1186.41
890.00	1186.41
891.00	1178.63
891.00	1178.63
891.00	1178.63
891.00	1178.63
891.00	1178.63
891.00	1178.63
892.00	1170.76
892.00	1170.76
892.00	1170.76
892.00	1170.76
892.00	1170.76
892.00	1170.76
893.00	1162.80
893.00	1162.80
893.00	1162.80
893.00	1162.80
893.00	1162.80
893.00	1162.80
894.00	1154.76
894.00	1154.76
894.00	1154.76
894.00	1154.76
894.00	1154.76
895.00	1146.62
895.00	1146.62
895.00	1146.62
895.00	1146.62
895.00	1146.62
895.00	1146.62
896.00	1138.41
896.00	1138.41
896.00	1138.41
896.00	1138.41
896.00	1138.41
896.00	1138.41
897.00	1130.11
897.00	1130.11
897.00	1130.11
897.00	1130.11
897.00	1130.11
897.00	1130.11
898.00	1121.74
898.00	1121.74
898.00	1121.74
898.00	1121.74
898.00	1121.74
899.00	1113.29
899.00	1113.29
899.00	1113.29
899.00	1113.29
899.00	1113.29
899.00	1113.29
900.00	1104.77
900.00	1104.77
900.00	1104.77
900.00	1104.77
900.00	1104.77
900.00	1104.77
901.00	1096.18
901.00	1096.18
901.00	1096.18
901.00	1096.18
901.00	1096.18
901.00	1096.18
902.00	1087.52
902.00	1087.52
902.00	1087.52
902.00	1087.52
902.00	1087.52
903.00	1078.80
903.00	1078.80
903.00	1078.80
903.00	1078.80
903.00	1078.80
903.00	1078.80
904.00	1070.01
904.00	1070.01
904.00	1070.01
904.00	1070.01
904.00	1070.01
904.00	1070.01
905.00	1061.17
905.00	1061.17
905.00	1061.17
905.00	1061.17
905.00	1061.17
905.00	1061.17
906.00	1052.27
906.00	1052.27
906.00	1052.27
906.00	1052.27
906.00	1052.27
907.00	1043.32
907.00	1043.32
907.00	1043.32
907.00	1043.32
907.00	1043.32
907.00	1043.32
908.00	1034.32
908.00	1034.32
908.00	1034.32
908.00	1034.32
908.00	1034.32
908.00	1034.32
909.00	1025.27
909.00	1025.27
909.00	1025.27
909.00	1025.27
909.00	1025.27
909.00	1025.27
910.00	1016.17
910.00	1016.17
910.00	1016.17
910.00	1016.17
910.00	1016.17
910.00	1016.17
911.00	1007.03
911.00	1007.03
911.00	1007.03
911.00	1007.03
911.00	1007.03
912.00	997.85
912.00	997.85
912.00	997.85
912.00	997.85
912.00	997.85
912.00	997.85
913.00	988.63
913.00	988.63
913.00	988.63
913.00	988.63
913.00	988.63
913.00	988.63
914.00	979.38
914.00	979.38
914.00	979.38
914.00	979.38
914.00	979.38
914.00	979.38
915.00	970.09
915.00	970.09
915.00	970.09
915.00	970.09
915.00	970.09
915.00	970.09
916.00	960.77
916.00	960.77
916.00	960.77
916.00	960.77
916.00	960.77
917.00	951.43
917.00	951.43
917.00	951.43
917.00	951.43
917.00	951.43
917.00	951.43
918.00	942.06
918.00	942.06
918.00	942.06
918.00	942.06
918.00	942.06
918.00	942.06
919.00	932.67
919.00	932.67
919.00	932.67
919.00	932.67
919.00	932.67
919.00	932.67
920.00	923.26
920.00	923.26
920.00	923.26
920.00	923.26
920.00	923.26
920.00	923.26
921.00	913.83
921.00	913.83
921.00	913.83
921.00	913.83
921.00	913.83
922.00	904.39
922.00	904.39
922.00	904.39
922.00	904.39
922.00	904.39
922.00	904.39
923.00	894.93
923.00	894.93
923.00	894.93
923.00	894.93
923.00	894.93
923.00	894.93
924.00	885.47
924.00	885.47
924.00	885.47
924.00	885.47
924.00	885.47
924.00	885.47
925.00	875.99
925.00	875.99
925.00	875.99
925.00	875.99
925.00	875.99
925.00	875.99
926.00	866.51
926.00	866.51
926.00	866.51
926.00	866.51
926.00	866.51
926.00	866.51
927.00	857.03
927.00	857.03
927.00	857.03
927.00	857.03
927.00	857.03
928.00	847.55
928.00	847.55
928.00	847.55
928.00	847.55
928.00	847.55
928.00	847.55
929.00	838.07
929.00	838.07
929.00	838.07
929.00	838.07
929.00	838.07
929.00	838.07
930.00	828.60
930.00	828.60
930.00	828.60
930.00	828.60
930.00	828.60
930.00	828.60
931.00	819.13
931.00	819.13
931.00	819.13
931.00	819.13
931.00	819.13
931.00	819.13
932.00	809.67
932.00	809.67
932.00	809.67
932.00	809.67
932.00	809.67
932.00	809.67
933.00	800.22
933.00	800.22
933.00	800.22
933.00	800.22
933.00	800.22
933.00	800.22
934.00	790.78
934.00	790.78
934.00	790.78
934.00	790.78
934.00	790.78
934.00	790.78
935.00	781.36
935.00	781.36
935.00	781.36
935.00	781.36
935.00	781.36
936.00	771.95
936.00	771.95
936.00	771.95
936.00	771.95
936.00	771.95
936.00	771.95
937.00	762.57
937.00	762.57
937.00	762.57
937.00	762.57
937.00	762.57
937.00	762.57
938.00	753.21
938.00	753.21
938.00	753.21
938.00	753.21
938.00	753.21
938.00	753.21
939.00	743.87
939.00	743.87
939.00	743.87
939.00	743.87
939.00	743.87
939.00	743.87
940.00	734.55
940.00	734.55
940.00	734.55
940.00	734.55
940.00	734.55
940.00	734.55
941.00	725.26
941.00	725.26
941.00	725.26
941.00	725.26
941.00	725.26
941.00	725.26
942.00	716.01
942.00	716.01
942.00	716.01
942.00	716.01
942.00	716.01
942.00	716.01
943.00	706.78
943.00	706.78
943.00	706.78
943.00	706.78
943.00	706.78
943.00	706.78
944.00	697.59
944.00	697.59
944.00	697.59
944.00	697.59
944.00	697.59
945.00	688.43
945.00	688.43
945.00	688.43
945.00	688.43
945.00	688.43
945.00	688.43
946.00	679.31
946.00	679.31
946.00	679.31
946.00	679.31
946.00	679.31
946.00	679.31
947.00	670.23
947.00	670.23
947.00	670.23
947.00	670.23
947.00	670.23
947.00	670.23
948.00	661.18
948.00	661.18
948.00	661.18
948.00	661.18
948.00	661.18
948.00	661.18
949.00	652.18
949.00	652.18
949.00	652.18
949.00	652.18
949.00	652.18
949.00	652.18
950.00	643.23
950.00	643.23
950.00	643.23
950.00	643.23
950.00	643.23
950.00	643.23
951.00	634.31
951.00	634.31
951.00	634.31
951.00	634.31
951.00	634.31
951.00	634.31
952.00	625.45
952.00	625.45
952.00	625.45
952.00	625.45
952.00	625.45
952.00	625.45
953.00	616.63
953.00	616.63
953.00	616.63
953.00	616.63
953.00	616.63
953.00	616.63
954.00	607.86
954.00	607.86
954.00	607.86
954.00	607.86
954.00	607.86
954.00	607.86
955.00	599.14
955.00	599.14
955.00	599.14
955.00	599.14
955.00	599.14
955.00	599.14
956.00	590.48
956.00	590.48
956.00	590.48
956.00	590.48
956.00	590.48
956.00	590.48
957.00	581.87
957.00	581.87
957.00	581.87
957.00	581.87
957.00	581.87
957.00	581.87
958.00	573.31
958.00	573.31
958.00	573.31
958.00	573.31
958.00	573.31
958.00	573.31
959.00	564.81
959.00	564.81
959.00	564.81
959.00	564.81
959.00	564.81
959.00	564.81
960.00	556.37
960.00	556.37
960.00	556.37
960.00	556.37
960.00	556.37
960.00	556.37
961.00	547.99
961.00	547.99
961.00	547.99
961.00	547.99
961.00	547.99
961.00	547.99
962.00	539.67
962.00	539.67
962.00	539.67
962.00	539.67
962.00	539.67
963.00	531.40
963.00	531.40
963.00	531.40
963.00	531.40
963.00	531.40
963.00	531.40
964.00	523.20
964.00	523.20
964.00	523.20
964.00	523.20
964.00	523.20
964.00	523.20
965.00	515.07
965.00	515.07
965.00	515.07
965.00	515.07
965.00	515.07
965.00	515.07
966.00	506.99
966.00	506.99
966.00	506.99
966.00	506.99
966.00	506.99
966.00	506.99
967.00	498.99
967.00	498.99
967.00	498.99
967.00	498.99
967.00	498.99
967.00	498.99
968.00	491.05
968.00	491.05
968.00	491.05
968.00	491.05
968.00	491.05
968.00	491.05
969.00	483.17
969.00	483.17
969.00	483.17
969.00	483.17
969.00	483.17
969.00	483.17
970.00	475.37
970.00	475.37
970.00	475.37
970.00	475.37
970.00	475.37
970.00	475.37
971.00	467.63
971.00	467.63
971.00	467.63
971.00	467.63
971.00	467.63
971.00	467.63
972.00	459.96
972.00	459.96
972.00	459.96
972.00	459.96
972.00	459.96
972.00	459.96
972.00	459.96
973.00	452.36
973.00	452.36
973.00	452.36
973.00	452.36
973.00	452.36
973.00	452.36
974.00	444.83
974.00	444.83
974.00	444.83
974.00	444.83
974.00	444.83
974.00	444.83
975.00	437.38
975.00	437.38
975.00	437.38
975.00	437.38
975.00	437.38
975.00	437.38
976.00	430.00
976.00	430.00
976.00	430.00
976.00	430.00
976.00	430.00
976.00	430.00
977.00	422.68
977.00	422.68
977.00	422.68
977.00	422.68
977.00	422.68
977.00	422.68
978.00	415.45
978.00	415.45
978.00	415.45
978.00	415.45
978.00	415.45
978.00	415.45
979.00	408.28
979.00	408.28
979.00	408.28
979.00	408.28
979.00	408.28
979.00	408.28
980.00	401.19
980.00	401.19
980.00	401.19
980.00	401.19
980.00	401.19
980.00	401.19
981.00	394.18
981.00	394.18
981.00	394.18
981.00	394.18
981.00	394.18
981.00	394.18
982.00	387.24
982.00	387.24
982.00	387.24
982.00	387.24
982.00	387.24
982.00	387.24
983.00	380.37
983.00	380.37
983.00	380.37
983.00	380.37
983.00	380.37
983.00	380.37
984.00	373.58
984.00	373.58
984.00	373.58
984.00	373.58
984.00	373.58
984.00	373.58
985.00	366.87
985.00	366.87
985.00	366.87
985.00	366.87
985.00	366.87
985.00	366.87
986.00	360.23
986.00	360.23
986.00	360.23
986.00	360.23
986.00	360.23
986.00	360.23
987.00	353.67
987.00	353.67
987.00	353.67
987.00	353.67
987.00	353.67
987.00	353.67
988.00	347.19
988.00	347.19
988.00	347.19
988.00	347.19
988.00	347.19
988.00	347.19
989.00	340.78
989.00	340.78
989.00	340.78
989.00	340.78
989.00	340.78
989.00	340.78
990.00	334.46
990.00	334.46
990.00	334.46
990.00	334.46
990.00	334.46
990.00	334.46
990.00	334.46
991.00	328.20
991.00	328.20
991.00	328.20
991.00	328.20
991.00	328.20
991.00	328.20
992.00	322.03
992.00	322.03
992.00	322.03
992.00	322.03
992.00	322.03
992.00	322.03
993.00	315.93
993.00	315.93
993.00	315.93
993.00	315.93
993.00	315.93
993.00	315.93
994.00	309.91
994.00	309.91
994.00	309.91
994.00	309.91
994.00	309.91
994.00	309.91
995.00	303.97
995.00	303.97
995.00	303.97
995.00	303.97
995.00	303.97
995.00	303.97
996.00	298.10
996.00	298.10
996.00	298.10
996.00	298.10
996.00	298.10
996.00	298.10
997.00	292.32
997.00	292.32
997.00	292.32
997.00	292.32
997.00	292.32
997.00	292.32
998.00	286.60
998.00	286.60
998.00	286.60
998.00	286.60
998.00	286.60
998.00	286.60
999.00	280.97
999.00	280.97
999.00	280.97
999.00	280.97
999.00	280.97
999.00	280.97
999.00	280.97
1000.00	275.41
1000.00	275.41
1000.00	275.41
1000.00	275.41
1000.00	275.41
1000.00	275.41
1001.00	269.93
1001.00	269.93
1001.00	269.93
1001.00	269.93
1001.00	269.93
1001.00	269.93
1002.00	264.53
1002.00	264.53
1002.00	264.53
1002.00	264.53
1002.00	264.53
1002.00	264.53
1003.00	259.20
1003.00	259.20
1003.00	259.20
1003.00	259.20
1003.00	259.20
1003.00	259.20
1004.00	253.95
1004.00	253.95
1004.00	253.95
1004.00	253.95
1004.00	253.95
1004.00	253.95
1005.00	248.77
1005.00	248.77
1005.00	248.77
1005.00	248.77
1005.00	248.77
1005.00	248.77
1006.00	243.67
1006.00	243.67
1006.00	243.67
1006.00	243.67
1006.00	243.67
1006.00	243.67
1006.00	243.67
1007.00	238.65
1007.00	238.65
1007.00	238.65
1007.00	238.65
1007.00	238.65
1007.00	238.65
1008.00	233.70
1008.00	233.70
1008.00	233.70
1008.00	233.70
1008.00	233.70
1008.00	233.70
1009.00	228.82
1009.00	228.82
1009.00	228.82
1009.00	228.82
1009.00	228.82
1009.00	228.82
1010.00	224.02
1010.00	224.02
1010.00	224.02
1010.00	224.02
1010.00	224.02
1010.00	224.02
1011.00	219.30
1011.00	219.30
1011.00	219.30
1011.00	219.30
1011.00	219.30
1011.00	219.30
1011.00	219.30
1012.00	214.64
1012.00	214.64
1012.00	214.64
1012.00	214.64
1012.00	214.64
1012.00	214.64
1013.00	210.06
1013.00	210.06
1013.00	210.06
1013.00	210.06
1013.00	210.06
1013.00	210.06
1014.00	205.55
1014.00	205.55
1014.00	205.55
1014.00	205.55
1014.00	205.55
1014.00	205.55
1015.00	201.12
1015.00	201.12
1015.00	201.12
1015.00	201.12
1015.00	201.12
1015.00	201.12
1016.00	196.75
1016.00	196.75
1016.00	196.75
1016.00	196.75
1016.00	196.75
1016.00	196.75
1016.00	196.75
1017.00	192.46
1017.00	192.46
1017.00	192.46
1017.00	192.46
1017.00	192.46
1017.00	192.46
1018.00	188.23
1018.00	188.23
1018.00	188.23
1018.00	188.23
1018.00	188.23
1018.00	188.23
1019.00	184.08
1019.00	184.08
1019.00	184.08
1019.00	184.08
1019.00	184.08
1019.00	184.08
1020.00	180.00
1020.00	180.00
1020.00	180.00
1020.00	180.00
1020.00	180.00
1020.00	180.00
1021.00	175.98
1021.00	175.98
1021.00	175.98
1021.00	175.98
1021.00	175.98
1021.00	175.98
1021.00	175.98
1022.00	172.03
1022.00	172.03
1022.00	172.03
1022.00	172.03
1022.00	172.03
1022.00	172.03
1023.00	168.16
1023.00	168.16
1023.00	168.16
1023.00	168.16
1023.00	168.16
1023.00	168.16
1024.00	164.34
1024.00	164.34
1024.00	164.34
1024.00	164.34
1024.00	164.34
1024.00	164.34
1025.00	160.60
1025.00	160.60
1025.00	160.60
1025.00	160.60
1025.00	160.60
1025.00	160.60
1025.00	160.60
1026.00	156.92
1026.00	156.92
1026.00	156.92
1026.00	156.92
1026.00	156.92
1026.00	156.92
1027.00	153.31
1027.00	153.31
1027.00	153.31
1027.00	153.31
1027.00	153.31
1027.00	153.31
1028.00	149.76
1028.00	149.76
1028.00	149.76
1028.00	149.76
1028.00	149.76
1028.00	149.76
1029.00	146.27
1029.00	146.27
1029.00	146.27
1029.00	146.27
1029.00	146.27
1029.00	146.27
1029.00	146.27
1030.00	142.85
1030.00	142.85
1030.00	142.85
1030.00	142.85
1030.00	142.85
1030.00	142.85
1031.00	139.50
1031.00	139.50
1031.00	139.50
1031.00	139.50
1031.00	139.50
1031.00	139.50
1032.00	136.20
1032.00	136.20
1032.00	136.20
1032.00	136.20
1032.00	136.20
1032.00	136.20
1033.00	132.97
1033.00	132.97
1033.00	132.97
1033.00	132.97
1033.00	132.97
1033.00	132.97
1033.00	132.97
1034.00	129.79
1034.00	129.79
1034.00	129.79
1034.00	129.79
1034.00	129.79
1034.00	129.79
1035.00	126.68
