6.000e+007  2.304e-001
1.100e+008  3.342e-001
1.600e+008  4.125e-001
2.100e+008  4.780e-001
2.600e+008  5.356e-001
3.100e+008  5.875e-001
3.600e+008  6.351e-001
4.100e+008  6.794e-001
4.600e+008  7.210e-001
5.100e+008  7.604e-001
5.600e+008  7.978e-001
6.100e+008  8.337e-001
6.600e+008  8.685e-001
7.100e+008  9.028e-001
7.600e+008  9.369e-001
8.100e+008  9.712e-001
8.600e+008  1.006e+000
9.100e+008  1.041e+000
9.600e+008  1.076e+000
1.010e+009  1.111e+000
1.060e+009  1.146e+000
1.110e+009  1.182e+000
1.160e+009  1.217e+000
1.210e+009  1.253e+000
1.260e+009  1.288e+000
1.310e+009  1.324e+000
1.360e+009  1.360e+000
1.410e+009  1.395e+000
1.460e+009  1.431e+000
