6.000e+007  2.361e-001
1.100e+008  3.450e-001
1.600e+008  4.271e-001
2.100e+008  4.959e-001
2.600e+008  5.564e-001
3.100e+008  6.109e-001
3.600e+008  6.610e-001
4.100e+008  7.077e-001
4.600e+008  7.516e-001
5.100e+008  7.932e-001
5.600e+008  8.329e-001
6.100e+008  8.714e-001
6.600e+008  9.094e-001
7.100e+008  9.477e-001
7.600e+008  9.865e-001
8.100e+008  1.026e+000
8.600e+008  1.065e+000
9.100e+008  1.105e+000
9.600e+008  1.146e+000
1.010e+009  1.186e+000
1.060e+009  1.226e+000
1.110e+009  1.267e+000
1.160e+009  1.308e+000
1.210e+009  1.349e+000
1.260e+009  1.390e+000
1.310e+009  1.432e+000
1.360e+009  1.473e+000
1.410e+009  1.515e+000
1.460e+009  1.556e+000
