6.000e+007  2.425e-001
1.100e+008  3.571e-001
1.600e+008  4.435e-001
2.100e+008  5.158e-001
2.600e+008  5.793e-001
3.100e+008  6.367e-001
3.600e+008  6.895e-001
4.100e+008  7.388e-001
4.600e+008  7.851e-001
5.100e+008  8.292e-001
5.600e+008  8.720e-001
6.100e+008  9.144e-001
6.600e+008  9.576e-001
7.100e+008  1.002e+000
7.600e+008  1.046e+000
8.100e+008  1.091e+000
8.600e+008  1.137e+000
9.100e+008  1.183e+000
9.600e+008  1.229e+000
1.010e+009  1.276e+000
1.060e+009  1.323e+000
1.110e+009  1.370e+000
1.160e+009  1.418e+000
1.210e+009  1.466e+000
1.260e+009  1.514e+000
1.310e+009  1.562e+000
1.360e+009  1.611e+000
1.410e+009  1.660e+000
1.460e+009  1.710e+000
