6.000e+007  2.253e-001
1.100e+008  3.243e-001
1.600e+008  3.991e-001
2.100e+008  4.615e-001
2.600e+008  5.163e-001
3.100e+008  5.657e-001
3.600e+008  6.109e-001
4.100e+008  6.529e-001
4.600e+008  6.922e-001
5.100e+008  7.295e-001
5.600e+008  7.649e-001
6.100e+008  7.987e-001
6.600e+008  8.312e-001
7.100e+008  8.627e-001
7.600e+008  8.936e-001
8.100e+008  9.241e-001
8.600e+008  9.545e-001
9.100e+008  9.849e-001
9.600e+008  1.016e+000
1.010e+009  1.046e+000
1.060e+009  1.077e+000
1.110e+009  1.108e+000
1.160e+009  1.139e+000
1.210e+009  1.170e+000
1.260e+009  1.201e+000
1.310e+009  1.232e+000
1.360e+009  1.263e+000
1.410e+009  1.293e+000
1.460e+009  1.324e+000
