6.000e+007  2.203e-001
1.100e+008  3.147e-001
1.600e+008  3.861e-001
2.100e+008  4.457e-001
2.600e+008  4.979e-001
3.100e+008  5.448e-001
3.600e+008  5.877e-001
4.100e+008  6.276e-001
4.600e+008  6.648e-001
5.100e+008  7.000e-001
5.600e+008  7.334e-001
6.100e+008  7.653e-001
6.600e+008  7.958e-001
7.100e+008  8.252e-001
7.600e+008  8.537e-001
8.100e+008  8.816e-001
8.600e+008  9.089e-001
9.100e+008  9.359e-001
9.600e+008  9.628e-001
1.010e+009  9.896e-001
1.060e+009  1.016e+000
1.110e+009  1.043e+000
1.160e+009  1.070e+000
1.210e+009  1.097e+000
1.260e+009  1.124e+000
1.310e+009  1.151e+000
1.360e+009  1.177e+000
1.410e+009  1.204e+000
1.460e+009  1.231e+000
