6.000e+007  2.153e-001
1.100e+008  3.052e-001
1.600e+008  3.732e-001
2.100e+008  4.301e-001
2.600e+008  4.797e-001
3.100e+008  5.243e-001
3.600e+008  5.651e-001
4.100e+008  6.028e-001
4.600e+008  6.381e-001
5.100e+008  6.713e-001
5.600e+008  7.029e-001
6.100e+008  7.329e-001
6.600e+008  7.616e-001
7.100e+008  7.892e-001
7.600e+008  8.158e-001
8.100e+008  8.415e-001
8.600e+008  8.666e-001
9.100e+008  8.911e-001
9.600e+008  9.152e-001
1.010e+009  9.389e-001
1.060e+009  9.625e-001
1.110e+009  9.859e-001
1.160e+009  1.009e+000
1.210e+009  1.032e+000
1.260e+009  1.056e+000
1.310e+009  1.079e+000
1.360e+009  1.102e+000
1.410e+009  1.125e+000
1.460e+009  1.148e+000
