0.0 3.84047370532 
0.869 3.84047370532 
1.738 3.84047370532 
2.607 3.04818599994 
3.476 3.04818599994 
4.345 3.04818599994 
5.214 3.04818599994 
6.083 3.04818599994 
6.952 3.04818599994 
7.821 3.04818599994 
8.69 3.04818599994 
9.559 3.04818599994 
10.428 3.04818599994 
11.297 3.04818599994 
12.166 3.04818599994 
13.035 3.22944057168 
13.904 3.22944057168 
14.773 3.22944057168 
15.642 3.22944057168 
16.511 3.22944057168 
17.38 3.22944057168 
18.249 3.22944057168 
19.118 3.22944057168 
19.987 3.22944057168 
20.856 3.22944057168 
21.725 3.22944057168 
22.594 3.22944057168 
23.463 3.22944057168 
24.332 3.22944057168 
25.201 3.22944057168 
26.07 3.22944057168 
26.939 3.22944057168 
27.808 3.22944057168 
28.677 3.04818599994 
29.546 3.04818599994 
30.415 2.715625 
31.284 2.715625 
32.153 2.715625 
33.022 2.715625 
33.891 2.715625 
34.76 2.715625 
35.629 2.715625 
36.498 2.715625 
37.367 2.715625 
38.236 2.715625 
39.105 2.715625 
39.974 2.715625 
40.843 2.715625 
41.712 6.45888114336 
42.581 6.09637199988 
43.45 6.09637199988 
44.319 6.09637199988 
45.188 6.09637199988 
46.057 6.09637199988 
46.926 6.09637199988 
47.795 6.09637199988 
48.664 6.09637199988 
49.533 5.75420893124 
50.402 5.75420893124 
51.271 5.75420893124 
52.14 5.75420893124 
53.009 5.75420893124 
53.878 5.75420893124 
54.747 5.75420893124 
55.616 5.75420893124 
56.485 5.43125 
57.354 5.43125 
58.223 5.43125 
59.092 5.43125 
59.961 5.43125 
60.83 5.43125 
61.699 5.43125 
62.568 5.43125 
63.437 5.12641736075 
64.306 5.12641736075 
65.175 5.12641736075 
66.044 2.715625 
66.913 2.715625 
67.782 2.715625 
68.651 2.715625 
69.52 2.715625 
70.389 2.715625 
71.258 2.715625 
72.127 2.87710446562 
72.996 2.87710446562 
73.865 2.87710446562 
74.734 2.87710446562 
75.603 2.87710446562 
76.472 2.87710446562 
77.341 2.87710446562 
78.21 2.87710446562 
79.079 2.715625 
79.948 2.715625 
80.817 2.715625 
81.686 2.715625 
82.555 2.715625 
83.424 3.62492447898 
84.293 3.62492447898 
85.162 3.62492447898 
86.031 3.62492447898 
86.9 19.3547746516 
87.769 19.3547746516 
88.638 19.3547746516 
89.507 19.3547746516 
90.376 19.3547746516 
91.245 19.3547746516 
92.114 19.3547746516 
92.983 19.3547746516 
93.852 19.3547746516 
94.721 19.3547746516 
95.59 19.3547746516 
96.459 19.3547746516 
97.328 19.3547746516 
98.197 19.3547746516 
99.066 19.3547746516 
99.935 19.3547746516 
100.804 19.3547746516 
101.673 19.3547746516 
102.542 19.3547746516 
103.411 19.3547746516 
104.28 19.3547746516 
105.149 19.3547746516 
106.018 19.3547746516 
106.887 19.3547746516 
107.756 19.3547746516 
108.625 19.3547746516 
109.494 19.3547746516 
110.363 19.3547746516 
111.232 19.3547746516 
112.101 19.3547746516 
112.97 19.3547746516 
113.839 19.3547746516 
114.708 19.3547746516 
115.577 19.3547746516 
116.446 19.3547746516 
117.315 19.3547746516 
118.184 19.3547746516 
119.053 19.3547746516 
119.922 19.3547746516 
120.791 19.3547746516 
121.66 19.3547746516 
122.529 19.3547746516 
123.398 19.3547746516 
124.267 19.3547746516 
125.136 19.3547746516 
126.005 19.3547746516 
126.874 19.3547746516 
127.743 19.3547746516 
128.612 19.3547746516 
129.481 19.3547746516 
130.35 19.3547746516 
131.219 19.3547746516 
132.088 19.3547746516 
132.957 19.3547746516 
133.826 19.3547746516 
134.695 19.3547746516 
135.564 19.3547746516 
136.433 19.3547746516 
137.302 19.3547746516 
138.171 19.3547746516 
139.04 19.3547746516 
139.909 19.3547746516 
140.778 19.3547746516 
141.647 19.3547746516 
142.516 19.3547746516 
143.385 19.3547746516 
144.254 19.3547746516 
145.123 19.3547746516 
145.992 19.3547746516 
146.861 19.3547746516 
147.73 19.3547746516 
148.599 19.3547746516 
149.468 19.3547746516 
150.337 19.3547746516 
151.206 19.3547746516 
152.075 19.3547746516 
152.944 19.3547746516 
153.813 19.3547746516 
154.682 19.3547746516 
155.551 19.3547746516 
156.42 19.3547746516 
157.289 19.3547746516 
158.158 19.3547746516 
159.027 19.3547746516 
159.896 19.3547746516 
160.765 19.3547746516 
161.634 19.3547746516 
162.503 19.3547746516 
163.372 19.3547746516 
164.241 19.3547746516 
165.11 19.3547746516 
165.979 19.3547746516 
166.848 19.3547746516 
167.717 19.3547746516 
168.586 19.3547746516 
169.455 19.3547746516 
170.324 19.3547746516 
171.193 19.3547746516 
172.062 19.3547746516 
172.931 19.3547746516 
173.8 19.3547746516 
174.669 19.3547746516 
175.538 19.3547746516 
176.407 19.3547746516 
177.276 19.3547746516 
178.145 19.3547746516 
179.014 19.3547746516 
179.883 19.3547746516 
180.752 19.3547746516 
181.621 19.3547746516 
182.49 19.3547746516 
183.359 19.3547746516 
184.228 19.3547746516 
185.097 19.3547746516 
185.966 19.3547746516 
186.835 19.3547746516 
187.704 19.3547746516 
188.573 19.3547746516 
189.442 19.3547746516 
190.311 19.3547746516 
191.18 19.3547746516 
192.049 19.3547746516 
192.918 19.3547746516 
193.787 19.3547746516 
194.656 19.3547746516 
195.525 19.3547746516 
196.394 19.3547746516 
197.263 19.3547746516 
198.132 19.3547746516 
199.001 19.3547746516 
199.87 19.3547746516 
200.739 19.3547746516 
201.608 19.3547746516 
202.477 19.3547746516 
203.346 19.3547746516 
204.215 19.3547746516 
205.084 18.2684746214 
205.953 18.2684746214 
206.822 18.2684746214 
207.691 18.2684746214 
208.56 18.2684746214 
209.429 18.2684746214 
210.298 18.2684746214 
211.167 18.2684746214 
212.036 18.2684746214 
212.905 18.2684746214 
213.774 18.2684746214 
214.643 18.2684746214 
215.512 18.2684746214 
216.381 18.2684746214 
217.25 18.2684746214 
218.119 18.2684746214 
218.988 18.2684746214 
219.857 18.2684746214 
220.726 18.2684746214 
221.595 18.2684746214 
222.464 18.2684746214 
223.333 18.2684746214 
224.202 18.2684746214 
225.071 18.2684746214 
225.94 18.2684746214 
226.809 18.2684746214 
227.678 18.2684746214 
228.547 18.2684746214 
229.416 18.2684746214 
230.285 18.2684746214 
231.154 18.2684746214 
232.023 18.2684746214 
232.892 18.2684746214 
233.761 18.2684746214 
234.63 18.2684746214 
235.499 18.2684746214 
236.368 18.2684746214 
237.237 13.6858924045 
238.106 13.6858924045 
238.975 13.6858924045 
239.844 13.6858924045 
240.713 13.6858924045 
241.582 13.6858924045 
242.451 13.6858924045 
243.32 13.6858924045 
244.189 13.6858924045 
245.058 4.31078598175 
245.927 4.31078598175 
246.796 4.31078598175 
247.665 4.31078598175 
248.534 4.31078598175 
249.403 4.31078598175 
250.272 4.31078598175 
251.141 4.31078598175 
252.01 4.31078598175 
252.879 4.31078598175 
253.748 4.31078598175 
254.617 4.31078598175 
255.486 9.13423731069 
256.355 9.13423731069 
257.224 9.13423731069 
258.093 9.13423731069 
258.962 9.13423731069 
259.831 9.13423731069 
260.7 9.13423731069 
261.569 9.13423731069 
262.438 3.04818599994 
263.307 3.04818599994 
264.176 3.04818599994 
265.045 3.04818599994 
265.914 3.04818599994 
266.783 3.22944057168 
267.652 2.715625 
268.521 2.715625 
269.39 2.715625 
270.259 2.715625 
271.128 3.22944057168 
271.997 3.42147310112 
272.866 3.42147310112 
273.735 5.12641736075 
274.604 4.8386936629 
275.473 4.8386936629 
276.342 4.8386936629 
277.211 4.8386936629 
278.08 4.8386936629 
278.949 4.8386936629 
279.818 4.8386936629 
280.687 4.8386936629 
281.556 4.8386936629 
282.425 4.8386936629 
283.294 4.56711865535 
284.163 4.56711865535 
285.032 13.6858924045 
285.901 13.6858924045 
286.77 13.6858924045 
287.639 13.6858924045 
288.508 13.6858924045 
289.377 13.6858924045 
290.246 3.42147310112 
291.115 3.42147310112 
291.984 3.42147310112 
292.853 3.42147310112 
293.722 3.42147310112 
294.591 3.42147310112 
295.46 3.42147310112 
296.329 3.42147310112 
297.198 3.42147310112 
298.067 3.42147310112 
298.936 3.42147310112 
299.805 3.42147310112 
300.674 3.42147310112 
301.543 3.42147310112 
302.412 3.42147310112 
303.281 3.42147310112 
304.15 3.42147310112 
305.019 3.42147310112 
305.888 3.42147310112 
306.757 3.42147310112 
307.626 3.42147310112 
308.495 3.22944057168 
309.364 3.22944057168 
310.233 3.22944057168 
311.102 13.6858924045 
311.971 13.6858924045 
312.84 13.6858924045 
313.709 13.6858924045 
314.578 2.715625 
315.447 2.715625 
316.316 2.715625 
317.185 2.715625 
318.054 2.715625 
318.923 2.715625 
319.792 2.715625 
320.661 2.715625 
321.53 2.715625 
322.399 13.6858924045 
323.268 13.6858924045 
324.137 13.6858924045 
325.006 13.6858924045 
325.875 13.6858924045 
326.744 13.6858924045 
327.613 13.6858924045 
328.482 13.6858924045 
329.351 13.6858924045 
330.22 13.6858924045 
331.089 13.6858924045 
331.958 3.42147310112 
332.827 3.42147310112 
333.696 3.22944057168 
334.565 3.22944057168 
335.434 3.22944057168 
336.303 2.715625 
337.172 2.715625 
338.041 2.715625 
338.91 2.715625 
339.779 2.715625 
340.648 2.715625 
341.517 2.715625 
342.386 2.715625 
343.255 2.715625 
344.124 2.715625 
344.993 2.715625 
345.862 2.715625 
346.731 2.715625 
347.6 2.715625 
348.469 2.715625 
349.338 2.715625 
350.207 2.715625 
351.076 2.87710446562 
351.945 2.87710446562 
352.814 2.87710446562 
353.683 2.87710446562 
354.552 20.505669443 
355.421 20.505669443 
356.29 20.505669443 
357.159 20.505669443 
358.028 20.505669443 
358.897 20.505669443 
359.766 2.715625 
360.635 2.715625 
361.504 2.715625 
362.373 2.715625 
363.242 2.715625 
364.111 2.715625 
364.98 2.715625 
365.849 2.715625 
366.718 2.715625 
367.587 2.715625 
368.456 2.715625 
369.325 2.715625 
370.194 2.715625 
371.063 2.715625 
371.932 2.715625 
372.801 3.22944057168 
373.67 3.42147310112 
374.539 3.42147310112 
375.408 3.42147310112 
376.277 3.42147310112 
377.146 3.84047370532 
378.015 3.84047370532 
378.884 2.715625 
379.753 2.715625 
380.622 2.715625 
381.491 2.715625 
382.36 2.715625 
383.229 2.715625 
384.098 2.715625 
384.967 2.87710446562 
385.836 2.87710446562 
386.705 2.87710446562 
387.574 2.87710446562 
388.443 2.87710446562 
389.312 5.75420893124 
390.181 5.75420893124 
391.05 5.75420893124 
391.919 5.75420893124 
392.788 3.22944057168 
393.657 3.22944057168 
394.526 3.22944057168 
395.395 3.22944057168 
396.264 3.42147310112 
397.133 3.42147310112 
398.002 3.42147310112 
398.871 3.42147310112 
399.74 3.42147310112 
400.609 3.42147310112 
401.478 3.42147310112 
402.347 3.42147310112 
403.216 3.42147310112 
404.085 3.42147310112 
404.954 3.42147310112 
405.823 3.62492447898 
406.692 3.62492447898 
407.561 3.62492447898 
408.43 3.62492447898 
409.299 3.62492447898 
410.168 3.62492447898 
411.037 3.62492447898 
411.906 3.62492447898 
412.775 3.84047370532 
413.644 3.84047370532 
414.513 3.84047370532 
415.382 3.84047370532 
416.251 3.84047370532 
417.12 3.84047370532 
417.989 3.84047370532 
418.858 3.84047370532 
419.727 3.84047370532 
420.596 3.84047370532 
421.465 3.84047370532 
422.334 3.84047370532 
423.203 3.84047370532 
424.072 3.84047370532 
424.941 4.06884015564 
425.81 4.06884015564 
426.679 4.06884015564 
427.548 4.06884015564 
428.417 4.06884015564 
429.286 4.06884015564 
430.155 4.06884015564 
431.024 3.84047370532 
431.893 3.84047370532 
432.762 3.84047370532 
433.631 3.84047370532 
