345.77	-43.01
345.98	-43.01
346.19	-43.01
346.41	155.65
346.62	131.07
346.84	6.14
347.05	32.77
347.26	-34.82
347.48	53.25
347.69	-22.53
347.91	2.05
348.12	-4.10
348.33	14.34
348.55	61.44
348.76	-20.48
348.97	-4.10
349.19	100.35
349.40	18.43
349.62	57.34
349.83	4.10
350.04	135.17
350.26	12.29
350.47	-10.24
350.69	-36.86
350.90	36.86
351.11	51.20
351.33	-71.68
351.54	24.58
351.75	-24.58
351.97	36.86
352.18	6.14
352.40	-24.58
352.61	92.16
352.82	-2.05
353.04	81.92
353.25	38.91
353.46	-6.14
353.68	22.53
353.89	51.20
354.10	-6.14
354.32	-28.67
354.53	-38.91
354.75	-63.49
354.96	98.30
355.17	79.87
355.39	47.10
355.60	75.77
355.81	73.73
356.03	-57.34
356.24	53.25
356.45	57.34
356.67	114.69
356.88	0.00
357.09	83.97
357.31	26.62
357.52	-86.01
357.73	28.67
357.95	-22.53
358.16	94.21
358.37	81.92
358.59	137.21
358.80	-28.67
359.02	98.30
359.23	40.96
359.44	51.20
359.66	-16.38
359.87	22.53
360.08	-114.69
360.30	18.43
360.51	53.25
360.72	-38.91
360.93	20.48
361.15	-6.14
361.36	-10.24
361.57	-61.44
361.79	38.91
362.00	18.43
362.21	-63.49
362.43	94.21
362.64	69.63
362.85	77.82
363.07	49.15
363.28	36.86
363.49	6.14
363.71	16.38
363.92	34.82
364.13	-14.34
364.35	2.05
364.56	6.14
364.77	32.77
364.98	63.49
365.20	61.44
365.41	-49.15
365.62	-8.19
365.84	43.01
366.05	4.10
366.26	53.25
366.48	65.54
366.69	12.29
366.90	112.64
367.11	-81.92
367.33	92.16
367.54	-73.73
367.75	22.53
367.97	90.11
368.18	6.14
368.39	47.10
368.60	53.25
368.82	22.53
369.03	-12.29
369.24	2.05
369.46	30.72
369.67	-24.58
369.88	57.34
370.09	8.19
370.31	8.19
370.52	-4.10
370.73	61.44
370.95	-30.72
371.16	100.35
371.37	-30.72
371.58	-26.62
371.80	112.64
372.01	-14.34
372.22	30.72
372.43	-51.20
372.65	-26.62
372.86	-16.38
373.07	-94.21
373.29	65.54
373.50	67.58
373.71	-43.01
373.92	24.58
374.14	-10.24
374.35	34.82
374.56	-8.19
374.77	-12.29
374.99	-120.83
375.20	-34.82
375.41	43.01
375.62	81.92
375.84	59.39
376.05	-59.39
376.26	0.00
376.47	112.64
376.69	8.19
376.90	53.25
377.11	-51.20
377.32	-14.34
377.54	-22.53
377.75	77.82
377.96	2.05
378.17	30.72
378.38	-51.20
378.60	51.20
378.81	40.96
379.02	20.48
379.23	-18.43
379.45	-22.53
379.66	20.48
379.87	36.86
380.08	47.10
380.30	-4.10
380.51	43.01
380.72	133.12
380.93	43.01
381.14	45.06
381.36	-12.29
381.57	6.14
381.78	112.64
381.99	73.73
382.20	126.97
382.42	-6.14
382.63	88.06
382.84	-4.10
383.05	147.45
383.27	32.77
383.48	102.40
383.69	-43.01
383.90	65.54
384.11	28.67
384.33	-10.24
384.54	16.38
384.75	71.68
384.96	49.15
385.17	10.24
385.39	122.88
385.60	88.06
385.81	24.58
386.02	-14.34
386.23	45.06
386.45	100.35
386.66	-32.77
386.87	-2.05
387.08	10.24
387.29	-26.62
387.50	47.10
387.72	8.19
387.93	38.91
388.14	16.38
388.35	90.11
388.56	-32.77
388.78	122.88
388.99	-2.05
389.20	-22.53
389.41	77.82
389.62	36.86
389.83	18.43
390.05	102.40
390.26	28.67
390.47	4.10
390.68	-14.34
390.89	51.20
391.10	-96.25
391.32	34.82
391.53	28.67
391.74	45.06
391.95	-34.82
392.16	-2.05
392.37	108.54
392.59	12.29
392.80	65.54
393.01	96.25
393.22	-57.34
393.43	-34.82
393.64	79.87
393.86	43.01
394.07	18.43
394.28	-20.48
394.49	143.36
394.70	-14.34
394.91	18.43
395.12	53.25
395.34	49.15
395.55	26.62
395.76	-51.20
395.97	2.05
396.18	45.06
396.39	51.20
396.60	69.63
396.82	71.68
397.03	53.25
397.24	6.14
397.45	-12.29
397.66	65.54
397.87	79.87
398.08	-20.48
398.29	133.12
398.51	12.29
398.72	-22.53
398.93	-12.29
399.14	10.24
399.35	-61.44
399.56	18.43
399.77	6.14
399.98	-20.48
400.20	-12.29
400.41	-47.10
400.62	-38.91
400.83	-32.77
401.04	-36.86
401.25	34.82
401.46	22.53
401.67	83.97
401.88	102.40
402.10	98.30
402.31	14.34
402.52	10.24
402.73	55.30
402.94	-26.62
403.15	-16.38
403.36	28.67
403.57	53.25
403.78	90.11
403.99	-16.38
404.21	-43.01
404.42	24.58
404.63	-8.19
404.84	81.92
405.05	-90.11
405.26	-34.82
405.47	-47.10
405.68	77.82
405.89	26.62
406.10	-24.58
406.31	-28.67
406.53	73.73
406.74	163.84
406.95	32.77
407.16	8.19
407.37	12.29
407.58	12.29
407.79	163.84
408.00	-126.97
408.21	22.53
408.42	75.77
408.63	-47.10
408.84	88.06
409.05	14.34
409.27	-22.53
409.48	63.49
409.69	79.87
409.90	88.06
410.11	98.30
410.32	28.67
410.53	100.35
410.74	83.97
410.95	-4.10
411.16	-108.54
411.37	-102.40
411.58	94.21
411.79	190.46
412.00	92.16
412.21	126.97
412.42	57.34
412.63	63.49
412.84	32.77
413.06	-6.14
413.27	2.05
413.48	12.29
413.69	61.44
413.90	51.20
414.11	-47.10
414.32	26.62
414.53	14.34
414.74	83.97
414.95	-57.34
415.16	133.12
415.37	18.43
415.58	-16.38
415.79	0.00
416.00	-16.38
416.21	43.01
416.42	108.54
416.63	-38.91
416.84	88.06
417.05	-73.73
417.26	118.78
417.47	131.07
417.68	-40.96
417.89	51.20
418.10	-12.29
418.31	20.48
418.52	40.96
418.73	4.10
418.94	-98.30
419.15	53.25
419.36	28.67
419.57	-63.49
419.78	98.30
419.99	69.63
420.20	28.67
420.41	-67.58
420.62	-12.29
420.83	59.39
421.04	-16.38
421.25	112.64
421.46	96.25
421.67	96.25
421.88	2.05
422.09	38.91
422.30	28.67
422.51	22.53
422.72	53.25
422.93	200.70
423.14	2.05
423.35	98.30
423.56	-75.77
423.77	149.50
423.98	135.17
424.19	73.73
424.40	28.67
424.61	32.77
424.82	24.58
425.03	47.10
425.24	-2.05
425.45	-51.20
425.66	10.24
425.87	-28.67
426.08	-18.43
426.29	43.01
426.50	-32.77
426.71	51.20
426.92	-157.69
427.13	83.97
427.34	-14.34
427.55	-6.14
427.76	47.10
427.97	10.24
428.18	16.38
428.39	-14.34
428.60	81.92
428.81	45.06
429.02	6.14
429.23	24.58
429.44	98.30
429.65	51.20
429.85	106.49
430.06	-16.38
430.27	-10.24
430.48	-63.49
430.69	122.88
430.90	18.43
431.11	100.35
431.32	-40.96
431.53	59.39
431.74	30.72
431.95	38.91
432.16	6.14
432.37	106.49
432.58	-12.29
432.79	75.77
433.00	30.72
433.21	4.10
433.42	40.96
433.62	4.10
433.83	-75.77
434.04	98.30
434.25	-30.72
434.46	40.96
434.67	75.77
434.88	83.97
435.09	22.53
435.30	-24.58
435.51	88.06
435.72	53.25
435.93	-14.34
436.14	-20.48
436.34	51.20
436.55	-86.01
436.76	8.19
436.97	55.30
437.18	28.67
437.39	-6.14
437.60	43.01
437.81	94.21
438.02	-24.58
438.23	-6.14
438.44	-6.14
438.64	-30.72
438.85	90.11
439.06	79.87
439.27	43.01
439.48	-26.62
439.69	61.44
439.90	47.10
440.11	69.63
440.32	94.21
440.53	55.30
440.73	38.91
440.94	71.68
441.15	81.92
441.36	57.34
441.57	53.25
441.78	4.10
441.99	-26.62
442.20	53.25
442.40	-10.24
442.61	-12.29
442.82	51.20
443.03	63.49
443.24	16.38
443.45	75.77
443.66	92.16
443.87	-34.82
444.07	100.35
444.28	36.86
444.49	2.05
444.70	0.00
444.91	-57.34
445.12	40.96
445.33	-28.67
445.54	51.20
445.74	0.00
445.95	106.49
446.16	61.44
446.37	0.00
446.58	-32.77
446.79	65.54
447.00	-30.72
447.20	-12.29
447.41	2.05
447.62	102.40
447.83	90.11
448.04	57.34
448.25	-69.63
448.46	174.08
448.66	6.14
448.87	43.01
449.08	0.00
449.29	22.53
449.50	-57.34
449.71	0.00
449.91	75.77
450.12	12.29
450.33	24.58
450.54	32.77
450.75	14.34
450.96	20.48
451.16	4.10
451.37	2.05
451.58	86.01
451.79	32.77
452.00	51.20
452.21	12.29
452.41	-18.43
452.62	55.30
452.83	12.29
453.04	98.30
453.25	81.92
453.45	24.58
453.66	-178.17
453.87	75.77
454.08	-34.82
454.29	-2.05
454.50	24.58
454.70	90.11
454.91	-20.48
455.12	-16.38
455.33	0.00
455.54	18.43
455.74	0.00
455.95	-83.97
456.16	81.92
456.37	-16.38
456.58	36.86
456.78	110.59
456.99	86.01
457.20	8.19
457.41	49.15
457.62	-4.10
457.82	-32.77
458.03	53.25
458.24	18.43
458.45	-51.20
458.66	75.77
458.86	-141.31
459.07	-22.53
459.28	38.91
459.49	172.03
459.69	45.06
459.90	53.25
460.11	40.96
460.32	22.53
460.53	12.29
460.73	-4.10
460.94	-73.73
461.15	155.65
461.36	-30.72
461.56	-47.10
461.77	88.06
461.98	-65.54
462.19	20.48
462.39	53.25
462.60	38.91
462.81	86.01
463.02	-8.19
463.23	51.20
463.43	79.87
463.64	38.91
463.85	83.97
464.06	67.58
464.26	65.54
464.47	32.77
464.68	55.30
464.89	75.77
465.09	12.29
465.30	8.19
465.51	110.59
465.72	-36.86
465.92	-139.26
466.13	34.82
466.34	40.96
466.55	38.91
466.75	8.19
466.96	12.29
467.17	20.48
467.37	-6.14
467.58	38.91
467.79	24.58
468.00	18.43
468.20	-24.58
468.41	-32.77
468.62	106.49
468.83	-20.48
469.03	141.31
469.24	6.14
469.45	124.93
469.65	47.10
469.86	129.02
470.07	106.49
470.28	34.82
470.48	-47.10
470.69	49.15
470.90	28.67
471.11	47.10
471.31	-90.11
471.52	157.69
471.73	-73.73
471.93	86.01
472.14	43.01
472.35	151.55
472.55	-4.10
472.76	-34.82
472.97	0.00
473.18	47.10
473.38	22.53
473.59	-79.87
473.80	75.77
474.00	-30.72
474.21	77.82
474.42	49.15
474.62	112.64
474.83	6.14
475.04	-8.19
475.25	81.92
475.45	34.82
475.66	40.96
475.87	55.30
476.07	-4.10
476.28	-10.24
476.49	88.06
476.69	-67.58
476.90	75.77
477.11	-18.43
477.31	16.38
477.52	2.05
477.73	12.29
477.93	-14.34
478.14	-14.34
478.35	12.29
478.55	-26.62
478.76	16.38
478.97	69.63
479.17	-12.29
479.38	53.25
479.59	-40.96
479.79	45.06
480.00	-20.48
480.21	32.77
480.41	-4.10
480.62	10.24
480.83	-53.25
481.03	36.86
481.24	73.73
481.45	-92.16
481.65	24.58
481.86	100.35
482.07	6.14
482.27	18.43
482.48	-92.16
482.69	40.96
482.89	67.58
483.10	43.01
483.30	-38.91
483.51	-40.96
483.72	12.29
483.92	55.30
484.13	-49.15
484.34	43.01
484.54	14.34
484.75	14.34
484.96	-12.29
485.16	90.11
485.37	34.82
485.57	-18.43
485.78	36.86
485.99	-24.58
486.19	38.91
486.40	14.34
486.61	-34.82
486.81	51.20
487.02	28.67
487.22	-26.62
487.43	-12.29
487.64	-69.63
487.84	-40.96
488.05	6.14
488.25	30.72
488.46	0.00
488.67	-51.20
488.87	24.58
489.08	-2.05
489.28	-34.82
489.49	61.44
489.70	-67.58
489.90	83.97
490.11	51.20
490.31	40.96
490.52	14.34
490.73	49.15
490.93	-30.72
491.14	-106.49
491.34	-63.49
491.55	65.53
491.76	30.72
491.96	186.37
492.17	112.64
492.37	-16.38
492.58	-61.44
492.79	-18.43
492.99	-8.19
493.20	-22.53
493.40	-6.14
493.61	131.07
493.81	-26.62
494.02	-88.06
494.23	-55.30
494.43	-6.14
494.64	83.97
494.84	-18.43
495.05	75.77
495.25	53.25
495.46	24.58
495.67	-26.62
495.87	-34.82
496.08	-90.11
496.28	108.54
496.49	100.35
496.69	26.62
496.90	-8.19
497.11	-38.91
497.31	65.54
497.52	6.14
497.72	57.34
497.93	49.15
498.13	112.64
498.34	57.34
498.54	182.27
498.75	-10.24
498.95	59.39
499.16	81.92
499.37	-45.06
499.57	-28.67
499.78	55.30
499.98	-16.38
500.19	-6.14
500.39	14.34
500.60	8.19
500.80	38.91
501.01	-63.49
501.21	2.05
501.42	71.68
501.62	20.48
501.83	18.43
502.04	-2.05
502.24	-92.16
502.45	-20.48
502.65	34.82
502.86	-67.58
503.06	40.96
503.27	-30.72
503.47	69.63
503.68	0.00
503.88	-49.15
504.09	-59.39
504.29	53.25
504.50	77.82
504.70	-12.29
504.91	65.53
505.11	71.68
505.32	-40.96
505.52	118.78
505.73	67.58
505.93	90.11
506.14	-32.77
506.34	65.54
506.55	131.07
506.75	-43.01
506.96	-16.38
507.16	-45.06
507.37	-28.67
507.57	-14.34
507.78	18.43
507.98	-14.34
508.19	28.67
508.39	55.30
508.60	129.02
508.80	30.72
509.01	67.58
509.21	2.05
509.42	-63.49
509.62	-14.34
509.83	26.62
510.03	-32.77
510.24	40.96
510.44	4.10
510.65	16.38
510.85	-51.20
511.05	47.10
511.26	0.00
511.46	-63.49
511.67	-61.44
511.87	20.48
512.08	-47.10
512.28	45.06
512.49	26.62
512.69	102.40
512.90	10.24
513.10	18.43
513.31	-55.30
513.51	18.43
513.71	28.67
513.92	53.25
514.12	28.67
514.33	43.01
514.53	75.77
514.74	24.58
514.94	69.63
515.15	8.19
515.35	65.53
515.55	135.17
515.76	102.40
515.96	10.24
516.17	-71.68
516.37	-120.83
516.58	8.19
516.78	38.91
516.99	94.21
517.19	8.19
517.39	-2.05
517.60	10.24
517.80	104.45
518.01	-16.38
518.21	-73.73
518.42	-36.86
518.62	-34.82
518.82	90.11
519.03	14.34
519.23	-18.43
519.44	8.19
519.64	38.91
519.84	34.82
520.05	-30.72
520.25	32.77
520.46	49.15
520.66	16.38
520.87	-38.91
521.07	-30.72
521.27	20.48
521.48	2.05
521.68	83.97
521.89	-112.64
522.09	55.30
522.29	22.53
522.50	30.72
522.70	96.25
522.91	61.44
523.11	36.86
523.31	-34.82
523.52	94.21
523.72	-40.96
523.93	73.73
524.13	108.54
524.33	155.65
524.54	28.67
524.74	88.06
524.94	61.44
525.15	26.62
525.35	18.43
525.56	-57.34
525.76	75.77
525.96	6.14
526.17	71.68
526.37	36.86
526.58	40.96
526.78	32.77
526.98	22.53
527.19	51.20
527.39	24.58
527.59	-30.72
527.80	-4.10
528.00	22.53
528.20	59.39
528.41	30.72
528.61	34.82
528.82	-26.62
529.02	-61.44
529.22	-83.97
529.43	24.58
529.63	18.43
529.83	51.20
530.04	83.97
530.24	14.34
530.44	-53.25
530.65	47.10
530.85	-71.68
531.05	-36.86
531.26	98.30
531.46	-2.05
531.66	36.86
531.87	57.34
532.07	-94.21
532.27	-92.16
532.48	63.49
532.68	-43.01
532.88	0.00
533.09	65.54
533.29	4.10
533.49	4.10
533.70	18.43
533.90	-47.10
534.10	16.38
534.31	53.25
534.51	12.29
534.71	118.78
534.92	120.83
535.12	145.41
535.32	26.62
535.53	14.34
535.73	108.54
535.93	-69.63
536.14	141.31
536.34	55.30
536.54	2.05
536.75	163.84
536.95	24.58
537.15	59.39
537.35	71.68
537.56	-26.62
537.76	-73.73
537.96	100.35
538.17	8.19
538.37	40.96
538.57	65.54
538.78	61.44
538.98	-43.01
539.18	-16.38
539.38	10.24
539.59	12.29
539.79	100.35
539.99	24.58
540.20	24.58
540.40	-34.82
540.60	20.48
540.80	-26.62
541.01	-90.11
541.21	45.06
541.41	63.49
541.62	8.19
541.82	-14.34
542.02	61.44
542.22	-12.29
542.43	26.62
542.63	0.00
542.83	12.29
543.03	-28.67
543.24	-69.63
543.44	90.11
543.64	79.87
543.84	-75.77
544.05	16.38
544.25	26.62
544.45	-22.53
544.66	20.48
544.86	108.54
545.06	-38.91
545.26	2.05
545.47	28.67
545.67	-2.05
545.87	-16.38
546.07	135.17
546.28	77.82
546.48	6.14
546.68	-22.53
546.88	96.25
547.09	28.67
547.29	20.48
547.49	-110.59
547.69	34.82
547.89	-22.53
548.10	96.25
548.30	6.14
548.50	94.21
548.70	-18.43
548.91	143.36
549.11	90.11
549.31	55.30
549.51	98.30
549.72	77.82
549.92	4.10
550.12	2.05
550.32	20.48
550.52	-51.20
550.73	49.15
550.93	-51.20
551.13	-51.20
551.33	-67.58
551.54	53.25
551.74	-2.05
551.94	28.67
552.14	71.68
552.34	73.73
552.55	-8.19
552.75	-4.10
552.95	106.49
553.15	-2.05
553.35	34.82
553.56	59.39
553.76	-6.14
553.96	79.87
554.16	-40.96
554.36	49.15
554.57	-2.05
554.77	24.58
554.97	-22.53
555.17	32.77
555.37	-8.19
555.57	30.72
555.78	28.67
555.98	98.30
556.18	-16.38
556.38	65.54
556.58	-79.87
556.79	-2.05
556.99	36.86
557.19	16.38
557.39	22.53
557.59	129.02
557.79	22.53
558.00	-40.96
558.20	126.97
558.40	53.25
558.60	90.11
558.80	0.00
559.00	59.39
559.21	133.12
559.41	59.39
559.61	-30.72
559.81	-36.86
560.01	-30.72
560.21	-28.67
560.42	-22.53
560.62	38.91
560.82	8.19
561.02	88.06
561.22	-57.34
561.42	55.30
561.62	-28.67
561.83	83.97
562.03	47.10
562.23	-55.30
562.43	57.34
562.63	-51.20
562.83	30.72
563.03	51.20
563.24	47.10
563.44	112.64
563.64	8.19
563.84	96.25
564.04	86.01
564.24	75.77
564.44	196.61
564.64	-102.40
564.85	57.34
565.05	98.30
565.25	-112.64
565.45	67.58
565.65	108.54
565.85	-14.34
566.05	-2.05
566.25	-30.72
566.46	-14.34
566.66	57.34
566.86	59.39
567.06	-59.39
567.26	88.06
567.46	-16.38
567.66	63.49
567.86	53.25
568.06	-59.39
568.27	22.53
568.47	57.34
568.67	22.53
568.87	24.58
569.07	20.48
569.27	28.67
569.47	43.01
569.67	53.25
569.87	79.87
570.07	-4.10
570.27	108.54
570.48	49.15
570.68	-43.01
570.88	-63.49
571.08	12.29
571.28	118.78
571.48	-47.10
571.68	-26.62
571.88	83.97
572.08	88.06
572.28	14.34
572.48	135.17
572.68	-102.40
572.89	120.83
573.09	-81.92
573.29	30.72
573.49	-12.29
573.69	137.21
573.89	124.93
574.09	-75.77
574.29	6.14
574.49	71.68
574.69	65.54
574.89	-71.68
575.09	-16.38
575.29	65.54
575.49	-75.77
575.69	-43.01
575.89	36.86
576.09	6.14
576.30	-12.29
576.50	0.00
576.70	71.68
576.90	36.86
577.10	71.68
577.30	43.01
577.50	-16.38
577.70	-45.06
577.90	-92.16
578.10	90.11
578.30	51.20
578.50	-2.05
578.70	51.20
578.90	86.01
579.10	-24.58
579.30	18.43
579.50	-57.34
579.70	0.00
579.90	77.82
580.10	-38.91
580.30	34.82
580.50	18.43
580.70	-63.49
580.90	2.05
581.10	61.44
581.30	-6.14
581.50	14.34
581.70	-75.77
581.90	-2.05
582.10	4.10
582.30	-4.10
582.50	-32.77
582.70	81.92
582.90	94.21
583.10	22.53
583.30	43.01
583.50	47.10
583.70	81.92
583.90	34.82
584.10	65.54
584.30	26.62
584.50	47.10
584.70	98.30
584.90	-18.43
585.10	-16.38
585.30	43.01
585.50	165.89
585.70	18.43
585.90	-67.58
586.10	106.49
586.30	-8.19
586.50	88.06
586.70	90.11
586.90	-36.86
587.10	-43.01
587.30	24.58
587.50	20.48
587.70	57.34
587.90	-22.53
588.10	-83.97
588.30	67.58
588.50	34.82
588.70	45.06
588.90	14.34
589.10	30.72
589.30	-26.62
589.50	139.26
589.70	4.10
589.90	18.43
590.10	-69.63
590.30	-81.92
590.50	-61.44
590.69	75.77
590.89	-26.62
591.09	102.40
591.29	22.53
591.49	-59.39
591.69	18.43
591.89	92.16
592.09	61.44
592.29	30.72
592.49	-110.59
592.69	4.10
592.89	28.67
593.09	-77.82
593.29	2.05
593.49	18.43
593.69	-47.10
593.89	-24.58
594.08	32.77
594.28	26.62
594.48	55.30
594.68	12.29
594.88	-38.91
595.08	-24.58
595.28	-49.15
595.48	12.29
595.68	2.05
595.88	94.21
596.08	75.77
596.28	-28.67
596.47	-30.72
596.67	-122.88
596.87	65.53
597.07	-16.38
597.27	57.34
597.47	94.21
597.67	75.77
597.87	-63.49
598.07	30.72
598.27	65.54
598.47	26.62
598.66	49.15
598.86	24.58
599.06	14.34
599.26	22.53
599.46	16.38
599.66	-2.05
599.86	49.15
600.06	6.14
600.26	83.97
600.45	43.01
600.65	-28.67
600.85	112.64
601.05	-2.05
601.25	-4.10
601.45	14.34
601.65	26.62
601.85	0.00
602.04	86.01
602.24	2.05
602.44	157.69
602.64	26.62
602.84	65.54
603.04	-28.67
603.24	32.77
603.43	-16.38
603.63	14.34
603.83	77.82
604.03	-18.43
604.23	59.39
604.43	47.10
604.63	22.53
604.82	-2.05
605.02	-36.86
605.22	43.01
605.42	28.67
605.62	-36.86
605.82	69.63
606.02	75.77
606.21	-14.34
606.41	59.39
606.61	32.77
606.81	112.64
607.01	-20.48
607.21	51.20
607.40	106.49
607.60	67.58
607.80	22.53
608.00	32.77
608.20	-22.53
608.40	-110.59
608.59	-24.58
608.79	12.29
608.99	-88.06
609.19	-2.05
609.39	12.29
609.59	116.73
609.78	-88.06
609.98	34.82
610.18	131.07
610.38	45.06
610.58	59.39
610.77	-4.10
610.97	26.62
611.17	30.72
611.37	-34.82
611.57	-30.72
611.76	12.29
611.96	49.15
612.16	14.34
612.36	32.77
612.56	28.67
612.75	-51.20
612.95	-34.82
613.15	57.34
613.35	10.24
613.55	90.11
613.74	-57.34
613.94	114.69
614.14	131.07
614.34	122.88
614.54	102.40
614.73	131.07
614.93	57.34
615.13	38.91
615.33	77.82
615.53	-28.67
615.72	104.45
615.92	28.67
616.12	-28.67
616.32	-49.15
616.51	135.17
616.71	-26.62
616.91	-22.53
617.11	8.19
617.30	-8.19
617.50	26.62
617.70	10.24
617.90	14.34
618.10	55.30
618.29	-77.82
618.49	34.82
618.69	100.35
618.89	61.44
619.08	-28.67
619.28	38.91
619.48	34.82
619.68	36.86
619.87	26.62
620.07	18.43
620.27	-2.05
620.47	-8.19
620.66	14.34
620.86	24.58
621.06	55.30
621.25	-59.39
621.45	-2.05
621.65	-61.44
621.85	-36.86
622.04	-2.05
622.24	36.86
622.44	75.77
622.64	131.07
622.83	28.67
623.03	-38.91
623.23	57.34
623.43	10.24
623.62	-67.58
623.82	73.73
624.02	90.11
624.21	-45.06
624.41	22.53
624.61	22.53
624.81	-49.15
625.00	-49.15
625.20	-2.05
625.40	102.40
625.59	36.86
625.79	47.10
625.99	116.73
626.18	22.53
626.38	30.72
626.58	79.87
626.78	47.10
626.97	18.43
627.17	-14.34
627.37	92.16
627.56	30.72
627.76	-12.29
627.96	6.14
628.15	-6.14
628.35	32.77
628.55	-2.05
628.74	-47.10
628.94	63.49
629.14	-10.24
629.34	20.48
629.53	32.77
629.73	34.82
629.93	49.15
630.12	22.53
630.32	106.49
630.52	14.34
630.71	-28.67
630.91	12.29
631.11	75.77
631.30	38.91
631.50	-10.24
631.70	-6.14
631.89	4.10
632.09	34.82
632.29	-12.29
632.48	-71.68
632.68	73.73
632.88	43.01
633.07	10.24
633.27	-8.19
633.46	-10.24
633.66	-26.62
633.86	79.87
634.05	-34.82
634.25	-10.24
634.45	-16.38
634.64	-20.48
634.84	34.82
635.04	8.19
635.23	94.21
635.43	83.97
635.63	-12.29
635.82	-45.06
636.02	71.68
636.21	43.01
636.41	12.29
636.61	36.86
636.80	-22.53
637.00	131.07
637.20	34.82
637.39	-4.10
637.59	47.10
637.78	16.38
637.98	55.30
638.18	112.64
638.37	63.49
638.57	12.29
638.77	-131.07
638.96	43.01
639.16	43.01
639.35	36.86
639.55	51.20
639.75	6.14
639.94	118.78
640.14	-118.78
640.33	-22.53
640.53	34.82
640.73	-94.21
640.92	22.53
641.12	75.77
641.31	116.73
641.51	24.58
641.71	40.96
641.90	-45.06
642.10	36.86
642.29	-16.38
642.49	4.10
642.68	20.48
642.88	18.43
643.08	51.20
643.27	-16.38
643.47	-22.53
643.66	8.19
643.86	-26.62
644.06	16.38
644.25	73.73
644.45	77.82
644.64	22.53
644.84	10.24
645.03	22.53
645.23	169.98
645.43	10.24
645.62	141.31
645.82	-8.19
646.01	75.77
646.21	12.29
646.40	34.82
646.60	40.96
646.79	10.24
646.99	-18.43
647.19	-79.87
647.38	36.86
647.58	53.25
647.77	69.63
647.97	40.96
648.16	32.77
648.36	-49.15
648.55	45.06
648.75	18.43
648.94	-2.05
649.14	45.06
649.33	-53.25
649.53	-28.67
649.73	-34.82
649.92	10.24
650.12	75.77
650.31	26.62
650.51	116.73
650.70	-16.38
650.90	114.69
651.09	73.73
651.29	-38.91
651.48	-32.77
651.68	104.45
651.87	8.19
652.07	-45.06
652.26	96.25
652.46	40.96
652.65	16.38
652.85	77.82
653.04	6.14
653.24	-53.25
653.43	32.77
653.63	133.12
653.82	149.50
654.02	-36.86
654.21	100.35
654.41	69.63
654.60	24.58
654.80	106.49
654.99	-49.15
655.19	-38.91
655.38	-65.54
655.58	-12.29
655.77	16.38
655.97	38.91
656.16	147.45
656.36	124.93
656.55	-43.01
656.75	45.06
656.94	45.06
657.14	-32.77
657.33	-38.91
657.53	-86.01
657.72	73.73
657.92	182.27
658.11	0.00
658.31	135.17
658.50	-18.43
658.69	26.62
658.89	-24.58
659.08	30.72
659.28	110.59
659.47	55.30
659.67	-47.10
659.86	0.00
660.06	67.58
660.25	40.96
660.45	-26.62
660.64	26.62
660.84	-67.58
661.03	32.77
661.22	24.58
661.42	94.21
661.61	10.24
661.81	36.86
662.00	-6.14
662.20	24.58
662.39	106.49
662.59	51.20
662.78	-40.96
662.97	-77.82
663.17	26.62
663.36	34.82
663.56	77.82
663.75	-6.14
663.95	47.10
664.14	53.25
664.33	77.82
664.53	-38.91
664.72	0.00
664.92	6.14
665.11	180.22
665.30	12.29
665.50	34.82
665.69	-12.29
665.89	32.77
666.08	32.77
666.28	22.53
666.47	53.25
666.66	18.43
666.86	0.00
667.05	-6.14
667.25	100.35
667.44	-32.77
667.63	10.24
667.83	26.62
668.02	6.14
668.22	4.10
668.41	43.01
668.60	75.77
668.80	100.35
668.99	28.67
669.19	-98.30
669.38	55.30
669.57	49.15
669.77	96.25
669.96	-4.10
670.15	-8.19
670.35	-53.25
670.54	-51.20
670.74	81.92
670.93	38.91
671.12	-55.30
671.32	34.82
671.51	20.48
671.70	73.73
671.90	-26.62
672.09	51.20
672.29	14.34
672.48	118.78
672.67	-22.53
672.87	8.19
673.06	38.91
673.25	-20.48
673.45	-12.29
673.64	-73.73
673.83	59.39
674.03	57.34
674.22	51.20
674.41	83.97
674.61	98.30
674.80	38.91
674.99	30.72
675.19	-4.10
675.38	-38.91
675.57	77.82
675.77	67.58
675.96	-20.48
676.15	61.44
676.35	51.20
676.54	55.30
676.73	-36.86
676.93	12.29
677.12	12.29
677.31	38.91
677.51	24.58
677.70	-45.06
677.89	53.25
678.09	-61.44
678.28	-22.53
678.47	4.10
678.67	26.62
678.86	-36.86
679.05	-18.43
679.25	-2.05
679.44	69.63
679.63	-61.44
679.83	-24.58
680.02	104.45
680.21	-2.05
680.40	28.67
680.60	-8.19
680.79	-43.01
680.98	-43.01
681.18	-30.72
681.37	8.19
681.56	28.67
681.76	6.14
681.95	-47.10
682.14	20.48
682.33	102.40
682.53	-38.91
682.72	32.77
682.91	114.69
683.11	-45.06
683.30	-20.48
683.49	6.14
683.68	110.59
683.88	-16.38
684.07	63.49
684.26	47.10
684.46	53.25
684.65	28.67
684.84	22.53
685.03	-30.72
685.23	36.86
685.42	-28.67
685.61	28.67
685.80	61.44
686.00	43.01
686.19	20.48
686.38	79.87
686.57	98.30
686.77	-26.62
686.96	-2.05
687.15	28.67
687.34	-10.24
687.54	-14.34
687.73	-36.86
687.92	26.62
688.11	28.67
688.31	-12.29
688.50	45.06
688.69	2.05
688.88	59.39
689.08	18.43
689.27	63.49
689.46	114.69
689.65	40.96
689.85	14.34
690.04	-94.21
690.23	-10.24
690.42	-18.43
690.61	108.54
690.81	-20.48
691.00	75.77
691.19	79.87
691.38	176.13
691.58	57.34
691.77	57.34
691.96	8.19
692.15	-108.54
692.34	90.11
692.54	22.53
692.73	-2.05
692.92	73.73
693.11	71.68
693.30	-71.68
693.50	4.10
693.69	-12.29
693.88	63.49
694.07	71.68
694.26	71.68
694.46	-18.43
694.65	36.86
694.84	77.82
695.03	61.44
695.22	75.77
695.42	65.54
695.61	-45.06
695.80	24.58
695.99	12.29
696.18	-45.06
696.37	-16.38
696.57	-6.14
696.76	61.44
696.95	-83.97
697.14	-10.24
697.33	0.00
697.53	-77.82
697.72	-6.14
697.91	63.49
698.10	-73.73
698.29	-4.10
698.48	26.62
698.68	-34.82
698.87	83.97
699.06	79.87
699.25	-20.48
699.44	-65.54
699.63	59.39
699.82	-57.34
700.02	100.35
700.21	-4.10
700.40	61.44
700.59	-30.72
700.78	6.14
700.97	30.72
701.16	86.01
701.36	-8.19
701.55	67.58
701.74	34.82
701.93	47.10
702.12	36.86
702.31	61.44
702.50	73.73
702.70	-28.67
702.89	-40.96
703.08	-51.20
703.27	16.38
703.46	-10.24
703.65	61.44
703.84	63.49
704.03	-49.15
704.23	28.67
704.42	-24.58
704.61	-8.19
704.80	88.06
704.99	67.58
705.18	-24.58
705.37	18.43
705.56	-16.38
705.75	153.60
705.95	40.96
706.14	26.62
706.33	36.86
706.52	-49.15
706.71	-32.77
706.90	61.44
707.09	-43.01
707.28	-14.34
707.47	126.97
707.66	-22.53
707.86	98.30
708.05	-49.15
708.24	108.54
708.43	6.14
708.62	-14.34
708.81	-34.82
709.00	81.92
709.19	8.19
709.38	-73.73
709.57	24.58
709.76	40.96
709.95	12.29
710.15	126.97
710.34	-22.53
710.53	49.15
710.72	8.19
710.91	47.10
711.10	-36.86
711.29	90.11
711.48	53.25
711.67	-90.11
711.86	69.63
712.05	12.29
712.24	131.07
712.43	165.89
712.62	86.01
712.81	36.86
713.00	149.50
713.19	14.34
713.39	18.43
713.58	30.72
713.77	-2.05
713.96	-28.67
714.15	83.97
714.34	10.24
714.53	30.72
714.72	-57.34
714.91	20.48
715.10	110.59
715.29	-28.67
715.48	0.00
715.67	118.78
715.86	98.30
716.05	-55.30
716.24	-14.34
716.43	12.29
716.62	81.92
716.81	-20.48
717.00	-20.48
717.19	-12.29
717.38	75.77
717.57	92.16
717.76	-12.29
717.95	10.24
718.14	69.63
718.33	-6.14
718.52	63.49
718.71	-16.38
718.90	57.34
719.09	-30.72
719.28	-63.49
719.47	51.20
719.66	114.69
719.85	94.21
720.04	6.14
720.23	-69.63
720.42	32.77
720.61	63.49
720.80	77.82
720.99	-20.48
721.18	2.05
721.37	30.72
721.56	75.77
721.75	-6.14
721.94	10.24
722.13	-45.06
722.32	67.58
722.51	86.01
722.70	122.88
722.89	26.62
723.08	49.15
723.27	67.58
723.46	47.10
723.65	53.25
723.84	22.53
724.03	86.01
724.22	22.53
724.41	-59.39
724.60	6.14
724.79	-63.49
724.97	10.24
725.16	79.87
725.35	55.30
725.54	-51.20
725.73	98.30
725.92	53.25
726.11	57.34
726.30	55.30
726.49	51.20
726.68	59.39
726.87	28.67
727.06	2.05
727.25	-36.86
727.44	0.00
727.63	40.96
727.82	57.34
728.01	32.77
728.19	100.35
728.38	20.48
728.57	43.01
728.76	55.30
728.95	120.83
729.14	-126.97
729.33	49.15
729.52	-32.77
729.71	-16.38
729.90	-24.58
730.09	22.53
730.28	40.96
730.46	67.58
730.65	-69.63
730.84	0.00
731.03	102.40
731.22	-8.19
731.41	94.21
731.60	0.00
731.79	178.17
731.98	34.82
732.17	151.55
732.35	40.96
732.54	-14.34
732.73	28.67
732.92	0.00
733.11	18.43
733.30	-59.39
733.49	-12.29
733.68	8.19
733.87	-51.20
734.05	6.14
734.24	55.30
734.43	-38.91
734.62	-26.62
734.81	34.82
735.00	-77.82
735.19	73.73
735.38	-18.43
735.56	186.37
735.75	38.91
735.94	-47.10
736.13	-18.43
736.32	-32.77
736.51	30.72
736.70	38.91
736.88	90.11
737.07	-8.19
737.26	14.34
737.45	-22.53
737.64	34.82
737.83	-38.91
738.02	30.72
738.20	-45.06
738.39	92.16
738.58	-16.38
738.77	65.53
738.96	-36.86
739.15	51.20
739.33	65.53
739.52	-10.24
739.71	73.73
739.90	77.82
740.09	69.63
740.28	28.67
740.46	-16.38
740.65	30.72
740.84	53.25
741.03	38.91
741.22	-14.34
741.41	-12.29
741.59	-28.67
741.78	22.53
741.97	6.14
742.16	-26.62
742.35	2.05
742.53	-88.06
742.72	114.69
742.91	-20.48
743.10	124.93
743.29	-4.10
743.48	57.34
743.66	169.98
743.85	-40.96
744.04	49.15
744.23	49.15
744.42	24.58
744.60	-4.10
744.79	-67.58
744.98	-75.77
745.17	83.97
745.35	18.43
745.54	53.25
745.73	57.34
745.92	-47.10
746.11	79.87
746.29	92.16
746.48	124.93
746.67	36.86
746.86	53.25
747.05	143.36
747.23	10.24
747.42	-51.20
747.61	83.97
747.80	28.67
747.98	6.14
748.17	96.25
748.36	38.91
748.55	110.59
748.73	-6.14
748.92	88.06
749.11	10.24
749.30	65.54
749.48	-59.39
749.67	126.97
749.86	28.67
750.05	18.43
750.23	24.58
750.42	143.36
750.61	12.29
750.80	12.29
750.98	135.17
751.17	10.24
751.36	-2.05
751.55	61.44
751.73	28.67
751.92	86.01
752.11	96.25
752.30	47.10
752.48	4.10
752.67	145.41
752.86	-12.29
753.04	30.72
753.23	114.69
753.42	94.21
753.61	81.92
753.79	-2.05
753.98	161.79
754.17	12.29
754.35	14.34
754.54	102.40
754.73	94.21
754.92	143.36
755.10	75.77
755.29	120.83
755.48	67.58
755.66	139.26
755.85	210.94
756.04	61.44
756.23	98.30
756.41	59.39
756.60	106.49
756.79	153.60
756.97	22.53
757.16	104.45
757.35	135.17
757.53	108.54
757.72	100.35
757.91	71.68
758.09	100.35
758.28	133.12
758.47	169.98
758.65	116.73
758.84	165.89
759.03	184.32
759.21	122.88
759.40	77.82
759.59	239.61
759.77	262.14
759.96	243.71
760.15	231.42
760.33	192.51
760.52	325.63
760.71	223.23
760.89	415.74
761.08	372.73
761.27	221.18
761.45	487.42
761.64	419.83
761.83	456.70
762.01	387.07
762.20	518.14
762.39	522.23
762.57	479.22
762.76	579.58
762.95	579.58
763.13	575.48
763.32	645.11
763.51	706.55
763.69	675.83
763.88	835.57
764.06	806.90
764.25	952.31
764.44	1075.18
764.62	1349.61
764.81	1351.66
765.00	1396.71
765.18	1351.66
765.37	1503.21
765.55	1617.90
765.74	1742.82
765.93	1773.54
766.11	1916.90
766.30	1982.43
766.48	2099.17
766.67	2068.45
766.86	2295.77
767.04	2447.32
767.23	2490.33
767.42	2574.30
767.60	2516.95
767.79	3028.95
767.97	2977.75
768.16	3000.27
768.35	3284.94
768.53	3381.20
768.72	3524.55
768.90	3559.37
769.09	3782.60
769.27	3891.14
769.46	3995.59
769.65	4227.01
769.83	4376.51
770.02	4626.36
770.20	4788.15
770.39	4857.78
770.58	5052.34
770.76	5449.64
770.95	5625.77
771.13	5808.04
771.32	6021.03
771.50	6328.22
771.69	6490.01
771.88	6983.57
772.06	7153.55
772.25	7157.65
772.43	7462.80
772.62	7698.31
772.80	8073.09
772.99	8177.54
773.17	8220.55
773.36	8763.26
773.55	8515.45
773.73	8787.83
773.92	8920.95
774.10	9383.79
774.29	9463.66
774.47	9467.76
774.66	9535.34
774.84	9787.24
775.03	9903.98
775.21	10119.01
775.40	10090.34
775.58	10127.21
775.77	10198.88
775.96	10362.72
776.14	10366.82
776.33	10704.73
776.51	10411.87
776.70	10440.54
776.88	10598.24
777.07	10479.46
777.25	10938.20
777.44	10975.06
777.62	10973.02
777.81	11824.97
777.99	11855.69
778.18	12599.10
778.36	13104.95
778.55	13076.28
778.73	13655.86
778.92	14368.55
779.10	14096.17
779.29	14724.90
779.47	14665.50
779.66	14550.82
779.84	14792.48
780.03	14432.04
780.21	14354.21
780.40	14268.20
780.58	14571.30
780.77	14137.13
780.95	13958.96
781.14	13786.93
781.32	13614.90
781.51	13133.62
781.69	13023.03
781.88	12513.09
782.06	12525.38
782.25	12500.80
782.43	11947.85
782.62	12193.61
782.80	11786.06
782.99	11671.37
783.17	11624.27
783.35	11290.45
783.54	11448.15
783.72	11261.78
783.91	11132.76
784.09	11476.82
784.28	11253.59
784.46	10911.58
784.65	11044.70
784.83	11026.26
785.02	10829.66
785.20	10788.70
785.39	10735.45
785.57	10712.92
785.75	10471.26
785.94	10461.02
786.12	9801.58
786.31	10030.95
786.49	10067.81
786.68	10037.09
786.86	9756.52
787.04	9705.32
787.23	9740.14
787.41	9418.61
787.60	9416.56
787.78	9451.38
787.97	9482.10
788.15	9226.10
788.33	9166.71
788.52	9226.10
788.70	8935.29
788.89	8947.58
789.07	8806.27
789.26	8781.69
789.44	8963.96
789.62	8841.08
789.81	8793.98
789.99	8677.24
790.18	8402.82
790.36	8537.98
790.54	8679.29
790.73	8611.71
790.91	8658.81
791.10	8732.54
791.28	8943.48
791.46	8830.84
791.65	9027.45
791.83	8789.88
792.02	8871.80
792.20	8904.57
792.38	8859.51
792.57	8966.01
792.75	8726.39
792.94	8814.46
793.12	8677.24
793.30	8648.57
793.49	8632.19
793.67	8464.25
793.85	8165.25
794.04	8099.72
794.22	8120.20
794.41	8187.78
794.59	7860.10
794.77	7784.33
794.96	8066.95
795.14	7634.83
795.32	7511.95
795.51	7501.71
795.69	7626.64
795.87	7489.42
796.06	7462.80
796.24	7550.86
796.43	7403.41
796.61	7270.29
796.79	7114.64
796.98	7319.44
797.16	6940.57
797.34	7092.12
797.53	7026.58
797.71	7057.30
797.89	7073.68
798.08	7217.04
798.26	6963.09
798.44	7075.73
798.63	7212.95
798.81	6948.76
798.99	7053.20
799.18	6707.10
799.36	6713.24
799.54	6633.37
799.73	6731.67
799.91	6516.64
800.09	6512.54
800.28	6559.64
800.46	6381.47
800.64	6170.53
800.83	6014.88
801.01	6088.61
801.19	5898.15
801.37	6272.93
801.56	5914.53
801.74	5916.58
801.92	5990.31
802.11	5816.23
802.29	5787.56
802.47	5726.12
802.66	5752.74
802.84	5590.95
803.02	5613.48
803.20	5660.59
803.39	5717.93
803.57	5668.78
803.75	5656.49
803.94	5474.22
804.12	5414.83
804.30	5513.13
804.48	5361.58
804.67	5263.28
804.85	5195.70
805.03	5130.16
805.22	5269.42
805.40	5011.38
805.58	5132.21
805.76	5009.33
805.95	5087.15
806.13	5191.60
806.31	5003.19
806.49	4986.80
806.68	4999.09
806.86	4816.82
807.04	4818.87
807.23	4741.05
807.41	4734.90
807.59	4454.33
807.77	4632.51
807.96	4421.56
808.14	4601.79
808.32	4487.10
808.50	4437.95
808.69	4325.31
808.87	4353.98
809.05	4450.24
809.23	4528.06
809.41	4396.99
809.60	4341.69
809.78	4431.80
809.96	4247.49
810.14	4327.36
810.33	4194.24
810.51	3977.16
810.69	4280.25
810.87	4116.42
811.06	4067.27
811.24	4106.18
811.42	4063.17
811.60	3983.30
811.78	3887.04
811.97	3817.41
812.15	3807.17
812.33	3950.53
812.51	3944.39
812.69	3721.16
812.88	3999.68
813.06	3694.54
813.24	3633.10
813.42	3872.71
813.61	3735.50
813.79	3528.65
813.97	3682.25
814.15	3555.27
814.33	3516.36
814.51	3461.07
814.70	3456.97
814.88	3495.88
815.06	3479.50
815.24	3452.88
815.42	3194.83
815.61	3231.69
815.79	3213.26
815.97	3248.08
816.15	3184.59
816.33	3188.69
816.51	3114.96
816.70	3094.48
816.88	3037.14
817.06	3098.58
817.24	2994.13
817.42	3096.53
817.60	2973.65
817.79	2936.79
817.97	3024.85
818.15	2869.20
818.33	2867.16
818.51	2854.87
818.69	2811.86
818.88	2703.32
819.06	2652.12
819.24	2715.61
819.42	2645.98
819.60	2691.03
819.78	2686.94
819.96	2512.86
820.15	2600.92
820.33	2453.47
820.51	2482.14
820.69	2418.65
820.87	2435.03
821.05	2389.98
821.23	2287.58
821.42	2459.61
821.60	2308.06
821.78	2244.57
821.96	2170.85
822.14	2244.57
822.32	2310.11
822.50	2176.99
822.68	2127.84
822.87	2117.60
823.05	2021.35
823.23	2168.80
823.41	2090.98
823.59	1945.57
823.77	2041.82
823.95	2017.25
824.13	2115.55
824.31	2033.63
824.50	2103.26
824.68	1994.72
824.86	2060.26
825.04	1867.75
825.22	1974.24
825.40	1822.69
825.58	1877.99
825.76	1751.01
825.94	1746.92
826.12	1757.16
826.30	1660.90
826.49	1689.57
826.67	1718.25
826.85	1859.56
827.03	1744.87
827.21	1834.98
827.39	1800.16
827.57	1724.39
827.75	1617.90
827.93	1566.70
828.11	1548.26
828.29	1566.70
828.47	1490.92
828.65	1560.55
828.83	1511.40
829.02	1488.87
829.20	1484.78
829.38	1380.33
829.56	1474.54
829.74	1460.20
829.92	1372.14
830.10	1347.56
830.28	1302.51
830.46	1337.32
830.64	1292.27
830.82	1253.36
831.00	1282.03
831.18	1169.39
831.36	1163.25
831.54	1138.67
831.72	1007.60
831.90	1066.99
832.08	1085.42
832.26	1001.46
832.44	1028.08
832.62	1013.74
832.80	1079.28
832.98	995.31
833.16	987.12
833.35	1038.32
833.53	1040.37
833.71	946.16
833.89	1062.90
834.07	1064.94
834.25	888.82
834.43	841.72
834.61	831.48
834.79	761.84
834.97	794.61
835.15	884.72
835.33	743.41
835.51	878.58
835.69	737.27
835.87	772.08
836.05	802.80
836.23	587.77
836.41	737.27
836.59	610.29
836.77	589.82
836.95	716.79
837.13	722.93
837.31	593.91
837.49	649.21
837.67	526.33
837.84	567.29
838.02	591.86
838.20	602.10
838.38	616.44
838.56	534.52
838.74	456.70
838.92	491.51
839.10	442.36
839.28	538.62
839.46	413.69
839.64	319.48
839.82	382.97
840.00	288.76
840.18	387.07
840.36	342.01
840.54	251.90
840.72	303.10
840.90	389.11
841.08	192.51
841.26	270.33
841.44	217.08
841.62	270.33
841.80	251.90
841.98	241.66
842.15	284.67
842.33	258.04
842.51	217.08
842.69	217.08
842.87	196.61
843.05	149.50
843.23	157.69
843.41	174.08
843.59	143.36
843.77	169.98
843.95	137.21
844.13	223.23
844.31	143.36
844.49	137.21
844.66	151.55
844.84	126.97
845.02	75.77
845.20	-24.58
845.38	108.54
845.56	122.88
845.74	10.24
845.92	110.59
846.10	71.68
846.28	38.91
846.46	184.32
846.63	129.02
846.81	24.58
846.99	106.49
847.17	69.63
847.35	79.87
847.53	96.25
847.71	63.49
847.89	24.58
848.07	172.03
848.24	69.63
848.42	124.93
848.60	12.29
848.78	-53.25
848.96	14.34
849.14	122.88
849.32	34.82
849.50	-61.44
849.67	-92.16
849.85	24.58
850.03	122.88
850.21	20.48
850.39	-16.38
850.57	141.31
850.75	32.77
850.92	116.73
851.10	55.30
851.28	65.53
851.46	45.06
851.64	71.68
851.82	61.44
852.00	88.06
852.17	159.74
852.35	96.25
852.53	75.77
852.71	51.20
852.89	55.30
853.07	30.72
853.24	-2.05
853.42	8.19
853.60	90.11
853.78	100.35
853.96	90.11
854.14	120.83
854.31	49.15
854.49	53.25
854.67	45.06
854.85	45.06
855.03	2.05
855.21	47.10
855.38	94.21
855.56	67.58
855.74	73.73
855.92	83.97
856.10	22.53
856.27	106.49
856.45	90.11
856.63	20.48
856.81	-43.01
856.99	0.00
857.16	-18.43
857.34	-112.64
857.52	16.38
857.70	106.49
857.88	59.39
858.05	81.92
858.23	45.06
858.41	-18.43
858.59	4.10
858.77	-34.82
858.94	-90.11
859.12	14.34
859.30	8.19
859.48	4.10
859.65	12.29
859.83	106.49
860.01	153.60
860.19	75.77
860.36	86.01
860.54	-32.77
860.72	36.86
860.90	40.96
861.08	32.77
861.25	-2.05
861.43	2.05
861.61	49.15
861.79	55.30
861.96	86.01
862.14	100.35
862.32	-28.67
862.50	90.11
862.67	79.87
862.85	28.67
863.03	14.34
863.21	108.54
863.38	-49.15
863.56	14.34
863.74	-14.34
863.91	-16.38
864.09	-79.87
864.27	112.64
864.45	40.96
864.62	67.58
864.80	8.19
864.98	-63.49
865.16	30.72
865.33	36.86
865.51	18.43
865.69	59.39
865.86	61.44
866.04	-6.14
866.22	-16.38
866.40	-45.06
866.57	47.10
866.75	-57.34
866.93	-20.48
867.10	63.49
867.28	96.25
867.46	92.16
867.63	-2.05
867.81	-2.05
867.99	-22.53
868.17	90.11
868.34	0.00
868.52	94.21
868.70	63.49
868.87	10.24
869.05	-55.30
869.23	57.34
869.40	-30.72
869.58	4.10
869.76	112.64
869.93	-18.43
870.11	-26.62
870.29	-18.43
870.46	28.67
870.64	51.20
870.82	43.01
870.99	-53.25
871.17	-28.67
871.35	118.78
871.52	18.43
871.70	-32.77
871.88	40.96
872.05	32.77
872.23	108.54
872.41	86.01
872.58	-2.05
872.76	71.68
872.94	-6.14
873.11	8.19
873.29	-63.49
873.47	-2.05
873.64	-18.43
873.82	-53.25
873.99	-122.88
874.17	10.24
874.35	92.16
874.52	47.10
874.70	-49.15
874.88	-122.88
875.05	57.34
875.23	-53.25
875.41	4.10
875.58	233.47
875.76	-47.10
875.93	-18.43
876.11	-20.48
876.29	-10.24
876.46	75.77
876.64	32.77
876.81	38.91
876.99	38.91
877.17	20.48
877.34	57.34
877.52	20.48
877.69	-4.10
877.87	124.93
878.05	98.30
878.22	-55.30
878.40	18.43
878.57	-34.82
878.75	-30.72
878.93	-40.96
879.10	-12.29
879.28	114.69
879.45	116.73
879.63	83.97
879.81	0.00
879.98	-53.25
880.16	8.19
880.33	0.00
880.51	79.87
880.68	55.30
880.86	10.24
881.04	53.25
881.21	-38.91
881.39	65.54
881.56	81.92
881.74	32.77
881.91	73.73
882.09	-28.67
882.26	92.16
882.44	-53.25
882.62	34.82
882.79	38.91
882.97	-77.82
883.14	100.35
883.32	122.88
883.49	57.34
883.67	-38.91
883.84	-4.10
884.02	-10.24
884.19	67.58
884.37	79.87
884.55	55.30
884.72	40.96
884.90	67.58
885.07	6.14
885.25	-10.24
885.42	14.34
885.60	63.49
885.77	57.34
885.95	-30.72
886.12	-38.91
886.30	-18.43
886.47	104.45
886.65	114.69
886.82	10.24
887.00	28.67
887.17	-38.91
887.35	-32.77
887.52	43.01
887.70	71.68
887.87	-22.53
888.05	81.92
888.22	126.97
888.40	-28.67
888.57	-53.25
888.75	4.10
888.92	36.86
889.10	-18.43
889.27	102.40
889.45	-61.44
889.62	79.87
889.80	55.30
889.97	83.97
890.15	26.62
890.32	63.49
890.50	71.68
890.67	-137.21
890.85	-24.58
891.02	-102.40
891.20	88.06
891.37	-73.73
891.54	20.48
891.72	24.58
891.89	8.19
892.07	6.14
892.24	145.41
892.42	73.73
892.59	-16.38
892.77	135.17
892.94	102.40
893.12	-8.19
893.29	120.83
893.46	-43.01
893.64	-77.82
893.81	8.19
893.99	63.49
894.16	90.11
894.34	-55.30
894.51	73.73
894.68	-49.15
894.86	151.55
895.03	67.58
895.21	24.58
895.38	-40.96
895.56	-32.77
895.73	61.44
895.90	-40.96
896.08	161.79
896.25	16.38
896.43	61.44
896.60	-55.30
896.78	-4.10
896.95	28.67
897.12	141.31
897.30	155.65
897.47	38.91
897.65	-12.29
897.82	34.82
897.99	-16.38
898.17	-24.58
898.34	149.50
898.52	88.06
898.69	86.01
898.86	-63.49
899.04	83.97
899.21	22.53
899.39	22.53
899.56	71.68
899.73	22.53
899.91	38.91
900.08	55.30
900.25	-83.97
900.43	20.48
900.60	79.87
900.78	98.30
900.95	71.68
901.12	-12.29
901.30	-43.01
901.47	-57.34
901.64	0.00
901.82	90.11
901.99	-24.58
902.16	-10.24
902.34	106.49
902.51	-65.53
902.69	96.25
902.86	45.06
903.03	-38.91
903.21	47.10
903.38	-4.10
903.55	-36.86
903.73	28.67
903.90	-151.55
904.07	-16.38
904.25	-36.86
904.42	77.82
904.59	71.68
904.77	55.30
904.94	-30.72
905.11	102.40
905.29	-4.10
905.46	55.30
905.63	38.91
905.81	-22.53
905.98	-75.77
906.15	28.67
906.33	100.35
906.50	-86.01
906.67	-34.82
906.84	-51.20
907.02	102.40
907.19	12.29
907.36	88.06
907.54	86.01
907.71	98.30
907.88	28.67
908.06	73.73
908.23	-75.77
908.40	-75.77
908.57	71.68
908.75	-2.05
908.92	53.25
909.09	53.25
909.27	-6.14
909.44	102.40
909.61	4.10
909.78	-12.29
909.96	131.07
910.13	-30.72
910.30	-63.49
910.48	32.77
910.65	8.19
910.82	4.10
910.99	10.24
911.17	6.14
911.34	67.58
911.51	-45.06
911.68	6.14
911.86	67.58
912.03	-2.05
912.20	129.02
912.37	-43.01
912.55	53.25
912.72	34.82
912.89	120.83
913.06	-43.01
913.24	2.05
913.41	-22.53
913.58	-40.96
913.75	-4.10
913.93	-12.29
914.10	108.54
914.27	67.58
914.44	-4.10
914.62	-143.36
914.79	-49.15
914.96	75.77
915.13	24.58
915.31	18.43
915.48	83.97
915.65	24.58
915.82	36.86
915.99	49.15
916.17	71.68
916.34	45.06
916.51	155.65
916.68	8.19
916.85	-18.43
917.03	-4.10
917.20	-47.10
917.37	196.61
917.54	20.48
917.71	149.50
917.89	6.14
918.06	59.39
918.23	-2.05
918.40	20.48
918.57	2.05
918.75	51.20
918.92	8.19
919.09	24.58
919.26	-30.72
919.43	104.45
919.61	8.19
919.78	28.67
919.95	94.21
920.12	36.86
920.29	-108.54
920.46	30.72
920.64	90.11
920.81	40.96
920.98	-49.15
921.15	118.78
921.32	-40.96
921.49	36.86
921.67	12.29
921.84	2.05
922.01	8.19
922.18	126.97
922.35	30.72
922.52	-88.06
922.69	14.34
922.87	-47.10
923.04	112.64
923.21	77.82
923.38	-8.19
923.55	26.62
923.72	28.67
923.89	8.19
924.07	16.38
924.24	-28.67
924.41	6.14
924.58	49.15
924.75	24.58
924.92	49.15
925.09	-16.38
925.26	81.92
925.44	-165.89
925.61	-20.48
925.78	2.05
925.95	-55.30
926.12	86.01
926.29	55.30
926.46	-120.83
926.63	-30.72
926.80	159.74
926.98	-61.44
927.15	-28.67
927.32	120.83
927.49	26.62
927.66	30.72
927.83	53.25
928.00	-98.30
928.17	81.92
928.34	137.21
928.51	30.72
928.69	-47.10
928.86	34.82
929.03	40.96
929.20	63.49
929.37	-14.34
929.54	86.01
929.71	-30.72
929.88	88.06
930.05	104.45
930.22	47.10
930.39	-14.34
930.56	6.14
930.73	-73.73
930.90	-12.29
931.08	139.26
931.25	12.29
931.42	36.86
931.59	4.10
931.76	-16.38
931.93	2.05
932.10	114.69
932.27	-32.77
932.44	-36.86
932.61	55.30
932.78	10.24
932.95	149.50
933.12	12.29
933.29	40.96
933.46	20.48
933.63	-34.82
933.80	22.53
933.97	71.68
934.14	63.49
934.31	77.82
934.48	79.87
934.65	49.15
934.82	-10.24
934.99	-26.62
935.16	28.67
935.33	-47.10
935.50	6.14
935.67	-24.58
935.85	36.86
936.02	53.25
936.19	-4.10
936.36	-10.24
936.53	34.82
936.70	-26.62
936.87	38.91
937.04	108.54
937.21	12.29
937.38	-49.15
937.55	2.05
937.72	6.14
937.88	10.24
938.05	-69.63
938.22	-18.43
938.39	-43.01
938.56	63.49
938.73	28.67
938.90	-14.34
939.07	-20.48
939.24	-32.77
939.41	-30.72
939.58	36.86
939.75	20.48
939.92	0.00
940.09	40.96
940.26	-61.44
940.43	-53.25
940.60	106.49
940.77	106.49
940.94	131.07
941.11	55.30
941.28	-118.78
941.45	2.05
941.62	51.20
941.79	2.05
941.96	129.02
942.13	22.53
942.30	-55.30
942.47	100.35
942.63	118.78
942.80	-30.72
942.97	30.72
943.14	55.30
943.31	16.38
943.48	-20.48
943.65	-65.54
943.82	26.62
943.99	-8.19
944.16	-20.48
944.33	61.44
944.50	149.50
944.67	69.63
944.83	26.62
945.00	55.30
945.17	-94.21
945.34	71.68
945.51	22.53
945.68	61.44
945.85	94.21
946.02	49.15
946.19	26.62
946.36	-49.15
946.53	47.10
946.69	-10.24
946.86	-55.30
947.03	20.48
947.20	-53.25
947.37	51.20
947.54	43.01
947.71	-22.53
947.88	79.87
948.05	26.62
948.21	-36.86
948.38	-18.43
948.55	26.62
948.72	-22.53
948.89	-30.72
949.06	88.06
949.23	65.53
949.40	-79.87
949.56	90.11
949.73	59.39
949.90	90.11
950.07	-20.48
950.24	34.82
950.41	94.21
950.58	57.34
950.74	6.14
950.91	0.00
951.08	34.82
951.25	-45.06
951.42	45.06
951.59	-28.67
951.75	98.30
951.92	2.05
952.09	-79.87
952.26	-16.38
952.43	12.29
952.60	-6.14
952.76	-98.30
952.93	-22.53
953.10	61.44
953.27	88.06
953.44	-57.34
953.61	-8.19
953.77	57.34
953.94	83.97
954.11	10.24
954.28	16.38
954.45	32.77
954.61	12.29
954.78	22.53
954.95	94.21
955.12	22.53
955.29	65.54
955.45	106.49
955.62	30.72
955.79	86.01
955.96	-20.48
956.13	45.06
956.29	-40.96
956.46	129.02
956.63	-77.82
956.80	8.19
956.97	20.48
957.13	116.73
957.30	0.00
957.47	40.96
957.64	79.87
957.80	30.72
957.97	157.69
958.14	-16.38
958.31	18.43
958.48	22.53
958.64	-16.38
958.81	-24.58
958.98	-71.68
959.15	71.68
959.31	-71.68
959.48	55.30
959.65	36.86
959.82	-55.30
959.98	26.62
960.15	26.62
960.32	16.38
960.49	-12.29
960.65	28.67
960.82	38.91
960.99	108.54
961.16	65.54
961.32	-45.06
961.49	-30.72
961.66	-12.29
961.83	40.96
961.99	-12.29
962.16	20.48
962.33	-86.01
962.49	-12.29
962.66	114.69
962.83	14.34
963.00	6.14
963.16	112.64
963.33	-43.01
963.50	69.63
963.66	24.58
963.83	47.10
964.00	30.72
964.17	-114.69
964.33	18.43
964.50	-12.29
964.67	57.34
964.83	-28.67
965.00	0.00
965.17	-12.29
965.33	131.07
965.50	16.38
965.67	126.97
965.84	38.91
966.00	-4.10
966.17	59.39
966.34	-12.29
966.50	131.07
966.67	49.15
966.84	120.83
967.00	34.82
967.17	-108.54
967.34	120.83
967.50	137.21
967.67	47.10
967.84	-63.49
968.00	49.15
968.17	71.68
968.34	-45.06
968.50	14.34
968.67	-67.58
968.84	0.00
969.00	24.58
969.17	88.06
969.34	14.34
969.50	-40.96
969.67	126.97
969.83	-14.34
970.00	-38.91
970.17	43.01
970.33	4.10
970.50	-2.05
970.67	96.25
970.83	174.08
971.00	43.01
971.17	90.11
971.33	49.15
971.50	6.14
971.66	77.82
971.83	126.97
972.00	124.93
972.16	63.49
972.33	24.58
972.50	67.58
972.66	-102.40
972.83	24.58
972.99	63.49
973.16	124.93
973.33	-59.39
973.49	-36.86
973.66	8.19
973.82	59.39
973.99	-26.62
974.16	-24.58
974.32	106.49
974.49	53.25
974.65	102.40
974.82	61.44
974.99	124.93
975.15	30.72
975.32	-55.30
975.48	-88.06
975.65	-55.30
975.81	106.49
975.98	26.62
976.15	16.38
976.31	51.20
976.48	6.14
976.64	28.67
976.81	51.20
976.97	86.01
977.14	51.20
977.31	24.58
977.47	104.45
977.64	-12.29
977.80	-12.29
977.97	83.97
978.13	192.51
978.30	-18.43
978.46	94.21
978.63	20.48
978.79	-8.19
978.96	32.77
979.13	126.97
979.29	18.43
979.46	4.10
979.62	-59.39
979.79	18.43
979.95	90.11
980.12	-51.20
980.28	-6.14
980.45	53.25
980.61	51.20
980.78	59.39
980.94	73.73
981.11	-2.05
981.27	45.06
981.44	57.34
981.60	45.06
981.77	73.73
981.93	6.14
982.10	47.10
982.26	-49.15
982.43	28.67
982.59	67.58
982.76	0.00
982.92	20.48
983.09	-18.43
983.25	-67.58
983.42	22.53
983.58	20.48
983.75	104.45
983.91	16.38
984.08	96.25
984.24	63.49
984.41	36.86
984.57	34.82
984.74	-92.16
984.90	157.69
985.07	75.77
985.23	65.54
985.40	0.00
985.56	-69.63
985.73	10.24
985.89	-43.01
986.06	-51.20
986.22	16.38
986.38	110.59
986.55	-53.25
986.71	69.63
986.88	51.20
987.04	71.68
987.21	4.10
987.37	-26.62
987.54	-43.01
987.70	28.67
987.87	-55.30
988.03	-4.10
988.19	63.49
988.36	0.00
988.52	55.30
988.69	4.10
988.85	0.00
989.02	0.00
989.18	88.06
989.34	0.00
989.51	129.02
989.67	32.77
989.84	-65.54
990.00	61.44
990.16	-22.53
990.33	32.77
990.49	-2.05
990.66	20.48
990.82	18.43
990.99	90.11
991.15	43.01
991.31	57.34
991.48	-8.19
991.64	-14.34
991.81	-32.77
991.97	-4.10
992.13	24.58
992.30	71.68
992.46	38.91
992.62	-47.10
992.79	-53.25
992.95	38.91
993.12	12.29
993.28	-16.38
993.44	47.10
993.61	53.25
993.77	12.29
993.94	-69.63
994.10	73.73
994.26	79.87
994.43	-2.05
994.59	61.44
994.75	116.73
994.92	-45.06
995.08	96.25
995.24	-63.49
995.41	38.91
995.57	65.54
995.73	-16.38
995.90	36.86
996.06	10.24
996.23	8.19
996.39	-47.10
996.55	-20.48
996.72	57.34
996.88	43.01
997.04	81.92
997.21	-4.10
997.37	24.58
997.53	-49.15
997.70	-88.06
997.86	126.97
998.02	47.10
998.19	102.40
998.35	34.82
998.51	-30.72
998.67	4.10
998.84	10.24
999.00	79.87
999.16	-8.19
999.33	34.82
999.49	57.34
999.65	-8.19
999.82	129.02
999.98	40.96
1000.14	40.96
1000.31	-12.29
1000.47	49.15
1000.63	2.05
1000.79	-4.10
1000.96	118.78
1001.12	32.77
1001.28	-43.01
1001.45	32.77
1001.61	-51.20
1001.77	28.67
1001.93	-59.39
1002.10	43.01
1002.26	106.49
1002.42	69.63
1002.59	-12.29
1002.75	-71.68
1002.91	81.92
1003.07	20.48
1003.24	-36.86
1003.40	73.73
1003.56	24.58
1003.72	86.01
1003.89	49.15
1004.05	-92.16
1004.21	-38.91
1004.37	-67.58
1004.54	69.63
1004.70	135.17
1004.86	-8.19
1005.02	-34.82
1005.19	61.44
1005.35	10.24
1005.51	43.01
1005.67	-26.62
1005.84	-24.58
1006.00	12.29
1006.16	94.21
1006.32	198.65
1006.48	-6.14
1006.65	-18.43
1006.81	24.58
1006.97	40.96
1007.13	40.96
1007.30	100.35
1007.46	-71.68
1007.62	-67.58
1007.78	-10.24
1007.94	24.58
1008.11	40.96
1008.27	-65.54
1008.43	57.34
1008.59	106.49
1008.75	149.50
1008.92	45.06
1009.08	75.77
1009.24	32.77
1009.40	12.29
1009.56	69.63
1009.73	77.82
1009.89	104.45
1010.05	-57.34
1010.21	32.77
1010.37	45.06
1010.54	98.30
1010.70	75.77
1010.86	20.48
1011.02	10.24
1011.18	102.40
1011.34	28.67
1011.51	110.59
1011.67	-14.34
1011.83	28.67
1011.99	57.34
1012.15	34.82
1012.31	114.69
1012.48	88.06
1012.64	-18.43
1012.80	65.54
1012.96	8.19
1013.12	67.58
1013.28	30.72
1013.44	81.92
1013.61	53.25
1013.77	-90.11
1013.93	22.53
1014.09	69.63
1014.25	-28.67
1014.41	14.34
1014.57	63.49
1014.74	38.91
1014.90	18.43
1015.06	47.10
1015.22	34.82
1015.38	-47.10
1015.54	45.06
1015.70	-30.72
1015.86	-22.53
1016.03	20.48
1016.19	-36.86
1016.35	22.53
1016.51	-92.16
1016.67	49.15
1016.83	28.67
1016.99	4.10
1017.15	4.10
1017.31	55.30
1017.47	2.05
1017.64	2.05
1017.80	53.25
1017.96	20.48
1018.12	-73.73
1018.28	86.01
1018.44	98.30
1018.60	20.48
1018.76	-8.19
1018.92	-24.58
1019.08	18.43
1019.24	8.19
1019.40	-10.24
1019.57	57.34
1019.73	-38.91
1019.89	-114.69
1020.05	90.11
1020.21	-124.93
1020.37	98.30
1020.53	0.00
1020.69	116.73
1020.85	-28.67
1021.01	26.62
1021.17	38.91
1021.33	-2.05
1021.49	-30.72
1021.65	8.19
1021.81	-45.06
1021.97	96.25
1022.13	71.68
1022.29	-26.62
1022.46	79.87
1022.62	-63.49
1022.78	45.06
1022.94	51.20
1023.10	112.64
1023.26	8.19
1023.42	2.05
1023.58	26.62
1023.74	-4.10
1023.90	-4.10
1024.06	59.39
1024.22	161.79
1024.38	40.96
1024.54	-75.77
1024.70	83.97
1024.86	147.45
1025.02	75.77
1025.18	34.82
1025.34	126.97
1025.50	90.11
1025.66	22.53
1025.82	-75.77
1025.98	30.72
1026.14	63.49
1026.30	38.91
1026.46	79.87
1026.62	86.01
1026.78	-32.77
1026.94	57.34
1027.10	69.63
1027.26	88.06
1027.42	47.10
1027.58	90.11
1027.74	4.10
1027.90	73.73
1028.06	-12.29
1028.22	-12.29
1028.38	16.38
1028.54	24.58
1028.70	36.86
1028.85	10.24
1029.01	20.48
1029.17	18.43
1029.33	51.20
1029.49	83.97
1029.65	-53.25
1029.81	-124.93
1029.97	63.49
1030.13	-139.26
1030.29	-4.10
1030.45	57.34
1030.61	131.07
1030.77	-32.77
1030.93	18.43
1031.09	83.97
1031.25	-59.39
1031.41	22.53
1031.57	-6.14
1031.72	-20.48
1031.88	67.58
1032.04	-10.24
1032.20	2.05
1032.36	-55.30
1032.52	-4.10
1032.68	-79.87
1032.84	120.83
1033.00	34.82
1033.16	10.24
1033.32	45.06
1033.48	8.19
1033.63	49.15
1033.79	49.15
1033.95	-18.43
1034.11	63.49
1034.27	0.00
1034.43	10.24
1034.59	18.43
1034.75	36.86
1034.91	83.97
1035.06	129.02
