-261.632  0.001403657  14.78987  0.03179724  0.01981396
-261.121  0.001293653  14.39893  0.03547105  0.00595463
-260.61  0.0006985683  13.14162  0.01220047  -0.02344604
-260.099  0.0009771069  12.30903  -0.01080005  -0.0293337
-259.588  0.0003127601  11.77336  -0.0137253  -0.01115241
-259.077  6.868288E-5  0  -0.007914766  -0.00245751
-258.566  0.0002472839  12.07085  -0.008761509  -0.01305833
-258.055  0.000490444  12.12506  -0.01132435  -0.01903163
-257.544  0.0001107387  12.01644  -0.006329675  -0.008406776
-257.033  4.258623E-6  0  -3.752399E-6  0.00206364
-256.522  4.281489E-6  0  -0.002059878  0.0001959398
-256.011  7.692889E-5  0  -0.007690553  -0.004217142
-255.5  4.775862E-5  0  -0.006380845  -0.002653947
-254.989  2.559274E-6  0  0.000671323  -0.001452102
-254.478  4.065122E-5  0  0.004824904  -0.004167915
-253.967  3.414421E-5  0  0.004761854  -0.003386586
-253.456  3.393657E-5  0  0.005405863  0.002170993
-252.945  5.569111E-5  0  0.006968742  0.002669783
-252.434  4.535866E-5  0  0.005595472  -0.003748246
-251.923  3.772262E-5  0  0.002125834  -0.005762243
-251.412  1.735992E-6  0  0.001195459  0.000553958
-250.901  2.487655E-5  0  0.00289451  0.004061818
-250.39  9.316202E-6  0  0.002742543  -0.00133965
-249.879  3.708648E-5  0  -0.0003462211  -0.006080017
-249.368  1.084577E-5  0  -0.002209844  -0.002441794
-248.857  8.588955E-6  0  -0.0002638223  0.002918793
-248.346  1.262891E-5  0  0.002417898  0.002604358
-247.835  2.728317E-6  0  0.00148754  0.0007180116
-247.324  1.464133E-5  0  -0.002731101  0.002680004
-246.813  5.46562E-5  0  -0.005471819  0.004971458
-246.302  2.370229E-5  0  -0.003290371  0.003588279
-245.791  7.009925E-6  0  0.001473804  0.002199506
-245.28  2.682749E-5  0  0.003192439  0.004078704
-244.769  2.763136E-5  0  4.382302E-5  0.005256371
-244.258  1.874668E-5  0  -0.003519403  0.002522
-243.747  8.586637E-6  0  -0.002895088  -0.0004528851
-243.236  8.191606E-7  0  0.0005301625  -0.0007335451
-242.725  5.874093E-6  0  0.00212302  -0.001169136
-242.214  8.210938E-6  0  0.0006322392  -0.002794854
-241.703  4.257406E-6  0  -0.001586292  -0.001319501
-241.192  2.367702E-5  0  -0.003148184  0.00371025
-240.681  4.803403E-5  0  -0.004203527  0.005510389
-240.17  1.583556E-5  0  -0.003779057  0.001246709
-239.659  7.123475E-6  0  -0.001161122  -0.002403179
-239.148  1.103064E-6  0  0.0009367917  -0.0004748528
-238.637  5.903926E-6  0  -0.0006934162  0.002328755
-238.126  1.874073E-5  0  -0.004239979  0.0008736736
-237.615  2.873258E-5  0  -0.005106915  -0.001628498
-237.104  1.009483E-5  0  -0.003141037  -0.000478239
-236.593  1.103211E-5  0  -0.002311135  0.002385532
-236.082  2.218746E-5  0  -0.003291738  0.003369261
-235.571  1.798555E-5  0  -0.002322247  0.003548621
-235.06  2.033031E-5  0  0.001553826  0.004232721
-234.549  2.390022E-5  0  0.004028059  0.002770372
-234.038  8.354152E-6  0  0.002390716  -0.001624386
-233.527  1.747035E-5  0  -0.0003603803  -0.00416419
-233.016  4.77141E-6  0  -0.0008635288  -0.002006422
-232.505  3.865494E-7  0  -0.0001914978  0.0005915049
-231.994  1.76459E-7  0  -0.0003265332  -0.0002642633
-231.483  2.769717E-6  0  -2.801519E-5  -0.001664011
-230.972  4.759161E-6  0  0.002177557  -0.0001319426
-230.461  2.016772E-5  0  0.004109866  0.001810172
-229.95  8.929822E-6  0  0.002860394  0.0008648516
-229.439  9.306649E-7  0  -0.0004952216  -0.0008279013
-228.928  6.43425E-6  0  -0.00252995  -0.0001833126
-228.417  6.998351E-6  0  -0.00236257  0.001190216
-227.906  4.322568E-6  0  -0.001853352  0.0009421543
-227.395  3.860228E-6  0  -0.001863269  0.0006232626
-226.884  4.054035E-6  0  -0.001254386  0.001574976
-226.373  1.770764E-6  0  0.0004527138  0.001251325
-225.862  5.374646E-6  0  0.001754363  -0.001515539
-225.351  8.774658E-6  0  0.001221272  -0.002698732
-224.84  2.625106E-7  0  -0.0002996463  0.0004155992
-224.329  1.502E-5  0  -0.0004707665  0.003846867
-223.818  1.301857E-5  0  0.001556909  0.003254936
-223.307  1.380951E-5  0  0.003596114  0.0009367363
-222.796  9.230713E-6  0  0.002817204  0.001137574
-222.285  8.19237E-6  0  -0.000338833  0.002842105
-221.774  1.317312E-5  0  -0.002263096  0.002837519
-221.263  4.757241E-6  0  -0.0009485424  0.001964054
-220.752  8.478953E-6  0  0.001307706  0.002601703
-220.241  1.35576E-5  0  0.001558741  0.003335855
-219.73  3.276418E-6  0  0.0005481184  0.001725104
-219.219  1.106531E-6  0  0.0009474713  -0.0004569778
-218.708  8.146557E-6  0  0.002854119  -2.372994E-5
-218.197  1.98444E-5  0  0.003978265  0.002004449
-217.686  1.691314E-5  0  0.003328282  0.002415714
-217.175  5.14559E-6  0  0.00190382  0.001233312
-216.664  8.076528E-7  0  0.0005834821  0.0006835213
-216.153  7.316758E-7  0  -4.374847E-5  0.000854261
-215.642  1.379416E-6  0  0.00104319  0.0005396023
-215.131  1.109966E-5  0  0.003305629  0.0004153005
-214.62  1.492105E-5  0  0.00354525  0.001533707
-214.109  6.858365E-6  0  0.000311696  0.002600233
-213.598  1.084707E-5  0  -0.002444075  0.002207616
-213.087  3.216216E-6  0  -0.0006302888  0.001678973
-212.576  1.419212E-5  0  0.002830061  0.00248654
-212.065  1.439376E-5  0  0.001924015  0.003269851
-211.554  1.264702E-5  0  -0.00236644  0.002654616
-211.043  1.461492E-5  0  -0.003029894  0.002331237
-210.532  1.621252E-5  0  0.001310636  0.003807197
-210.021  3.625023E-5  0  0.003539433  0.00487059
-209.51  1.047287E-5  0  -0.0003629791  0.003215761
-208.999  2.06695E-5  0  -0.004432727  0.00101016
-208.488  7.824089E-6  0  -0.00233722  0.001536715
-207.977  1.803711E-5  0  0.002467108  0.003456948
-207.466  1.658538E-5  0  0.00270719  0.00304245
-206.955  1.531215E-6  0  -0.001099756  0.000567231
-206.444  5.821573E-6  0  -0.002389334  -0.0003356425
-205.933  1.28558E-6  0  0.0005204648  0.001007322
-205.422  8.602929E-6  0  0.002603786  0.00135027
-204.911  1.209464E-6  0  0.0007574056  -0.0007973713
-204.4  1.252769E-5  0  -0.002280132  -0.002707156
-203.889  1.560541E-5  0  -0.003445319  -0.001932662
-203.378  1.110259E-5  0  -0.003329294  -0.0001355857
-202.867  1.053318E-5  0  -0.003209225  -0.0004837899
-202.356  1.599349E-5  0  -0.00264351  -0.00300089
-201.845  2.40048E-5  0  -0.001763202  -0.004571205
-201.334  1.518775E-5  0  -0.002145127  -0.00325364
-200.823  1.373603E-5  0  -0.003588406  -0.0009270217
-200.312  1.212768E-5  0  -0.003419194  -0.0006608999
-199.801  6.074309E-6  0  -0.000920387  -0.002286306
-199.29  7.485453E-6  0  0.0007791569  -0.002622664
-198.779  4.884963E-7  0  -0.0004681828  -0.0005189424
-198.268  5.435803E-6  0  -0.002111973  0.0009876108
-197.757  1.183629E-6  0  -0.0009312699  -0.0005624637
-197.246  1.039753E-5  0  0.001640662  -0.002775924
-196.735  7.810526E-6  0  0.001745123  -0.002182905
-196.224  6.265143E-7  0  -0.0007779043  -0.0001462165
-195.713  5.418445E-6  0  -0.00225707  -0.0005692795
-195.202  9.558929E-6  0  -0.0009025147  -0.002957093
-194.691  9.729475E-6  0  0.0008552499  -0.00299967
-194.18  2.064929E-7  0  0.0004514802  -5.15609E-5
-193.669  3.632663E-6  0  -0.001273387  0.00141815
-193.158  4.829276E-6  0  -0.001980357  -0.0009526082
-192.647  1.579709E-5  0  -0.001171559  -0.003797965
-192.136  1.355645E-5  0  -2.435563E-5  -0.003681828
-191.625  4.509694E-6  0  0.0006798362  -0.002011844
-191.114  3.958753E-6  0  0.0008786088  -0.001785161
-190.603  9.303054E-6  0  0.0004463759  -0.003017251
-190.092  1.624769E-5  0  -0.0004252566  -0.004008347
-189.581  1.892451E-5  0  -0.0007105371  -0.004291811
-189.07  1.6235E-5  0  0.000234213  -0.004022455
-188.559  1.032403E-5  0  0.001418727  -0.002882922
-188.048  4.335377E-6  0  0.001460309  -0.001484209
-187.537  2.818604E-6  0  0.0006585601  -0.001544313
-187.026  1.015817E-5  0  0.0004861787  -0.003149888
-186.515  1.889579E-5  0  0.001303819  -0.004146787
-186.004  1.610095E-5  0  0.002046579  -0.003451444
-185.493  1.088244E-5  0  0.002123642  -0.002524398
-184.982  1.105026E-5  0  0.00209849  -0.002578099
-184.471  1.384566E-5  0  0.002240859  -0.002970557
-183.96  1.404307E-5  0  0.0018859  -0.003238279
-183.449  1.56573E-5  0  0.0007833333  -0.00387862
-182.938  1.859769E-5  0  -0.0001629224  -0.004309425
-182.427  9.657661E-6  0  -0.00015445  -0.003103837
-181.916  1.366783E-6  0  0.0005262046  -0.001043979
-181.405  2.291063E-6  0  0.00134696  -0.0006904782
-180.894  9.618352E-6  0  0.002264737  -0.002118801
-180.383  1.582104E-5  0  0.003039483  -0.002565654
-179.872  1.015945E-5  0  0.002966577  -0.001165705
-179.361  4.55132E-6  0  0.002117037  -0.0002635796
-178.85  4.109707E-6  0  0.001792143  -0.000947592
-178.339  9.264589E-6  0  0.002768519  -0.001264869
-177.828  1.600034E-5  0  0.003991252  -0.0002650282
-177.317  1.647569E-5  0  0.004053483  0.0002120473
-176.806  1.047873E-5  0  0.003186408  -0.0005705573
-176.295  7.37993E-6  0  0.002654982  -0.0005753278
-175.784  8.832594E-6  0  0.00281869  0.0009421162
-175.273  1.174761E-5  0  0.002995718  0.001665318
-174.762  8.478112E-6  0  0.002858885  0.0005521672
-174.251  7.928452E-6  0  0.002815664  2.20568E-5
-173.74  1.229314E-5  0  0.003117455  0.001604561
-173.229  2.251502E-5  0  0.003455561  0.003251787
-172.718  2.278849E-5  0  0.003408448  0.0033423
-172.207  2.044028E-5  0  0.002810936  0.003541033
-171.696  2.991762E-5  0  0.001939763  0.00511419
-171.185  4.046094E-5  0  0.001592339  0.00615836
-170.674  3.367722E-5  0  0.002339774  0.005310619
-170.163  3.319045E-5  0  0.003422385  0.004634407
-169.652  4.532826E-5  0  0.003394755  0.005814113
-169.141  5.233906E-5  0  0.002330635  0.006848883
-168.63  3.658657E-5  0  0.002054202  0.005689185
-168.119  2.78966E-5  0  0.003370857  0.004066193
-167.608  4.117348E-5  0  0.004619603  0.004453397
-167.097  5.367325E-5  0  0.004268635  0.005954158
-166.586  5.177322E-5  0  0.00336227  0.006361475
-166.075  4.712448E-5  0  0.003583112  0.005855407
-165.564  5.175962E-5  0  0.00434732  0.005732402
-165.053  5.055757E-5  0  0.004144611  0.005777523
-164.542  4.347363E-5  0  0.003579118  0.005537467
-164.031  5.235918E-5  0  0.004274795  0.005838262
-163.52  7.457103E-5  0  0.00549152  0.0066644
-163.009  6.358096E-5  0  0.005022369  0.006193284
-162.498  2.941787E-5  0  0.003323637  0.004286176
-161.987  2.610186E-5  0  0.00331297  0.003889228
-161.476  6.955097E-5  0  0.005472873  0.006292744
-160.965  0.0001120389  8.840209  0.006655762  0.008230414
-160.454  7.338499E-5  0  0.005145289  0.00684916
-159.943  3.236363E-5  0  0.003582317  0.004419348
-159.432  4.168468E-5  0  0.004662327  0.00446625
-158.921  8.269152E-5  0  0.006787951  0.006051053
-158.41  8.300396E-5  0  0.0068897  0.005961207
-157.899  4.816223E-5  0  0.005422421  0.004331233
-157.388  4.186191E-5  0  0.00521702  0.003826828
-156.877  6.660009E-5  0  0.006643565  0.004739529
-156.366  7.912062E-5  0  0.007396525  0.004940854
-155.855  5.966329E-5  0  0.006690293  0.003860474
-155.344  4.935768E-5  0  0.006356554  0.002991974
-154.833  6.372301E-5  0  0.007416314  0.002953182
-154.322  8.025885E-5  0  0.00846775  0.002925073
-153.811  7.605279E-5  0  0.008344905  0.002532854
-153.3  6.68529E-5  0  0.007932297  0.001982816
-152.789  6.74273E-5  0  0.008146752  0.00102846
-152.278  6.611938E-5  0  0.008125395  -0.0003119812
-151.767  4.845041E-5  0  0.006879293  -0.001061003
-151.256  2.885067E-5  0  0.005286078  -0.000952919
-150.745  2.601752E-5  0  0.00492176  -0.001339327
-150.234  4.198974E-5  0  0.005819629  -0.002849852
-149.723  6.077903E-5  0  0.006678211  -0.004022503
-149.212  6.038491E-5  0  0.006700815  -0.003934969
-148.701  5.432235E-5  0  0.006219055  -0.003955465
-148.19  6.022693E-5  0  0.005950314  -0.004982037
-147.679  7.11154E-5  0  0.00637733  -0.005517704
-147.168  7.757519E-5  0  0.007395706  -0.004783171
-146.657  9.009498E-5  0  0.008084946  -0.004972789
-146.146  0.0001139441  7.159725  0.007515452  -0.007580372
-145.635  0.000142268  6.927774  0.006225739  -0.0101739
-145.124  0.0001380929  6.90851  0.005939482  -0.0101398
-144.613  0.0001362132  7.043399  0.007199631  -0.009185779
-144.102  0.0001795306  7.058616  0.00842502  -0.01041872
-143.591  0.0002383675  6.941427  0.008237659  -0.01305789
-143.08  0.0002549621  6.868723  0.007516093  -0.01408795
-142.569  0.0002441045  6.900891  0.00779385  -0.01354106
-142.058  0.0002696277  6.93697  0.0086992  -0.01392665
-141.547  0.0003166003  6.894913  0.008783708  -0.01547407
-141.036  0.0003275229  6.850003  0.00821835  -0.01612395
-140.525  0.0003209853  6.878375  0.008585453  -0.01572499
-140.014  0.0003666066  6.934331  0.01010082  -0.01626592
-139.503  0.000448614  6.93164  0.01112514  -0.01802347
-138.992  0.0004831359  6.894404  0.01084096  -0.01912092
-138.481  0.000474781  6.881638  0.01050397  -0.01909051
-137.97  0.0005075183  6.899557  0.01121198  -0.01953996
-137.459  0.0005827308  6.902493  0.01207549  -0.02090247
-136.948  0.000604069  6.878525  0.01178103  -0.02157027
-136.437  0.0005506211  6.853972  0.01073879  -0.02086383
-135.926  0.0005173154  6.850591  0.01034051  -0.02025807
-135.415  0.0005587837  6.857314  0.01088827  -0.02098164
-134.904  0.0006389132  6.853252  0.01155159  -0.02248275
-134.393  0.0007029332  6.841772  0.01184501  -0.0237198
-133.882  0.0007270703  6.835775  0.01190176  -0.02419542
-133.371  0.0006923106  6.835766  0.01161357  -0.02361007
-132.86  0.0006099258  6.828572  0.01074098  -0.02223864
-132.349  0.0005596984  6.804979  0.009783805  -0.02154009
-131.838  0.000602214  6.778998  0.009564729  -0.02259934
-131.327  0.0006825402  6.765515  0.009857349  -0.02419448
-130.816  0.0006804689  6.754023  0.009564118  -0.02426925
-130.305  0.0006014129  6.733416  0.008519349  -0.02299638
-129.794  0.000562466  6.719514  0.007928937  -0.02235169
-129.283  0.0005963517  6.730472  0.008415974  -0.02292429
-128.772  0.000622707  6.737934  0.008774507  -0.02336054
-128.261  0.0005869869  6.704651  0.007759652  -0.02295157
-127.75  0.0005480245  6.65053  0.006287087  -0.02254988
-127.239  0.0005517892  6.651222  0.006324296  -0.02262283
-126.728  0.0005641274  6.715434  0.007849243  -0.02241689
-126.217  0.0005396455  6.759289  0.008630866  -0.02156742
-125.706  0.0004899991  6.72127  0.007437176  -0.02084916
-125.195  0.0004654706  6.650853  0.005800935  -0.02078027
-124.684  0.000466288  6.639975  0.005579441  -0.02086044
-124.173  0.0004645197  6.67014  0.006194298  -0.02064341
-123.662  0.0004499414  6.659847  0.005886877  -0.02037857
-123.151  0.0004310252  6.607454  0.004709364  -0.02021997
-122.64  0.0004107243  6.589454  0.004241103  -0.0198176
-122.129  0.000384101  6.623619  0.004753595  -0.01901327
-121.618  0.0003548593  6.640755  0.004881541  -0.01819423
-121.107  0.0003366692  6.613841  0.004276152  -0.01784331
-120.596  0.0003521467  6.611919  0.004338265  -0.01825722
-120.085  0.0004088561  6.659437  0.005603712  -0.01942819
-119.574  0.0004689318  6.684354  0.006517819  -0.02065066
-119.063  0.0004708041  6.657128  0.005965115  -0.02086196
-118.552  0.0004318119  6.627707  0.005122545  -0.0201388
-118.041  0.0004315835  6.638976  0.005347761  -0.02007449
-117.53  0.0005051177  6.647073  0.005961087  -0.02166987
-117.019  0.0005958967  6.622003  0.005882569  -0.0236916
-116.508  0.0006293197  6.616077  0.00590091  -0.02438235
-115.997  0.0006284891  6.668729  0.007171179  -0.02402214
-115.486  0.0006651397  6.721657  0.008674377  -0.02428775
-114.975  0.0007300344  6.701484  0.008572572  -0.02562314
-114.464  0.000775789  6.644609  0.007321359  -0.02687353
-113.953  0.0007947786  6.629262  0.006992104  -0.02731097
-113.442  0.0008192746  6.659632  0.007937754  -0.0275003
-112.931  0.0008628643  6.67558  0.00859524  -0.0280889
-112.42  0.0009091471  6.663063  0.00846115  -0.02894056
-111.909  0.00095221  6.666731  0.00876781  -0.02958607
-111.398  0.0009792538  6.702385  0.009955294  -0.02966725
-110.887  0.0009591318  6.736239  0.01084065  -0.02901055
-110.376  0.0009013935  6.749601  0.01088413  -0.02798087
-109.865  0.0008800427  6.765302  0.0111872  -0.02747525
-109.354  0.0009328597  6.799754  0.01248556  -0.02787419
-108.843  0.001004865  6.834391  0.01395254  -0.02846386
-108.332  0.001035488  6.855709  0.01477623  -0.02858584
-107.821  0.001057204  6.87155  0.01538604  -0.02864391
-107.31  0.001117556  6.893244  0.01645423  -0.02910008
-106.799  0.001187962  6.930817  0.01807968  -0.0293443
-106.288  0.001243861  6.996103  0.02041969  -0.02875582
-105.777  0.001350887  7.078438  0.02367253  -0.02811581
-105.266  0.0015496  7.137194  0.02707845  -0.02857198
-104.755  0.001759209  7.159048  0.02951016  -0.02980536
-104.244  0.001927016  7.174841  0.03137433  -0.03070289
-103.733  0.002154431  7.208027  0.03423291  -0.03134547
-103.222  0.002532532  7.242309  0.03825851  -0.03269278
-102.711  0.002960258  7.260518  0.04200003  -0.03458692
-102.2  0.003313096  7.277512  0.045048  -0.03582979
-101.689  0.003692269  7.308993  0.04872296  -0.03630897
-101.178  0.004254126  7.339104  0.05344852  -0.03738156
-100.667  0.004924416  7.346068  0.05778399  -0.03981742
-100.156  0.005570603  7.337658  0.06110009  -0.0428647
-99.645  0.006312848  7.334427  0.06489564  -0.04584106
-99.134  0.007335721  7.337235  0.07009437  -0.0492189
-98.623  0.008510962  7.332517  0.07524974  -0.05337077
-98.112  0.009559686  7.320992  0.07909407  -0.05747882
-97.601  0.01054911  7.31655  0.0828174  -0.06074855
-97.09  0.0117987  7.320952  0.08786717  -0.06385972
-96.579  0.01332955  7.319099  0.09326766  -0.06804921
-96.068  0.01482204  7.304287  0.09727707  -0.07320664
-95.557  0.01614252  7.288093  0.1002673  -0.07803196
-95.046  0.01748171  7.280762  0.1037455  -0.08196693
-94.535  0.01896043  7.276269  0.1076595  -0.08584788
-94.024  0.02046852  7.265575  0.1108989  -0.09038778
-93.513  0.02193603  7.252813  0.1136022  -0.09502936
-93.002  0.0234258  7.246322  0.1167566  -0.09896318
-92.491  0.02492574  7.242696  0.1200655  -0.1025183
-91.98  0.02630685  7.232782  0.1222968  -0.106538
-91.469  0.0275007  7.218237  0.1234435  -0.1107357
-90.958  0.02850337  7.209399  0.1246724  -0.1138427
-90.447  0.02928349  7.208841  0.1263026  -0.1154605
-89.936  0.02986531  7.208652  0.1275292  -0.116626
-89.425  0.03036251  7.204193  0.1280607  -0.118165
-88.914  0.03080902  7.199913  0.1284882  -0.1195818
-88.403  0.03109969  7.199395  0.1290307  -0.1202114
-87.892  0.03121679  7.199456  0.1292807  -0.1204296
-87.381  0.03128913  7.197854  0.1292371  -0.1207762
-86.87  0.03131053  7.198774  0.1293924  -0.1206985
-86.359  0.03105435  7.206135  0.1297433  -0.119252
-85.848  0.03040814  7.217768  0.1297503  -0.1165032
-85.337  0.02954889  7.230267  0.1293294  -0.1132378
-84.826  0.02868875  7.244475  0.1290055  -0.1097557
-84.315  0.02786715  7.262336  0.1290566  -0.1058846
-83.804  0.02702921  7.282752  0.1292038  -0.1016641
-83.293  0.02609235  7.304643  0.129101  -0.09708392
-82.782  0.02494452  7.329955  0.1285914  -0.0916994
-82.271  0.02359208  7.359733  0.1276566  -0.08541592
-81.76  0.02225072  7.391596  0.1265541  -0.07896058
-81.249  0.02108349  7.425597  0.1257317  -0.07262936
-80.738  0.01998676  7.467666  0.1252836  -0.06550412
-80.227  0.01885616  7.520516  0.1248796  -0.05710726
-79.716  0.01784402  7.575868  0.1243692  -0.04874757
-79.205  0.01705964  7.62481  0.1237912  -0.04165789
-78.694  0.01627823  7.672752  0.1227341  -0.03485078
-78.183  0.01528677  7.731532  0.1207163  -0.02672735
-77.672  0.01432992  7.799467  0.1183642  -0.01788373
-77.161  0.01376064  7.863133  0.1168693  -0.01010982
-76.65  0.01344006  7.920615  0.1158832  -0.00333926
-76.139  0.01290077  7.983948  0.1135138  0.003920604
-75.628  0.01204166  8.055269  0.1091204  0.0115933
-75.117  0.01124386  8.121507  0.1044709  0.01815735
-74.606  0.01078078  8.178844  0.10111  0.02361252
-74.095  0.01051516  8.241451  0.09820196  0.02952171
-73.584  0.01017803  8.31347  0.09427447  0.03592143
-73.073  0.009699942  8.379469  0.08952059  0.04106101
-72.562  0.009186922  8.434856  0.08477536  0.04472204
-72.051  0.008731357  8.499888  0.07963863  0.04887786
-71.54  0.008335527  8.584366  0.07350542  0.05415238
-71.029  0.007956614  8.664597  0.06734401  0.05849272
-70.518  0.007576318  8.720596  0.06241733  0.06066626
-70.007  0.007251858  8.770962  0.05800058  0.06235215
-69.496  0.006976199  8.842274  0.05238557  0.06505345
-68.985  0.00663094  8.924788  0.04567165  0.06741691
-68.474  0.006157018  8.991222  0.03959964  0.06774132
-67.963  0.005714182  9.041602  0.03481419  0.06709809
-67.452  0.005470535  9.100812  0.03011923  0.0675527
-66.941  0.005329217  9.177519  0.02453079  0.06875651
-66.43  0.005071711  9.257206  0.01851556  0.06876689
-65.919  0.004704086  9.330143  0.01295829  0.06735109
-65.408  0.004439519  9.398013  0.00812235  0.06613279
-64.897  0.004348838  9.461383  0.003877782  0.06583161
-64.386  0.004280198  9.519469  4.910935E-5  0.06542321
-63.875  0.004123923  9.576385  -0.003604956  0.06411651
-63.364  0.003960617  9.633589  -0.007119469  0.06252944
-62.853  0.003886434  9.683319  -0.01012282  0.06151392
-62.342  0.003862605  9.721273  -0.01241146  0.06089796
-61.831  0.003792139  9.755659  -0.01436488  0.05988146
-61.32  0.00364734  9.792691  -0.0162526  0.05816522
-60.809  0.003481922  9.824009  -0.01765147  0.05630584
-60.298  0.003351915  9.83942  -0.01816812  0.05497122
-59.787  0.00324447  9.844948  -0.01817326  0.05398336
-59.276  0.003087581  9.853823  -0.01819507  0.05250258
-58.765  0.002871188  9.866372  -0.01817985  0.05040517
-58.254  0.00269896  9.872109  -0.01790622  0.04876809
-57.743  0.002629397  9.866868  -0.01742146  0.04822748
-57.232  0.002546945  9.854583  -0.01656176  0.04767235
-56.721  0.002327653  9.834427  -0.01491095  0.04588373
-56.21  0.002078199  9.803595  -0.0127461  0.04376912
-55.699  0.00198189  9.769756  -0.01099403  0.04313956
-55.188  0.001997981  9.739532  -0.009724623  0.04362812
-54.677  0.001911003  9.702197  -0.007911328  0.04299318
-54.166  0.001675192  9.648847  -0.005250089  0.04059099
-53.655  0.001472378  9.591029  -0.0027148  0.03827542
-53.144  0.001391631  9.535726  -0.0005784269  0.03730008
-52.633  0.001341193  9.456731  0.002323547  0.03654852
-52.122  0.001249453  9.341468  0.006284859  0.03478439
-51.611  0.00115692  9.232645  0.009647153  0.03261675
-51.1  0.001091023  9.163148  0.01154527  0.03094721
-50.589  0.001039846  9.078453  0.01378664  0.02915089
-50.078  0.001012782  8.918239  0.01802129  0.02623004
-49.567  0.001028212  8.72821  0.02282331  0.0225235
-49.056  0.001035289  8.580347  0.02598149  0.01898027
-48.545  0.001042385  8.457391  0.02820939  0.01570397
-48.034  0.001162586  8.315902  0.03183252  0.01221788
-47.523  0.001423946  8.16985  0.03682218  0.008250653
-47.012  0.001700007  8.034869  0.04108072  0.003518745
-46.501  0.001956246  7.899282  0.04417388  -0.002216806
-45.99  0.002356963  7.778271  0.04783923  -0.008268702
-45.479  0.002962994  7.69975  0.05274559  -0.0134498
-44.968  0.003626022  7.646217  0.05746963  -0.01797953
-44.457  0.004292416  7.582355  0.06115204  -0.02351263
-43.946  0.005134728  7.508761  0.06481157  -0.03056449
-43.435  0.006215961  7.452995  0.06932436  -0.0375512
-42.924  0.007363138  7.419852  0.07405499  -0.04334739
-42.413  0.008530473  7.389198  0.0782419  -0.04907829
-41.902  0.009885138  7.350434  0.0821149  -0.05605606
-41.391  0.01141859  7.312915  0.08593247  -0.06351536
-40.88  0.01287494  7.284492  0.08929453  -0.0700102
-40.369  0.01421735  7.260613  0.09205098  -0.07578899
-39.858  0.01570226  7.235629  0.09471873  -0.08204036
-39.347  0.01737043  7.211053  0.09747262  -0.08871032
-38.836  0.01893947  7.189369  0.09974734  -0.09481529
-38.325  0.02031318  7.168374  0.1012172  -0.1003407
-37.814  0.02172513  7.144793  0.1022001  -0.1062086
-37.303  0.02325797  7.118587  0.1028282  -0.1126247
-36.792  0.02468032  7.092061  0.1028114  -0.1187861
-36.281  0.02586423  7.067857  0.1022747  -0.1241133
-35.77  0.02695567  7.047896  0.1018605  -0.1287638
-35.259  0.02804938  7.031267  0.101708  -0.1330597
-34.748  0.02906403  7.013971  0.1011731  -0.1372152
-34.237  0.02997295  6.992957  0.0997923  -0.1414724
-33.726  0.03083757  6.96906  0.09776363  -0.1458761
-33.215  0.03161359  6.944575  0.09534036  -0.1500793
-32.704  0.03220192  6.920256  0.0925118  -0.1537644
-32.193  0.03263841  6.896394  0.08941662  -0.1569811
-31.682  0.0330131  6.873846  0.08634596  -0.1598671
-31.171  0.03332132  6.85172  0.08317349  -0.1624915
-30.66  0.03354987  6.826773  0.07936511  -0.1650789
-30.149  0.03371987  6.797281  0.0746512  -0.1677709
-29.638  0.03374658  6.765071  0.06923687  -0.1701553
-29.127  0.03353621  6.73206  0.06338468  -0.1718097
-28.616  0.03327036  6.697528  0.05718715  -0.1732051
-28.105  0.03318871  6.660156  0.05061347  -0.1750057
-27.594  0.03306693  6.620054  0.04347666  -0.1765693
-27.083  0.03242958  6.578002  0.03566646  -0.1765148
-26.572  0.03133834  6.535513  0.02765915  -0.1748523
-26.061  0.03033137  6.495016  0.02022453  -0.1729808
-25.55  0.02952456  6.456148  0.01330695  -0.1713111
-25.039  0.02846647  6.414258  0.006010464  -0.168613
-24.528  0.02697301  6.367851  -0.001769696  -0.1642251
-24.017  0.02538592  6.324512  -0.008617849  -0.1590964
-23.506  0.02383937  6.292684  -0.0132532  -0.1538302
-22.995  0.0220018  6.270565  -0.01599764  -0.1474648
-22.484  0.0197075  6.252497  -0.01765959  -0.1392682
-21.973  0.01725476  6.242294  -0.01785288  -0.1301385
-21.462  0.01488839  6.25056  -0.01558376  -0.1210187
-20.951  0.0125234  6.282277  -0.01076562  -0.111389
-20.44  0.01014159  6.340504  -0.003838247  -0.1006323
-19.929  0.008054327  6.441564  0.005644641  -0.08956821
-19.418  0.006636186  6.611084  0.01876656  -0.0792717
-18.907  0.006121531  6.854116  0.03581627  -0.06956095
-18.396  0.006756615  7.130859  0.05616389  -0.0600186
-17.885  0.008945575  7.374949  0.07939871  -0.05139474
-17.374  0.01316699  7.550355  0.1057311  -0.04458631
-16.863  0.01988586  7.667439  0.1354478  -0.0392398
-16.352  0.02964566  7.745825  0.1686229  -0.03481367
-15.841  0.04307761  7.793967  0.2050486  -0.03213528
-15.33  0.06055872  7.817176  0.243938  -0.03244952
-14.819  0.0820526  7.824542  0.2842175  -0.03567915
-14.308  0.1076853  7.824065  0.3255793  -0.04102908
-13.797  0.138156  7.818238  0.3684997  -0.0486208
-13.286  0.1738585  7.80717  0.4127517  -0.05911444
-12.775  0.2140274  7.79255  0.4569502  -0.07227692
-12.264  0.2578509  7.776632  0.5002286  -0.08730554
-11.753  0.3058246  7.759925  0.5431145  -0.1041693
-11.242  0.3583732  7.741804  0.5857866  -0.1233987
-10.731  0.4138481  7.722276  0.6267854  -0.1448727
-10.22  0.4700561  7.702094  0.6647432  -0.1678468
-9.709  0.5270298  7.682065  0.700176  -0.1917898
-9.198  0.5855799  7.662909  0.7340372  -0.2162621
-8.687  0.6439233  7.645063  0.7655668  -0.2404802
-8.176  0.6990161  7.628209  0.7933092  -0.2639633
-7.665  0.750615  7.611673  0.8174321  -0.2870885
-7.154  0.8003956  7.595513  0.8392022  -0.3100569
-6.643  0.8475105  7.580644  0.8587092  -0.3318567
-6.132  0.8887933  7.567696  0.8749009  -0.3512003
-5.621  0.9230666  7.556434  0.8875229  -0.3679261
-5.11  0.9515061  7.546451  0.8973175  -0.3825277
-4.599  0.9740658  7.537762  0.9044957  -0.3949094
-4.088  0.9892939  7.530465  0.9086102  -0.404625
-3.577  0.9974055  7.524443  0.9098644  -0.4117673
-3.066  1  7.519778  0.9091136  -0.4165482
-2.555  0.997088  7.516968  0.9066167  -0.4184903
-2.044  0.9876479  7.516346  0.9020552  -0.4170662
-1.533  0.9724794  7.517643  0.8956374  -0.4126899
-1.022  0.9533048  7.520442  0.8879042  -0.4061169
-0.511  0.9298602  7.524698  0.8786171  -0.3973565
0  0.9010883  7.530512  0.8671768  -0.3861252
0.511  0.8684165  7.537814  0.8540555  -0.3728347
1.022  0.8346702  7.546625  0.8404852  -0.3581269
1.533  0.800355  7.557205  0.826691  -0.3419606
2.044  0.7639064  7.569443  0.8116755  -0.3241749
2.555  0.7251155  7.582599  0.7948854  -0.3054059
3.066  0.6857017  7.596314  0.7769807  -0.2863612
3.577  0.6468391  7.611382  0.7587467  -0.2667256
4.088  0.6083428  7.628608  0.7401685  -0.2459541
4.599  0.570032  7.647257  0.7207984  -0.2246812
5.11  0.5321524  7.665838  0.700351  -0.2041101
5.621  0.4948136  7.684219  0.6788373  -0.1843731
6.132  0.4583122  7.703601  0.6566358  -0.1647472
6.643  0.4234895  7.724352  0.6343474  -0.1452339
7.154  0.3907438  7.745396  0.6121296  -0.1266534
7.665  0.359364  7.766101  0.5894247  -0.1092817
8.176  0.3286777  7.787205  0.5657776  -0.09259282
8.687  0.2990766  7.809308  0.5415195  -0.07637558
9.198  0.2712252  7.831899  0.5172004  -0.06106493
9.709  0.2451264  7.854528  0.4928749  -0.04691215
10.22  0.2205478  7.877558  0.468413  -0.03372065
10.731  0.1974931  7.901222  0.4438858  -0.02141258
11.242  0.1758127  7.925369  0.419179  -0.01008496
11.753  0.1552278  7.950405  0.3939894  0.0003867898
12.264  0.136028  7.976737  0.3686822  0.01007263
12.775  0.1188257  8.003358  0.3442097  0.01858299
13.286  0.1034709  8.029506  0.320638  0.02573267
13.797  0.08918717  8.057522  0.2968991  0.03221988
14.308  0.07587567  8.090351  0.2727245  0.038691
14.819  0.06424712  8.126098  0.2495245  0.04454916
15.33  0.05452995  8.160135  0.2283516  0.04884134
15.841  0.04608486  8.193952  0.2082876  0.05197232
16.352  0.03841522  8.234853  0.1880681  0.05518714
16.863  0.03167784  8.28454  0.1680819  0.05853481
17.374  0.02601785  8.336181  0.1493863  0.0608405
17.885  0.02121435  8.387396  0.1319039  0.06177147
18.396  0.01714691  8.446012  0.1151296  0.0623866
18.907  0.01391714  8.515511  0.09956817  0.06327181
19.418  0.011409  8.587422  0.0858017  0.06361657
19.929  0.009277657  8.659503  0.07304086  0.06279084
20.44  0.007423531  8.744717  0.06031838  0.06152417
20.951  0.006013974  8.847592  0.04831688  0.0606585
21.462  0.005039637  8.951316  0.03824313  0.05980886
21.973  0.00426724  9.049823  0.02960749  0.05822917
22.484  0.003592297  9.162445  0.02098892  0.05614056
22.995  0.003088642  9.294407  0.01244329  0.05416462
23.506  0.002742456  9.420332  0.005222276  0.05210743
24.017  0.002441008  9.531362  -0.0005504988  0.04940349
24.528  0.002181742  9.64948  -0.006020843  0.04631945
25.039  0.002034264  9.779788  -0.01157627  0.04359191
25.55  0.001958565  9.90132  -0.01646054  0.0410806
26.061  0.001852225  10.01392  -0.02039495  0.03789816
26.572  0.001723802  10.13454  -0.02393153  0.03392763
27.083  0.001644978  10.25241  -0.02711312  0.03016384
27.594  0.001600327  10.34214  -0.02930113  0.02723547
28.105  0.001531043  10.41429  -0.03050574  0.02450392
28.616  0.001445811  10.49946  -0.03156265  0.021204
29.127  0.001392136  10.59431  -0.03280248  0.01778014
29.638  0.001364871  10.665  -0.03364204  0.01526709
30.149  0.001313973  10.70432  -0.03357218  0.01367046
30.66  0.001204531  10.74212  -0.03261534  0.01186465
31.171  0.001040465  10.80259  -0.03092381  0.00917513
31.682  0.0008702502  10.87703  -0.02882719  0.006264451
32.193  0.0007447431  10.94122  -0.02698437  0.004072708
32.704  0.0006588508  10.99274  -0.02554423  0.002518558
33.215  0.000556822  11.0538  -0.02358074  0.0008779168
33.726  0.0004158392  11.13848  -0.02036917  -0.0009676052
34.237  0.0002836652  11.23913  -0.01665796  -0.002485493
34.748  0.0001952814  11.34977  -0.01350911  -0.003575648
35.259  0.000133495  11.51843  -0.01051463  -0.004789318
35.77  8.21904E-5  0  -0.006570804  -0.006246194
36.281  5.527753E-5  0  -0.001891336  -0.007190298
36.792  5.633744E-5  0  0.002313645  -0.007140342
37.303  7.988676E-5  0  0.005838028  -0.006767879
37.814  0.0001399043  13.61144  0.009618617  -0.006883787
38.325  0.0002483011  13.76697  0.01407994  -0.007075052
38.836  0.0003937384  13.90964  0.0188169  -0.006297826
39.347  0.0005863777  14.04198  0.02377657  -0.004588273
39.858  0.0008689256  14.12606  0.02931037  -0.003134971
40.369  0.001240792  14.16054  0.03513344  -0.0025364
40.88  0.001651808  14.18433  0.04059508  -0.001961588
41.391  0.002106122  14.22298  0.04589038  -0.0004420282
41.902  0.002676279  14.26751  0.05170127  0.001804932
42.413  0.003358532  14.30047  0.05781947  0.003929478
42.924  0.0040651  14.32264  0.06349989  0.005732747
43.435  0.0048159  14.34372  0.06896874  0.007695033
43.946  0.005737215  14.36569  0.0750746  0.01005082
44.457  0.006809926  14.38479  0.08156856  0.01250986
44.968  0.007844605  14.4002  0.08732882  0.0147744
45.479  0.008804574  14.41247  0.09231904  0.01678595
45.99  0.009892391  14.41994  0.09772033  0.01852374
46.501  0.01120885  14.423  0.1039589  0.02003512
47.012  0.01260631  14.42654  0.1101731  0.02163776
47.523  0.01399121  14.43422  0.1158887  0.02368584
48.034  0.01547988  14.44446  0.1216366  0.02616152
48.545  0.01708764  14.4548  0.1275063  0.02880606
49.056  0.01859119  14.46562  0.1326647  0.03148466
49.567  0.01991487  14.47623  0.1369528  0.03404116
50.078  0.02133406  14.4822  0.1415359  0.03607829
50.589  0.02305788  14.48204  0.147149  0.03748413
51.1  0.02489715  14.48207  0.1529042  0.03895454
51.611  0.02658225  14.48825  0.1577419  0.04122808
52.122  0.02818707  14.49716  0.1620493  0.0438988
52.633  0.02993765  14.50083  0.1668384  0.04585395
53.144  0.03181305  14.49871  0.1720844  0.04690416
53.655  0.03361508  14.49743  0.1769525  0.04798859
54.166  0.03531252  14.49965  0.1812556  0.04958768
54.677  0.03708367  14.50093  0.1856804  0.0510535
55.188  0.03903902  14.49869  0.1906295  0.05195581
55.699  0.0410699  14.49687  0.1956222  0.05293246
56.21  0.04297835  14.49832  0.2000369  0.05443895
56.721  0.0447013  14.49912  0.2039626  0.05568274
57.232  0.04636724  14.49469  0.2079778  0.05578955
57.743  0.04810331  14.48703  0.2122642  0.0552017
58.254  0.04982016  14.48091  0.2163591  0.05485333
58.765  0.05137009  14.47626  0.2199552  0.05467888
59.276  0.05290009  14.47003  0.223548  0.05409598
59.787  0.05472192  14.4626  0.2277673  0.0533291
60.298  0.05676864  14.4568  0.2322989  0.05297035
60.809  0.05859674  14.45217  0.2362561  0.05272383
61.32  0.06009952  14.44602  0.2395906  0.05192185
61.831  0.06169672  14.43883  0.2431252  0.05086125
62.342  0.06350391  14.43313  0.2469505  0.05019337
62.853  0.06493959  14.42755  0.2500059  0.04936214
63.364  0.06569656  14.41817  0.2519131  0.04728991
63.875  0.06649146  14.4058  0.2540018  0.04443602
64.386  0.06805159  14.39576  0.2574027  0.04237239
64.897  0.06987961  14.38913  0.2611158  0.04120841
65.408  0.07091065  14.38072  0.2633752  0.03929574
65.919  0.07109682  14.36764  0.2642127  0.0358955
66.43  0.07129027  14.3539  0.2650408  0.03230555
66.941  0.07168152  14.34355  0.2660881  0.02964172
67.452  0.0715371  14.33457  0.2660751  0.02722357
67.963  0.0705702  14.32352  0.2645535  0.02411769
68.474  0.06948662  14.31136  0.2627862  0.02073741
68.985  0.06878615  14.30033  0.2616699  0.01774803
69.496  0.06795202  14.28891  0.260263  0.0146688
70.007  0.06634402  14.27458  0.2573465  0.0108082
70.518  0.06422098  14.25858  0.2533331  0.006581646
71.029  0.06223075  14.24363  0.2494458  0.002748346
71.54  0.06037525  14.22946  0.2457125  -0.0007742795
72.051  0.05812963  14.21478  0.2410625  -0.004298201
72.562  0.05533607  14.2007  0.2351165  -0.00750387
73.073  0.05236981  14.18775  0.2286143  -0.01026317
73.584  0.04946273  14.17246  0.222  -0.01336841
74.095  0.04644095  14.15242  0.2148091  -0.01726254
74.606  0.04324734  14.13167  0.2069014  -0.02095603
75.117  0.04022005  14.11522  0.1991691  -0.02348876
75.628  0.03757083  14.10025  0.1921366  -0.0255801
76.139  0.03492681  14.08032  0.1847242  -0.0283513
76.65  0.03182296  14.05689  0.1756429  -0.03118558
77.161  0.02846703  14.03821  0.1655439  -0.03259224
77.672  0.02551471  14.02611  0.1563396  -0.03275144
78.183  0.0231588  14.01158  0.1484779  -0.03336339
78.694  0.02094762  13.98835  0.140437  -0.0350011
79.205  0.01853602  13.96237  0.131206  -0.0363458
79.716  0.01612444  13.94222  0.1216656  -0.03635831
80.227  0.01400941  13.92641  0.1128558  -0.03567875
80.738  0.01215983  13.90683  0.1044717  -0.03529169
81.249  0.0104636  13.8829  0.09610032  -0.03504749
81.76  0.008996212  13.86283  0.0884374  -0.03427884
82.271  0.007797886  13.84945  0.08190254  -0.03301302
82.782  0.006693566  13.83377  0.07539282  -0.03177246
83.293  0.005571358  13.809  0.0680441  -0.03068157
83.804  0.004594928  13.78319  0.06105481  -0.02944891
84.315  0.003906636  13.76855  0.055893  -0.02797514
84.826  0.003372506  13.75941  0.05169182  -0.02646624
85.337  0.002793379  13.73881  0.04653869  -0.02505054
85.848  0.002209393  13.70505  0.04061344  -0.0236631
86.359  0.001779046  13.67428  0.03577347  -0.02234511
86.87  0.001513579  13.64988  0.03248415  -0.02140931
87.381  0.00131563  13.6123  0.02951426  -0.02108407
87.892  0.001140043  13.56181  0.02644857  -0.02098848
88.403  0.0009904425  13.53214  0.02406113  -0.02028558
88.914  0.0008405023  13.53199  0.02216229  -0.01869051
89.425  0.0006741761  13.51568  0.01957303  -0.01706085
89.936  0.000543246  13.45325  0.01658019  -0.01638119
90.447  0.0004900275  13.40448  0.0149699  -0.01630735
90.958  0.000468636  13.42816  0.01501303  -0.01559631
91.469  0.0004164551  13.47099  0.01476907  -0.01408295
91.98  0.000347309  13.45036  0.01321921  -0.01313627
92.491  0.0003255387  13.37691  0.01183043  -0.01362276
93.002  0.0003506665  13.34974  0.01188995  -0.01446705
93.513  0.0003527758  13.37868  0.0123405  -0.01415938
94.024  0.0003025716  13.39683  0.01166477  -0.01290367
94.535  0.0002530259  13.36515  0.01028794  -0.01213195
95.046  0.000246205  13.32428  0.009650954  -0.01237191
95.557  0.0002659719  13.32692  0.01006476  -0.01283248
96.068  0.0002829113  13.35412  0.01073649  -0.01294755
96.579  0.0002940155  13.36433  0.01107929  -0.01308682
97.09  0.0003047067  13.34884  0.01107123  -0.01349572
97.601  0.0003047764  13.34191  0.01097869  -0.01357367
98.112  0.0002892804  13.38237  0.01122205  -0.01278069
98.623  0.0002758902  13.45512  0.01183752  -0.01165175
99.134  0.0002723367  13.47942  0.01203885  -0.01128728
99.645  0.0002721893  13.41561  0.01129155  -0.01202873
100.156  0.0002821392  13.34238  0.01056924  -0.0130549
100.667  0.0002996099  13.359  0.01111361  -0.01327018
101.178  0.0003019369  13.44181  0.01222043  -0.01235306
101.689  0.0002651652  13.49916  0.01209679  -0.01090105
102.2  0.0002116333  13.49934  0.01080872  -0.009736777
102.711  0.0001903078  13.49955  0.0102517  -0.009230958
103.222  0.0002067885  13.53813  0.01104955  -0.009203044
103.733  0.0002225044  13.56959  0.01175631  -0.009181155
104.244  0.0002084066  13.58749  0.01153505  -0.008680394
104.755  0.0001847306  13.64364  0.01130156  -0.00755019
105.266  0.0001728245  13.73961  0.01158076  -0.006221784
105.777  0.0001607798  13.80406  0.01153325  -0.005269149
106.288  0.0001397303  13.8365  0.01090548  -0.004560785
106.799  0.0001257204  13.92556  0.01068808  -0.003388985
107.31  0.000122903  14.07614  0.01095074  -0.001727519
107.821  0.00010661  14.17806  0.01030985  -0.000562952
108.332  7.377747E-5  0  0.008582263  -0.0003496073
108.843  5.861992E-5  0  0.007656236  -4.430722E-5
109.354  7.309768E-5  0  0.008455037  0.001268866
109.865  9.242743E-5  0  0.009242945  0.002644881
110.376  7.762181E-5  0  0.008400344  0.00265632
110.887  5.01711E-5  0  0.006823473  0.001900347
111.398  4.104831E-5  0  0.00598145  0.002295772
111.909  4.686623E-5  0  0.005497879  0.004079161
112.42  4.955649E-5  0  0.004429671  0.005471243
112.931  4.159143E-5  0  0.003347195  0.005512506
113.442  3.84474E-5  0  0.00330359  0.005247255
113.953  4.644773E-5  0  0.003877557  0.005604666
114.464  5.151303E-5  0  0.003820099  0.006076173
114.975  4.745595E-5  0  0.002807237  0.006290896
115.486  5.125635E-5  0  0.001430765  0.007014931
115.997  7.242739E-5  0  0.0002994519  0.008505158
116.508  9.160541E-5  0  -0.000122102  0.009570293
117.019  9.015461E-5  0  0.0001723778  0.009493413
117.53  8.699113E-5  0  0.0001200834  0.009326131
118.041  0.0001010265  15.9396  -0.001364706  0.009958116
118.552  0.0001208713  16.12025  -0.003425479  0.01044688
119.063  0.0001130261  16.19538  -0.004061366  0.009825038
119.574  9.41254E-5  0  -0.00323221  0.00914758
120.085  0.0001072077  16.10564  -0.003081967  0.009884797
120.596  0.0001489974  16.17982  -0.004486954  0.01135186
121.107  0.0001696828  16.2581  -0.005721029  0.01170268
121.618  0.0001469218  16.2782  -0.005541203  0.01078039
122.129  0.0001293027  16.2861  -0.005278155  0.01007193
122.64  0.000147031  16.36864  -0.006494614  0.01023968
123.151  0.000183935  16.48871  -0.008583634  0.0105003
123.662  0.0002092202  16.57923  -0.01012948  0.01032539
124.173  0.0002229151  16.62358  -0.01091805  0.01018388
124.684  0.0002389649  16.62546  -0.01132406  0.01052286
125.195  0.0002551361  16.59669  -0.01138329  0.01120521
125.706  0.00027809  16.57413  -0.01161742  0.01196351
126.217  0.0003277881  16.61004  -0.01307106  0.01252739
126.728  0.0003974941  16.69103  -0.01546282  0.01258552
127.239  0.0004451294  16.74329  -0.01703653  0.01244532
127.75  0.0004681947  16.72168  -0.01719245  0.01313828
128.261  0.0005238655  16.6664  -0.01739016  0.01488112
128.772  0.0006072426  16.65663  -0.01856556  0.01620378
129.283  0.000643082  16.69761  -0.01977277  0.01587827
129.794  0.000638478  16.74125  -0.02037328  0.01494683
130.305  0.000686387  16.75056  -0.02126718  0.01530013
130.816  0.0008023866  16.73543  -0.0227413  0.01688845
131.327  0.00087629  16.71703  -0.0234367  0.01808345
131.838  0.0008595763  16.69872  -0.02288045  0.01833197
132.349  0.0008621764  16.69181  -0.02278756  0.01851766
132.86  0.0009473532  16.71374  -0.02430656  0.01888238
133.371  0.001029319  16.75487  -0.02612416  0.01862384
133.882  0.001036953  16.79036  -0.02686759  0.01775064
134.393  0.001047411  16.80465  -0.02725486  0.01745232
134.904  0.001128454  16.80167  -0.02823563  0.01819899
135.415  0.001212814  16.79361  -0.029119  0.0191023
135.926  0.001240208  16.78599  -0.02929796  0.01954065
136.437  0.001281886  16.78811  -0.0298281  0.01980329
136.948  0.001381222  16.81314  -0.03146713  0.01977478
137.459  0.001438996  16.85592  -0.03295225  0.01879215
137.97  0.001390293  16.88915  -0.03298558  0.01738518
138.481  0.001340331  16.88395  -0.03229829  0.01723809
138.992  0.001378163  16.85289  -0.03219232  0.0184883
139.503  0.00142497  16.8484  -0.03264974  0.01894635
140.014  0.001403433  16.89399  -0.03322535  0.01730634
140.525  0.001398118  16.9506  -0.03408658  0.01536956
141.036  0.001458679  16.96087  -0.0349764  0.01534047
141.547  0.001495043  16.93634  -0.03501809  0.01639439
142.058  0.001455267  16.93829  -0.03458059  0.01610744
142.569  0.001443188  16.98747  -0.03518371  0.01432811
143.08  0.001512894  17.02918  -0.03660371  0.01315533
143.591  0.001522779  17.0254  -0.03667291  0.01333705
144.102  0.001405809  17.01483  -0.03509894  0.0131861
144.613  0.001323857  17.05105  -0.03450153  0.01155428
145.124  0.001395873  17.11181  -0.03608257  0.009691275
145.635  0.001481394  17.13591  -0.03740124  0.009085186
146.146  0.001415674  17.12851  -0.03649551  0.009151591
146.657  0.001304613  17.13707  -0.03510865  0.008485016
147.168  0.001299838  17.17147  -0.0353149  0.007259181
147.679  0.001330593  17.18701  -0.03584005  0.006788491
148.19  0.001252827  17.16782  -0.03464417  0.007253166
148.701  0.001122773  17.15191  -0.03268336  0.007387242
149.212  0.00106812  17.17722  -0.03205012  0.006396108
149.723  0.001075187  17.22267  -0.0324143  0.004949713
150.234  0.001056428  17.24968  -0.03225108  0.004036843
150.745  0.001024504  17.25581  -0.03178382  0.003780596
151.256  0.001028845  17.25749  -0.03185741  0.0037351
151.767  0.001008806  17.25983  -0.03155419  0.003624809
152.278  0.0008946023  17.26088  -0.02971805  0.003382316
152.789  0.0007588188  17.26577  -0.02738488  0.002981143
153.3  0.0006898562  17.27425  -0.02613403  0.002620842
153.811  0.0006568378  17.26873  -0.02548642  0.00269822
154.322  0.0006033401  17.24103  -0.02434549  0.00326147
154.833  0.0005626781  17.21445  -0.02341879  0.003773377
155.344  0.0005764901  17.22085  -0.02372844  0.003667579
155.855  0.0005981122  17.2548  -0.0242822  0.002913228
156.366  0.0005648838  17.29405  -0.02369099  0.001902829
156.877  0.0005099712  17.32606  -0.02255638  0.001086747
157.388  0.0004792765  17.33624  -0.02187661  0.0008308534
157.899  0.0004347948  17.31423  -0.02081425  0.001249669
158.41  0.0003497532  17.26871  -0.01859773  0.001969184
158.921  0.0002894749  17.23501  -0.01684942  0.002360486
159.432  0.0002999914  17.24742  -0.01718126  0.002189952
159.943  0.0003302271  17.27555  -0.0180838  0.001789787
160.454  0.0002981269  17.28498  -0.01719768  0.001538445
160.965  0.0002353267  17.27379  -0.01526309  0.001537737
161.476  0.0002187907  17.2491  -0.01467599  0.001845549
161.987  0.0002394568  17.20863  -0.01526278  0.002550389
162.498  0.000229884  17.14413  -0.0147624  0.003457688
163.009  0.0001817553  17.06472  -0.01284116  0.004106074
163.52  0.0001496933  17.02203  -0.01148401  0.004220282
164.031  0.0001490745  17.05577  -0.0115958  0.003822568
164.542  0.0001521223  17.12826  -0.01196264  0.003002925
165.053  0.000139802  17.19507  -0.01163459  0.002106718
165.564  0.000125693  17.20016  -0.01104193  0.001941339
166.075  0.0001213584  17.1053  -0.01062039  0.002926719
166.586  0.0001198637  16.99383  -0.01016574  0.00406466
167.097  0.0001066426  16.99891  -0.009608053  0.003785228
167.608  8.578876E-5  0  -0.009036865  0.002030722
168.119  6.712655E-5  0  -0.008178699  0.0004852143
168.63  4.889558E-5  0  -0.006979943  0.000419503
169.141  3.987597E-5  0  -0.00617563  0.001318165
169.652  4.279179E-5  0  -0.006228527  0.00199931
170.163  4.524339E-5  0  -0.006417662  0.002014199
170.674  3.733466E-5  0  -0.005928867  0.001477564
171.185  2.52347E-5  0  -0.004987071  0.0006031746
171.696  1.706289E-5  0  -0.00413014  -6.954229E-5
172.207  1.20416E-5  0  -0.003469802  -4.554854E-5
172.718  1.102381E-5  0  -0.003317737  0.0001281928
173.229  1.709775E-5  0  -0.004101544  -0.0005244865
173.74  2.739488E-5  0  -0.005014513  -0.001499846
174.251  2.155629E-5  0  -0.00447803  -0.001226188
174.762  6.926835E-6  0  -0.002630823  7.486464E-5
175.273  1.95045E-6  0  -0.001393181  9.745079E-5
175.784  5.454038E-6  0  -0.00139863  -0.00187026
176.295  1.256383E-5  0  -0.001216063  -0.003329417
176.806  6.005779E-6  0  -0.0004052559  -0.002416929
177.317  1.416685E-6  0  -0.0005456939  -0.001057782
177.828  7.259255E-6  0  -0.002027835  -0.001774018
178.339  1.917375E-5  0  -0.002792306  -0.003372948
178.85  1.251191E-5  0  -0.001837746  -0.003022349
179.361  2.340302E-6  0  -0.0009718452  -0.001181448
179.872  2.105799E-6  0  -0.001247016  -0.0007421262
180.383  4.384575E-6  0  -0.000840566  -0.001917817
180.894  5.390444E-6  0  0.001225595  -0.001971893
181.405  6.092998E-6  0  0.002455067  -0.0002562099
181.916  9.205172E-7  0  0.0008463319  0.0004519287
182.427  3.369687E-6  0  -0.001354036  -0.001239465
182.938  9.127143E-6  0  -0.00111191  -0.002809056
183.449  4.092923E-6  0  0.0005664164  -0.001942188
183.96  5.026995E-7  0  0.0006993878  -0.000116431
184.471  4.956465E-7  0  -0.0006648968  0.0002314275
184.982  1.214267E-6  0  -0.001022869  -0.0004098858
185.493  1.238421E-7  0  0.000228342  -0.0002677723
186.004  1.533902E-6  0  0.001230272  0.0001425902
186.515  1.355891E-6  0  0.0008005877  -0.0008455474
187.026  6.426216E-6  0  -0.000418477  -0.002500219
187.537  7.978122E-6  0  -0.001417347  -0.002443205
188.048  2.785755E-6  0  -0.001548435  -0.0006229803
188.559  4.978925E-7  0  -0.0005607611  0.0004282983
189.07  6.178194E-7  0  0.0006776068  -0.0003983321
189.581  1.926117E-6  0  0.0006150954  -0.001244096
190.092  8.001178E-7  0  -0.0006918175  -0.0005670153
190.603  1.877348E-6  0  -0.00126901  0.0005166826
191.114  3.992917E-7  0  -0.0002314327  0.0005879886
191.625  9.755921E-7  0  0.0008527586  0.0004983923
192.136  2.915685E-6  0  0.0006622642  0.001573878
192.647  7.686255E-6  0  -7.155336E-5  0.002771486
193.158  4.642863E-6  0  -0.0005563685  0.002081662
193.669  1.384123E-6  0  -0.001176479  4.424983E-6
194.18  3.373618E-6  0  -0.001568343  -0.0009559914
194.691  1.457726E-7  0  -0.0003539605  -0.0001431243
195.202  3.572795E-6  0  0.001817175  0.0005202588
195.713  4.277493E-6  0  0.002066857  7.479863E-5
196.224  7.282315E-8  0  -0.0002539542  9.127097E-5
196.735  6.743424E-6  0  -0.002082766  0.001550971
197.246  9.221189E-6  0  -0.001312733  0.002738233
197.757  4.64492E-6  0  0.0003931453  0.002119046
198.268  2.733926E-6  0  0.001194106  0.001143695
198.779  6.652306E-6  0  0.001839118  0.0018083
199.29  1.830306E-5  0  0.002871466  0.003171394
199.801  1.760598E-5  0  0.002892456  0.003039684
200.312  6.532161E-6  0  0.001809206  0.001805252
200.823  5.924493E-6  0  0.001870237  0.001557789
201.334  1.524136E-5  0  0.0032214  0.002205433
201.845  1.071021E-5  0  0.002784296  0.001719858
202.356  4.535358E-9  0  5.498456E-5  -3.888517E-5
202.867  1.733471E-6  0  -0.0009007771  -0.0009602456
203.378  2.637016E-6  0  0.001596717  -0.0002958251
203.889  1.015067E-5  0  0.003160577  0.000401776
204.4  5.919183E-7  0  0.0007009099  0.0003172437
204.911  3.422847E-6  0  -0.001799147  0.0004311795
205.422  1.126149E-6  0  -1.444416E-5  0.001061103
205.933  1.064408E-5  0  0.00302069  0.001232686
206.444  5.324573E-6  0  0.002030745  0.00109574
206.955  6.640894E-6  0  -0.001542147  0.002064625
207.466  1.988288E-5  0  -0.002289572  0.003826322
207.977  1.699945E-5  0  0.0001462963  0.004120442
208.488  7.424656E-6  0  0.001324691  0.002381145
208.999  7.394798E-7  0  -0.0003566572  0.0007824803
209.51  5.451331E-6  0  -0.002201132  0.0007786845
210.021  7.785566E-6  0  -0.002415261  0.001397169
210.532  5.954196E-6  0  -0.001712519  0.001738239
211.043  5.162091E-6  0  -0.0005807717  0.002196542
211.554  6.61838E-6  0  0.0007977544  0.002445806
212.065  3.225426E-6  0  0.001087667  0.001429128
212.576  3.54855E-8  0  -7.218342E-5  0.0001739973
213.087  1.47373E-6  0  -0.0004047088  0.001144526
213.598  1.596902E-5  0  0.00100789  0.003866933
214.109  2.551177E-5  0  0.000949204  0.004960925
214.62  1.928857E-5  0  -0.002510295  0.003603746
215.131  3.544819E-5  0  -0.005234003  0.002837851
215.642  2.534332E-5  0  -0.002974832  0.004061244
216.153  2.321645E-5  0  0.001070066  0.004698022
216.664  1.119884E-5  0  0.0009067122  0.003221291
217.175  9.932278E-6  0  -0.002553302  0.00184741
217.686  1.479445E-5  0  -0.00333839  0.001910395
218.197  2.023448E-6  0  -0.0004666453  0.00134376
218.708  1.276375E-6  0  0.001042747  -0.0004348038
219.219  1.012609E-6  0  -0.000999487  -0.0001167659
219.73  2.060552E-5  0  -0.002925953  0.003470493
220.241  3.711995E-5  0  -0.001959216  0.005769005
220.752  1.038758E-5  0  -0.0001583428  0.003219085
221.263  5.419856E-7  0  -7.441026E-5  -0.0007324266
221.774  2.220057E-6  0  -0.001077053  -0.00102957
222.285  4.521832E-6  0  -0.001568905  0.001435399
222.796  8.566124E-6  0  -0.001342942  0.002600506
223.307  5.028638E-6  0  -0.0006488722  0.002146533
223.818  5.71157E-6  0  0.0003030431  0.002370598
224.329  8.329127E-6  0  0.0004961474  0.002843055
224.84  2.669404E-6  0  -0.0007917099  0.001429195
225.351  6.458502E-6  0  -0.002252345  -0.001177048
225.862  1.108125E-5  0  -0.002236112  -0.002465979
226.373  6.602455E-6  0  -0.001460174  -0.002114319
226.884  4.700339E-6  0  -0.00169879  -0.001347016
227.395  8.219371E-6  0  -0.002851471  -0.0002974608
227.906  1.408582E-5  0  -0.003676797  0.0007529787
228.417  1.693558E-5  0  -0.00411475  6.643249E-5
228.928  2.647126E-5  0  -0.004560753  -0.002381344
229.439  3.046979E-5  0  -0.004372763  -0.003368788
229.95  1.217897E-5  0  -0.003242725  -0.001289848
230.461  5.636014E-6  0  -0.002226455  0.0008239597
230.972  2.805454E-6  0  -0.00163269  0.0003738696
231.483  6.296717E-7  0  -0.0003687893  -0.0007026138
231.994  1.278293E-6  0  0.001058324  -0.0003977985
232.505  4.27634E-7  0  0.0003600243  -0.0005459088
233.016  8.124899E-6  0  -0.001905723  -0.002119698
233.527  6.309591E-6  0  -0.00185392  -0.001694866
234.038  7.099286E-6  0  0.001251769  0.002352097
234.549  3.568533E-5  0  0.003018755  0.005154847
235.06  8.367834E-6  0  0.001281084  0.00259358
235.571  2.459719E-6  0  -0.0002080375  -0.00155449
236.082  4.045408E-6  0  0.0009751596  -0.001759111
236.593  1.982135E-6  0  0.001230074  0.0006848741
237.104  6.20547E-6  0  -0.001898307  0.00161304
237.615  2.140511E-5  0  -0.004297237  0.001714312
238.126  1.763371E-5  0  -0.002591988  0.003303832
238.637  1.602561E-5  0  -0.0004751413  0.003974902
239.148  3.204368E-6  0  -0.001517003  0.0009503002
239.659  1.057915E-5  0  -0.002207274  -0.002388952
240.17  3.776071E-6  0  0.0007893544  -0.001775666
240.681  9.880074E-6  0  0.003127102  0.0003182858
241.192  4.195146E-7  0  0.000603395  -0.0002354337
241.703  5.555458E-6  0  -0.002051539  -0.00116045
242.214  1.974893E-6  0  0.0007377426  0.001196089
242.725  3.539573E-5  0  0.004719518  0.003622413
243.236  1.23429E-5  0  0.00315219  0.001551322
243.747  4.661772E-6  0  -0.0009779188  -0.001924954
244.258  3.560713E-6  0  -0.0007961174  -0.001710822
244.769  3.225848E-6  0  0.001722543  -0.0005086178
245.28  1.000061E-5  0  0.0003331815  -0.003144773
245.791  4.548123E-5  0  -0.002891845  -0.006092492
246.302  1.474579E-5  0  -0.001662044  -0.003461704
246.813  5.189347E-6  0  0.001910815  0.001240215
247.324  2.403109E-6  0  0.001250287  0.0009164565
247.835  6.669655E-6  0  -0.001755129  -0.001894512
248.346  2.950849E-7  0  -0.0005326372  0.0001066888
248.857  3.147722E-5  0  0.002906253  0.004799053
249.368  2.165033E-5  0  0.001713761  0.004325894
249.879  4.775858E-6  0  -0.002172465  -0.000237181
250.39  5.068372E-6  0  -0.001980041  -0.001071359
250.901  5.228175E-6  0  1.754873E-5  0.002286453
251.412  2.211091E-5  0  -0.002434386  0.004023018
251.923  3.878088E-5  0  -0.004664211  0.00412626
252.434  4.049714E-5  0  0.001707923  0.006130264
252.945  0.0001486593  8.509683  0.01032855  0.006479215
253.456  6.960077E-5  0  0.008342314  8.108084E-5
253.967  5.928041E-5  0  0.0002494759  -0.007695334
254.478  7.864326E-5  0  0.00118528  -0.008788536
254.989  9.54219E-5  0  0.007576079  -0.006166435
255.5  1.986996E-5  0  0.0008026858  -0.004384707
256.011  0.0003009412  4.59226  -0.01694614  0.003710748
256.522  0.0007932491  4.016024  -0.01978739  0.02004266
257.033  0.0005286314  3.247485  -0.0002402724  0.02299073
257.544  0.0002506161  1.416471  0.01533963  -0.003913048
258.055  0.001170197  0.3490954  0.008584278  -0.03311355
258.566  0.0004488098  0  -0.002018874  -0.02108872
259.077  0.0006246858  3.0439  0.00479718  0.02452902
259.588  0.002596779  2.911373  0.01630347  0.04828019
260.099  0.0008330512  2.843842  0.01105839  0.02666014
260.61  3.2093E-8  0  0.0001202577  0.0001327821
261.121  0.0001144481  2.199841  0.009210798  0.005441441
