-261.632  0  0.0005791721  0  2.476196E-6  1273.375
-260.61  0  0.000592586  0  2.469588E-6  1263.129
-259.588  0  0.0005953548  0  2.437362E-6  1253.047
-258.566  0  0.0005876566  0  2.372577E-6  1243.124
-257.544  0  0.0005713025  0  2.306195E-6  1233.357
-256.522  0  0.0005454352  0  2.314709E-6  1223.742
-255.5  0  0.0005121504  0  2.388067E-6  1214.276
-254.478  0  0.0004723043  0  2.437564E-6  1204.955
-253.456  0  0.0004276112  0  2.340919E-6  1195.777
-252.434  0  0.0003805087  0  2.119648E-6  1186.737
-251.412  0  0.0003326456  0  1.88328E-6  1177.833
-250.39  0  0.0002856098  0  1.739935E-6  1169.061
-249.368  0  0.0002418097  0  1.689333E-6  1160.419
-248.346  0  0.0002025629  0  1.720578E-6  1151.904
-247.324  0  0.0001685743  0  1.72924E-6  1143.513
-246.302  0  0.0001410935  0  1.672329E-6  1135.243
-245.28  0  0.0001196161  0  1.589031E-6  1127.092
-244.258  0  0.0001041519  0  1.500841E-6  1119.058
-243.236  0  9.395999E-5  0  1.396227E-6  1111.137
-242.214  0  8.774515E-5  0  1.387825E-6  1103.327
-241.192  0  8.477954E-5  0  1.489195E-6  1095.626
-240.17  0  8.418937E-5  0  1.64513E-6  1088.033
-239.148  0  8.501832E-5  0  1.609903E-6  1080.543
-238.126  0  8.677074E-5  0  1.435759E-6  1073.156
-237.104  0  8.896683E-5  0  1.282189E-6  1065.87
-236.082  0  9.12964E-5  0  1.204145E-6  1058.681
-235.06  0  9.3552E-5  0  1.220992E-6  1051.589
-234.038  0  9.564648E-5  0  1.338924E-6  1044.592
-233.016  0  9.730536E-5  0  1.343068E-6  1037.687
-231.994  0  9.864268E-5  0  1.229769E-6  1030.872
-230.972  0  9.959652E-5  0  1.118579E-6  1024.147
-229.95  0  0.0001001693  0  1.157859E-6  1017.508
-228.928  0  0.0001003795  0  1.262527E-6  1010.956
-227.906  0  0.0001001778  0  1.336789E-6  1004.487
-226.884  0  9.968085E-5  0  1.268728E-6  998.1
-225.862  0  9.889213E-5  0  1.155033E-6  991.794
-224.84  0  9.785303E-5  0  1.075295E-6  985.5672
-223.818  0  9.660514E-5  0  1.103403E-6  979.4181
-222.796  0  9.521931E-5  0  1.181528E-6  973.3452
-221.774  0  9.374252E-5  0  1.305838E-6  967.3472
-220.752  0  9.226029E-5  0  1.424284E-6  961.4227
-219.73  0  9.08491E-5  0  1.436131E-6  955.5703
-218.708  0  8.958326E-5  0  1.327527E-6  949.7887
-217.686  0  8.856687E-5  0  1.316018E-6  944.0766
-216.664  0  8.790372E-5  0  1.413922E-6  938.4329
-215.642  0  8.762337E-5  0  1.702328E-6  932.8562
-214.62  0  8.781373E-5  0  1.971869E-6  927.3454
-213.598  0  8.838533E-5  0  2.147224E-6  921.8993
-212.576  0  8.949953E-5  0  2.097353E-6  916.5169
-211.554  0  9.103376E-5  0  1.986373E-6  911.1969
-210.532  0  9.297119E-5  0  1.897186E-6  905.9383
-209.51  2.073806E-5  9.515438E-5  0  1.9703E-6  900.7401
-208.488  9.440547E-5  9.772429E-5  0  2.024301E-6  895.6011
-207.466  0.0001675869  0.0001004704  0  2.180934E-6  890.5205
-206.444  3.437902E-5  0.0001033725  0  2.425843E-6  885.4972
-205.422  1.483508E-5  0.0001063361  0  2.799378E-6  880.5303
-204.4  4.665265E-5  0.0001093667  0  2.95124E-6  875.6187
-203.378  9.737857E-5  0.0001124301  0  2.983743E-6  870.7617
-202.356  3.461108E-5  0.0001153434  0  2.898007E-6  865.9582
-201.334  3.318037E-6  0.0001182458  0  2.837853E-6  861.2075
-200.312  9.438828E-5  0.0001210738  0  2.591292E-6  856.5086
-199.29  3.485176E-5  0.000124057  0  2.563769E-6  851.8606
-198.268  2.982017E-6  0.0001270028  0  2.679056E-6  847.2629
-197.246  0.0001393454  0.000130128  0  2.865479E-6  842.7145
-196.224  5.901957E-5  0.0001332479  0  2.76911E-6  838.2147
-195.202  1.700438E-5  0.0001366564  0  2.768899E-6  833.7627
-194.18  3.17933E-5  0.0001405639  0  2.761399E-6  829.3578
-193.158  5.018769E-5  0.0001443531  0  3.013241E-6  824.9991
-192.136  0.0001448798  0.0001486256  0  3.212053E-6  820.686
-191.114  5.014198E-5  0.0001529829  0  3.398868E-6  816.4178
-190.092  6.652958E-5  0.0001579292  0  3.200047E-6  812.1937
-189.07  3.709348E-5  0.0001632214  0  3.161668E-6  808.0131
-188.048  8.219639E-5  0.0001692469  0  3.319827E-6  803.8754
-187.026  6.256161E-5  0.0001761123  0  3.851288E-6  799.7798
-186.004  0.0001074453  0.0001840397  0  4.159426E-6  795.7257
-184.982  9.412031E-5  0.0001936246  0  4.130111E-6  791.7125
-183.96  7.077595E-5  0.0002053224  0  3.722951E-6  787.7396
-182.938  0.0002503424  0.0002197695  0  3.422042E-6  783.8064
-181.916  0.000251873  0.0002375129  0  3.45023E-6  779.9123
-180.894  0.0001091459  0.000259975  0  4.017803E-6  776.0566
-179.872  0.0003387862  0.0002877385  0  4.769023E-6  772.2389
-178.85  0.0002618279  0.0003221  0  5.332093E-6  768.4586
-177.828  0.0001762854  0.0003643286  0  5.405832E-6  764.7151
-176.806  0.0004806544  0.0004155705  0  5.098883E-6  761.0079
-175.784  0.0006207656  0.000477118  0  4.80714E-6  757.3364
-174.762  0.000661186  0.0005502861  0  4.861307E-6  753.7002
-173.74  0.0007612484  0.0006359437  0  5.131316E-6  750.0988
-172.718  0.0005995552  0.0007352443  0  5.43182E-6  746.5316
-171.696  0.0007603194  0.0008489511  0  5.575613E-6  742.9982
-170.674  0.0005032189  0.0009773793  0  5.669423E-6  739.4981
-169.652  0.0005065427  0.001120584  0  5.626368E-6  736.0308
-168.63  0.0002090988  0.001278299  0  5.728136E-6  732.5959
-167.608  0.000631312  0.001449737  0  5.828963E-6  729.1929
-166.586  0.0006078968  0.001633739  0  6.101807E-6  725.8213
-165.564  0.0007719308  0.001828803  0  6.018049E-6  722.4808
-164.542  0.0008181126  0.002032678  0  5.978505E-6  719.1709
-163.52  0.001013352  0.002243268  0  5.870761E-6  715.8912
-162.498  0.0009442553  0.002457673  0  6.034747E-6  712.6412
-161.476  0.001098167  0.002673096  0  6.257165E-6  709.4206
-160.454  0.001197911  0.002886528  0  6.66068E-6  706.229
-159.432  0.001580745  0.003095051  0  6.443379E-6  703.066
-158.41  0.001602816  0.003295736  0  6.39838E-6  699.9312
-157.388  0.001875096  0.003485703  0  6.204864E-6  696.8243
-156.366  0.001716846  0.003662592  0  6.499054E-6  693.7448
-155.344  0.002311163  0.003824165  0  6.735458E-6  690.6924
-154.322  0.002271821  0.003968726  0  7.361063E-6  687.6667
-153.3  0.002492387  0.004094814  0  7.64039E-6  684.6674
-152.278  0.002519581  0.004201428  0  8.158997E-6  681.6942
-151.256  0.002409798  0.004287693  0  8.195098E-6  678.7467
-150.234  0.00241977  0.004353575  0  8.568428E-6  675.8246
-149.212  0.00257298  0.004398969  0  7.946691E-6  672.9275
-148.19  0.002259791  0.004424038  0  7.664648E-6  670.0552
-147.168  0.00165783  0.004429111  0  7.148265E-6  667.2072
-146.146  0.001639305  0.004415023  0  7.831513E-6  664.3834
-145.124  0.001070549  0.004382373  0  8.370494E-6  661.5834
-144.102  0.0007666821  0.004332129  0  9.424802E-6  658.8069
-143.08  0.001006199  0.004265199  0  9.094501E-6  656.0536
-142.058  0.0009531099  0.004182618  0  8.780041E-6  653.3232
-141.036  0.0004987843  0.004085606  0  8.010048E-6  650.6154
-140.014  0.0008568467  0.003975337  0  8.65702E-6  647.93
-138.992  0.0003347975  0.003853396  0  8.944681E-6  645.2667
-137.97  0.0004809445  0.003720956  0  9.944806E-6  642.6251
-136.948  0.000245257  0.003579848  0  9.592783E-6  640.0051
-135.926  0.0001377033  0.003431676  0  9.890932E-6  637.4064
-134.904  0.0003584655  0.003278223  0  9.411011E-6  634.8287
-133.882  0.0004464841  0.003121291  0  9.674675E-6  632.2718
-132.86  0.0001391427  0.002962787  0  9.063809E-6  629.7354
-131.838  0.0004405585  0.002804583  0  8.972734E-6  627.2193
-130.816  0.0003267035  0.002648675  0  8.500863E-6  624.7231
-129.794  0.0003193748  0.002496968  0  9.03035E-6  622.2468
-128.772  0.0007733317  0.002351513  0  9.084935E-6  619.79
-127.75  0.0005683509  0.002214198  0  9.628382E-6  617.3526
-126.728  0.0004102366  0.002087126  0  9.298775E-6  614.9342
-125.706  0.0003446872  0.001972411  0  9.195212E-6  612.5348
-124.684  0.0005590613  0.001872434  0  8.986186E-6  610.1539
-123.662  0.0005464727  0.001789429  0  9.297261E-6  607.7915
-122.64  0.0005998744  0.001726183  0  9.239021E-6  605.4474
-121.618  0.001385313  0.001685334  0  9.119699E-6  603.1212
-120.596  0.001776096  0.001669941  0  8.954368E-6  600.8129
-119.574  0.001977399  0.001683264  0  9.069505E-6  598.5221
-118.552  0.001826761  0.00172876  0  9.373011E-6  596.2488
-117.53  0.001791996  0.001810081  0  9.605418E-6  593.9926
-116.508  0.001725727  0.001931251  0  9.240887E-6  591.7535
-115.486  0.002017531  0.002096483  0  7.998343E-6  589.5312
-114.464  0.001911886  0.002310367  0  7.5472E-6  587.3255
-113.442  0.002167902  0.002577996  0  7.405115E-6  585.1363
-112.42  0.001964559  0.002904736  0  7.713108E-6  582.9633
-111.398  0.002950105  0.003296706  0  7.331673E-6  580.8064
-110.376  0.003141298  0.003760533  0  7.630188E-6  578.6654
-109.354  0.003486003  0.004303506  0  7.427834E-6  576.5401
-108.332  0.004692497  0.004933527  0  7.637866E-6  574.4304
-107.31  0.003474663  0.005658912  0  7.137943E-6  572.336
-106.288  0.004374084  0.006488379  0  7.287188E-6  570.2569
-105.266  0.004333134  0.007430508  0  6.957949E-6  568.1928
-104.244  0.006267484  0.008493982  0  7.966895E-6  566.1437
-103.222  0.007615734  0.009686298  0  8.47247E-6  564.1092
-102.2  0.009870838  0.01101398  0  9.156299E-6  562.0893
-101.178  0.01098244  0.0124821  0  8.150528E-6  560.0839
-100.156  0.01419045  0.01409401  0  7.838909E-6  558.0926
-99.134  0.01959404  0.01585096  0  7.274959E-6  556.1155
-98.112  0.02437238  0.01775229  0  8.158595E-6  554.1524
-97.09  0.02772174  0.01979557  0  8.125852E-6  552.2031
-96.068  0.03186062  0.02197676  0  8.64254E-6  550.2674
-95.046  0.03590382  0.02429095  0  8.067557E-6  548.3453
-94.024  0.04113552  0.02673233  0  8.591807E-6  546.4365
-93.002  0.044847  0.02929516  0  8.533678E-6  544.541
-91.98  0.04649898  0.03197419  0  9.419859E-6  542.6586
-90.958  0.04832756  0.03476459  0  8.644328E-6  540.7891
-89.936  0.05053905  0.03766219  0  8.42244E-6  538.9325
-88.914  0.04953067  0.04066303  0  6.999075E-6  537.0886
-87.892  0.04793806  0.04376362  0  7.033918E-6  535.2573
-86.87  0.04567846  0.04695953  0  6.504458E-6  533.4384
-85.848  0.04157665  0.05024468  0  7.324902E-6  531.6318
-84.826  0.03607233  0.05361031  0  6.906658E-6  529.8375
-83.804  0.0290769  0.0570434  0  7.205609E-6  528.0552
-82.782  0.02471483  0.06052692  0  6.103607E-6  526.2848
-81.76  0.02269097  0.06403647  0  6.22556E-6  524.5263
-80.738  0.02250809  0.06754193  0  5.146513E-6  522.7795
-79.716  0.02223419  0.07100526  0  5.523159E-6  521.0443
-78.694  0.02676885  0.0743834  0  4.882707E-6  519.3206
-77.672  0.03167654  0.07762636  0  5.493276E-6  517.6082
-76.65  0.03488121  0.08067997  0  4.696559E-6  515.9071
-75.628  0.03737533  0.08348812  0  5.29931E-6  514.2172
-74.606  0.03855134  0.0859941  0  4.817223E-6  512.5382
-73.584  0.03874055  0.08814398  0  5.977281E-6  510.8702
-72.562  0.03764641  0.08988747  0  6.015387E-6  509.2131
-71.54  0.03306225  0.09118215  0  7.178506E-6  507.5666
-70.518  0.03028592  0.0919928  0  6.157844E-6  505.9308
-69.496  0.02710286  0.09229554  0  6.212572E-6  504.3054
-68.474  0.02347532  0.09207719  0  5.067983E-6  502.6905
-67.452  0.02551929  0.09133523  0  6.040707E-6  501.0859
-66.43  0.02877792  0.09007817  0  5.351043E-6  499.4915
-65.408  0.03270779  0.08832585  0  6.348588E-6  497.9072
-64.386  0.0357288  0.08610691  0  5.630594E-6  496.3329
-63.364  0.03768687  0.083459  0  6.703016E-6  494.7686
-62.342  0.03878621  0.08042578  0  6.420069E-6  493.2141
-61.32  0.03567617  0.07705699  0  7.910383E-6  491.6693
-60.298  0.03104788  0.07340697  0  6.873866E-6  490.1342
-59.276  0.02576696  0.06953261  0  7.451569E-6  488.6086
-58.254  0.01753738  0.06549343  0  6.359341E-6  487.0925
-57.232  0.0145528  0.06134968  0  7.784774E-6  485.5857
-56.21  0.01493813  0.05716268  0  7.208923E-6  484.0883
-55.188  0.01635324  0.05299383  0  8.356887E-6  482.6001
-54.166  0.01692857  0.04890387  0  7.510089E-6  481.121
-53.144  0.01915075  0.04495207  0  8.596792E-6  479.6509
-52.122  0.01971714  0.04119593  0  8.398958E-6  478.1898
-51.1  0.0197525  0.0376902  0  1.081627E-5  476.7375
-50.078  0.01926538  0.03448516  0  1.051177E-5  475.2941
-49.056  0.01944489  0.03162663  0  1.195194E-5  473.8594
-48.034  0.01879384  0.02915323  0  1.142591E-5  472.4333
-47.012  0.01839168  0.0270973  0  1.302475E-5  471.0157
-45.99  0.01831794  0.02548144  0  1.300859E-5  469.6067
-44.968  0.01845849  0.0243189  0  1.361594E-5  468.206
-43.946  0.0187685  0.02361212  0  1.418614E-5  466.8137
-42.924  0.02063773  0.02335236  0  1.811705E-5  465.4297
-41.902  0.02066531  0.02351905  0  2.468387E-5  464.0538
-40.88  0.02150195  0.02408042  0  3.368864E-5  462.686
-39.858  0.02180035  0.02499334  0  4.316815E-5  461.3263
-38.836  0.02160734  0.02620615  0  5.325525E-5  459.9745
-37.814  0.02098269  0.02765978  0  7.329662E-5  458.6307
-36.792  0.02140455  0.02929239  0  0.0001177299  457.2946
-35.77  0.02101239  0.03104291  0  0.0002153293  455.9664
-34.748  0.02063636  0.0328576  0  0.0003820525  454.6458
-33.726  0.02095987  0.03469646  0  0.0006195435  453.3328
-32.704  0.02149394  0.03654139  0  0.0009096601  452.0274
-31.682  0.02210796  0.03840357  0  0.00129367  450.7296
-30.66  0.0221132  0.04033219  0  0.001925881  449.4391
-29.638  0.02273653  0.04242242  0  0.003110616  448.156
-28.616  0.02498911  0.04482122  0  0.005091364  446.8802
-27.594  0.030017  0.04773283  0  0.007928435  445.6117
-26.572  0.03431428  0.05142041  0  0.01146274  444.3503
-25.55  0.04090091  0.05620687  0  0.01562238  443.0961
-24.528  0.04849628  0.06247096  0  0.02095944  441.8489
-23.506  0.05673343  0.07064203  0  0.02907685  440.6087
-22.484  0.07457852  0.08118997  0.009513707  0.04189016  439.3755
-21.462  0.0877627  0.09461363  0.02526752  0.06000689  438.1491
-20.44  0.09708199  0.111425  0.05144113  0.08115965  436.9296
-19.418  0.107355  0.1321313  0.08690682  0.1015115  435.7168
-18.396  0.1167845  0.1572104  0.1396162  0.1200945  434.5108
-17.374  0.1354452  0.187086  0.2124678  0.1430422  433.3114
-16.352  0.1538919  0.2220945  0.2732968  0.1812989  432.1186
-15.33  0.1765181  0.2624519  0.332078  0.2409158  430.9324
-14.308  0.2119631  0.3082141  0.3892312  0.3109595  429.7526
-13.286  0.2634626  0.359238  0.4478216  0.3651522  428.5794
-12.264  0.4011132  0.4151439  0.5677522  0.3883014  427.4124
-11.242  0.5134028  0.4752859  0.703663  0.3994483  426.2519
-10.22  0.6228391  0.5387289  0.7107034  0.4482097  425.0976
-9.198  0.7333602  0.6042461  0.7505226  0.5636218  423.9495
-8.176  0.8346615  0.6703347  0.9023645  0.7060711  422.8077
-7.154  0.9615387  0.7352556  0.8764726  0.789325  421.6719
-6.132  1  0.7971003  0.730119  0.7530026  420.5423
-5.11  0.9852317  0.8538751  0.8122289  0.6404095  419.4187
-4.088  0.9325565  0.9036102  0.9785255  0.5819185  418.3011
-3.066  0.8486489  0.9444748  0.9320637  0.6729983  417.1894
-2.044  0.6401623  0.9748944  0.8536752  0.8669437  416.0836
-1.022  0.4949034  0.9936567  0.9348461  1  414.9837
0  0.3790047  1  1  0.9484718  413.8895
1.022  0.2845956  0.9936567  0.883672  0.747737  412.8011
2.044  0.2134633  0.9748944  0.7468177  0.5410342  411.7185
3.066  0.1482449  0.9444748  0.7200386  0.4476678  410.6414
4.088  0.1328232  0.9036102  0.695674  0.4821249  409.57
5.11  0.1370001  0.8538751  0.6143846  0.5619156  408.5042
6.132  0.1459652  0.7971003  0.5508132  0.5949211  407.4439
7.154  0.153895  0.7352556  0.5774703  0.5530002  406.3892
8.176  0.1538727  0.6703347  0.5680431  0.4716265  405.3398
9.198  0.1408603  0.6042461  0.519193  0.3963195  404.2959
10.22  0.123732  0.5387289  0.4691802  0.3485901  403.2573
11.242  0.1030564  0.4752859  0.4741795  0.3300292  402.224
12.264  0.08238986  0.4151439  0.479696  0.3246596  401.1961
13.286  0.05367697  0.359238  0.4503961  0.3102935  400.1733
14.308  0.04095782  0.3082141  0.4063711  0.2780788  399.1558
15.33  0.03783986  0.2624519  0.3752325  0.236476  398.1434
16.352  0.03630401  0.2220945  0.3566532  0.1982898  397.1362
17.374  0.03675224  0.187086  0.3344732  0.1718695  396.134
18.396  0.03778571  0.1572104  0.2898877  0.1552894  395.1369
19.418  0.03775501  0.1321313  0.2492739  0.1404678  394.1448
20.44  0.03627208  0.111425  0.2148868  0.1215354  393.1576
21.462  0.03325872  0.09461363  0.1908987  0.1011044  392.1754
22.484  0.03022693  0.08118997  0.1606868  0.08490655  391.1981
23.506  0.02622042  0.07064203  0.1263161  0.0745036  390.2256
24.528  0.02398078  0.06247096  0.09917619  0.067156  389.258
25.55  0.0231149  0.05620687  0.07813628  0.05942697  388.2952
26.572  0.02280653  0.05142041  0.06962624  0.05028634  387.3371
27.594  0.0228686  0.04773283  0.05846993  0.04111741  386.3837
28.616  0.02177292  0.04482122  0.0435971  0.03357964  385.435
29.638  0.02196837  0.04242242  0.03273865  0.02801907  384.4909
30.66  0.02175586  0.04033219  0.0278528  0.02386783  383.5515
31.682  0.0212789  0.03840357  0.02437254  0.02033774  382.6166
32.704  0.02191632  0.03654139  0.01857438  0.01702499  381.6863
33.726  0.02098702  0.03469646  0.01203104  0.01388415  380.7605
34.748  0.0212712  0.0328576  0.007766853  0.01111328  379.8392
35.77  0.02194267  0.03104291  0.00448028  0.008851923  378.9223
36.792  0.02250417  0.02929239  0.00464012  0.007126247  378.0099
37.814  0.02187222  0.02765978  0.002253619  0.005878872  377.1018
38.836  0.02132129  0.02620615  0.001074646  0.004873587  376.1981
39.858  0.02140826  0.02499334  0.001298097  0.003965725  375.2987
40.88  0.02153716  0.02408042  0.0003544234  0.003128236  374.4036
41.902  0.02102256  0.02351905  0.0005155384  0.002451277  373.5127
42.924  0.02055188  0.02335236  0.0004191352  0.00194198  372.6261
43.946  0.01924168  0.02361212  0.0003908616  0.001574617  371.7437
44.968  0.01941504  0.0243189  0.0002406556  0.00126525  370.8655
45.99  0.01935606  0.02548144  0.0003036279  0.0009988376  369.9913
47.012  0.02027642  0.0270973  0.0004438119  0.0007628393  369.1214
48.034  0.0222018  0.02915323  0.000285384  0.0005928528  368.2554
49.056  0.02526849  0.03162663  0.0005479804  0.0004679129  367.3936
50.078  0.02791342  0.03448516  0.0002520643  0.0003814282  366.5357
51.1  0.03094558  0.0376902  0.0002207575  0.0003063953  365.6819
52.122  0.03309574  0.04119593  0.0004786064  0.0002454221  364.832
53.144  0.0355204  0.04495207  0.0001646468  0.0001954775  363.9861
54.166  0.04064023  0.04890387  1.098083E-5  0.000165511  363.1441
55.188  0.04338009  0.05299383  0.0005112345  0.0001414858  362.3059
56.21  0.04571947  0.05716268  0.0004026494  0.0001244745  361.4717
57.232  0.04799831  0.06134968  0.0001426471  0.0001093953  360.6412
58.254  0.04953726  0.06549343  0  9.445135E-5  359.8146
59.276  0.050298  0.06953261  0  8.450508E-5  358.9917
60.298  0.05059032  0.07340697  0  7.502625E-5  358.1726
61.32  0.04788368  0.07705699  0  7.2383E-5  357.3573
62.342  0.04746651  0.08042578  0  6.747102E-5  356.5456
63.364  0.04529101  0.083459  0  6.637585E-5  355.7376
64.386  0.04504605  0.08610691  0  5.710719E-5  354.9333
65.408  0.04902413  0.08832585  0  5.344679E-5  354.1326
66.43  0.05199021  0.09007817  0  4.549123E-5  353.3355
67.452  0.05925074  0.09133523  0  4.904772E-5  352.542
68.474  0.06686057  0.09207719  0  4.7089E-5  351.752
69.496  0.08518482  0.09229554  0  5.188874E-5  350.9656
70.518  0.0973484  0.0919928  0  4.57043E-5  350.1827
71.54  0.1048829  0.09118215  0  4.627301E-5  349.4032
72.562  0.1130316  0.08988747  0  3.876753E-5  348.6273
73.584  0.1169221  0.08814398  0  4.18585E-5  347.8547
74.606  0.1185362  0.0859941  0  3.650383E-5  347.0856
75.628  0.1156843  0.08348812  0  4.037866E-5  346.3199
76.65  0.1114107  0.08067997  0  3.504379E-5  345.5575
77.672  0.103665  0.07762636  0  3.814715E-5  344.7985
78.694  0.09582306  0.0743834  0  3.193792E-5  344.0429
79.716  0.0805609  0.07100526  0  3.247025E-5  343.2905
80.738  0.06992167  0.06754193  0  2.654569E-5  342.5414
81.76  0.06068043  0.06403647  0  2.966048E-5  341.7956
82.782  0.05160787  0.06052692  0  2.711853E-5  341.053
83.804  0.04348993  0.0570434  0  3.059764E-5  340.3136
84.826  0.03066155  0.05361031  0  2.706177E-5  339.5775
85.848  0.02368967  0.05024468  0  2.870907E-5  338.8445
86.87  0.0186222  0.04695953  0  2.588313E-5  338.1146
87.892  0.01521027  0.04376362  0  2.827244E-5  337.3879
88.914  0.01093475  0.04066303  0  2.675677E-5  336.6644
89.936  0.007813713  0.03766219  0  2.990973E-5  335.9439
90.958  0.006661738  0.03476459  0  2.958667E-5  335.2265
91.98  0.006767681  0.03197419  0  3.157225E-5  334.5121
93.002  0.006998805  0.02929516  0  2.995315E-5  333.8008
94.024  0.006827476  0.02673233  0  2.972909E-5  333.0925
95.046  0.00658354  0.02429095  0  2.841291E-5  332.3873
96.068  0.005930183  0.02197676  0  3.005725E-5  331.685
97.09  0.005876707  0.01979557  0  3.232956E-5  330.9856
98.112  0.005403651  0.01775229  0  3.394783E-5  330.2892
99.134  0.004887408  0.01585096  0  3.237929E-5  329.5957
100.156  0.0042355  0.01409401  0  2.918081E-5  328.9051
101.178  0.003690881  0.0124821  0  2.683627E-5  328.2175
102.2  0.003583765  0.01101398  0  2.52633E-5  327.5326
103.222  0.002881226  0.009686298  0  2.52605E-5  326.8507
104.244  0.003112006  0.008493982  0  2.554137E-5  326.1715
105.266  0.003237518  0.007430508  0  2.668193E-5  325.4952
106.288  0.00322607  0.006488379  0  2.497897E-5  324.8217
107.31  0.002910068  0.005658912  0  2.474544E-5  324.151
108.332  0.002677645  0.004933527  0  2.458222E-5  323.483
109.354  0.002371739  0.004303506  0  2.731716E-5  322.8178
110.376  0.002439884  0.003760533  0  3.005279E-5  322.1553
111.398  0.002514639  0.003296706  0  3.565151E-5  321.4955
112.42  0.002664316  0.002904736  0  3.873098E-5  320.8384
113.442  0.001651337  0.002577996  0  4.130762E-5  320.184
114.464  0.001536641  0.002310367  0  4.149626E-5  319.5323
115.486  0.00160699  0.002096483  0  4.403791E-5  318.8832
116.508  0.001590566  0.001931251  0  4.896703E-5  318.2368
117.53  0.001286051  0.001810081  0  5.547201E-5  317.5929
118.552  0.001676168  0.00172876  0  6.048155E-5  316.9517
119.574  0.001412805  0.001683264  0  6.006805E-5  316.313
120.596  0.001870603  0.001669941  0  5.672815E-5  315.6769
121.618  0.001708848  0.001685334  0  5.131603E-5  315.0434
122.64  0.001563713  0.001726183  0  5.01532E-5  314.4124
123.662  0.001295452  0.001789429  0  4.936747E-5  313.7839
124.684  0.001361559  0.001872434  0  5.392916E-5  313.158
125.706  0.001665688  0.001972411  0  5.447951E-5  312.5345
126.728  0.001844988  0.002087126  0  5.470118E-5  311.9135
127.75  0.002035751  0.002214198  0  4.892509E-5  311.2949
128.772  0.001700271  0.002351513  0  4.941567E-5  310.6789
129.794  0.002109735  0.002496968  0  4.791025E-5  310.0652
130.816  0.00380313  0.002648675  0  5.324626E-5  309.454
131.838  0.004069708  0.002804583  0  5.404089E-5  308.8451
132.86  0.004618734  0.002962787  0  5.921621E-5  308.2387
133.882  0.005118103  0.003121291  0  5.621688E-5  307.6346
134.904  0.006191218  0.003278223  0  6.017016E-5  307.0329
135.926  0.006981977  0.003431676  0  5.891569E-5  306.4336
136.948  0.007768937  0.003579848  0  6.4974E-5  305.8366
137.97  0.006674001  0.003720956  0  6.381897E-5  305.2419
138.992  0.006295617  0.003853396  0  6.918848E-5  304.6495
140.014  0.006351567  0.003975337  0  6.741244E-5  304.0594
141.036  0.005505583  0.004085606  0  7.370398E-5  303.4716
142.058  0.005597457  0.004182618  0  7.237062E-5  302.8861
143.08  0.005547184  0.004265199  0  7.70947E-5  302.3028
144.102  0.005273366  0.004332129  0  7.355766E-5  301.7218
145.124  0.005099436  0.004382373  0  7.61986E-5  301.1429
146.146  0.004984533  0.004415023  0  7.085017E-5  300.5663
147.168  0.005612247  0.004429111  0  7.371595E-5  299.992
148.19  0.005262252  0.004424038  0  7.176904E-5  299.4198
149.212  0.004670066  0.004398969  0  7.495631E-5  298.8497
150.234  0.004054681  0.004353575  0  7.075231E-5  298.2819
151.256  0.003971398  0.004287693  0  7.245139E-5  297.7162
152.278  0.003451683  0.004201428  0  7.020129E-5  297.1526
153.3  0.002616628  0.004094814  0  7.151006E-5  296.5912
154.322  0.002718893  0.003968726  0  6.684965E-5  296.0319
155.344  0.0026468  0.003824165  0  6.704449E-5  295.4747
156.366  0.001795582  0.003662592  0  6.457896E-5  294.9196
157.388  0.001942398  0.003485703  0  6.67083E-5  294.3665
158.41  0.002109724  0.003295736  0  6.487121E-5  293.8156
159.432  0.002319754  0.003095051  0  6.486986E-5  293.2667
160.454  0.002432612  0.002886528  0  6.118173E-5  292.7198
161.476  0.001995684  0.002673096  0  6.310422E-5  292.175
162.498  0.002192917  0.002457673  0  6.471854E-5  291.6322
163.52  0.001405863  0.002243268  0  6.845563E-5  291.0914
164.542  0.001294217  0.002032678  0  6.838159E-5  290.5526
165.564  0.0009582895  0.001828803  0  6.773524E-5  290.0158
166.586  0.0005103993  0.001633739  0  6.469825E-5  289.481
167.608  0.0006911409  0.001449737  0  6.141984E-5  288.9482
168.63  0.0003165518  0.001278299  0  5.730543E-5  288.4173
169.652  0.0004872642  0.001120584  0  5.646322E-5  287.8884
170.674  0.0006793157  0.0009773793  0  5.90164E-5  287.3614
171.696  0.0004315287  0.0008489511  0  6.310125E-5  286.8363
172.718  0.0002780135  0.0007352443  0  6.627923E-5  286.3131
173.74  0.0003351464  0.0006359437  0  6.538152E-5  285.7919
174.762  0.0002536151  0.0005502861  0  6.154525E-5  285.2725
175.784  0.000507751  0.000477118  0  5.676892E-5  284.755
176.806  0.0004107378  0.0004155705  0  5.611143E-5  284.2394
177.828  0.001242054  0.0003643286  0  5.686976E-5  283.7257
178.85  0.001027339  0.0003221  0  5.933356E-5  283.2138
179.872  0.001061286  0.0002877385  0  6.079779E-5  282.7038
180.894  0.001024415  0.000259975  0  6.40504E-5  282.1956
181.916  0.0005454664  0.0002375129  0  6.344854E-5  281.6892
182.938  0.0001877049  0.0002197695  0  6.192306E-5  281.1846
183.96  2.548151E-5  0.0002053224  0  5.91948E-5  280.6819
184.982  0.0001391403  0.0001936246  0  6.15402E-5  280.1809
186.004  3.258181E-5  0.0001840397  0  6.44123E-5  279.6817
187.026  0  0.0001761123  0  7.058472E-5  279.1843
188.048  3.961864E-5  0.0001692469  0  7.509222E-5  278.6887
189.07  0.0001072961  0.0001632214  0  7.923821E-5  278.1948
190.092  3.934438E-5  0.0001579292  0  7.605602E-5  277.7026
191.114  0.0001977389  0.0001529829  0  7.528403E-5  277.2122
192.136  9.248423E-5  0.0001486256  0  7.466437E-5  276.7236
193.158  5.772471E-5  0.0001443531  0  8.196464E-5  276.2366
194.18  1.095253E-5  0.0001405639  0  8.829295E-5  275.7514
195.202  2.619511E-5  0.0001366564  0  9.706187E-5  275.2678
196.224  5.264557E-5  0.0001332479  0  9.880166E-5  274.786
197.246  7.84611E-5  0.000130128  0  0.000100616  274.3058
198.268  0.0001157405  0.0001270028  0  9.688509E-5  273.8273
199.29  0.0002053016  0.000124057  0  9.767528E-5  273.3505
200.312  4.265469E-5  0.0001210738  0  9.636468E-5  272.8754
201.334  0  0.0001182458  0  9.958196E-5  272.4018
202.356  7.076931E-5  0.0001153434  0  9.72789E-5  271.93
203.378  1.659755E-5  0.0001124301  0  9.790851E-5  271.4597
204.4  0.0001276413  0.0001093667  0  9.612184E-5  270.9911
205.422  0.0001056838  0.0001063361  0  0.0001010335  270.5241
206.444  3.159514E-5  0.0001033725  0  0.0001031601  270.0587
207.466  4.246043E-5  0.0001004704  0  0.0001079104  269.5949
208.488  9.19755E-6  9.772429E-5  0  0.0001061637  269.1327
209.51  5.855676E-5  9.515438E-5  0  0.0001044539  268.6721
210.532  1.373334E-5  9.297119E-5  0  9.786654E-5  268.213
211.554  4.063755E-5  9.103376E-5  0  9.528015E-5  267.7556
212.576  7.765222E-5  8.949953E-5  0  8.923713E-5  267.2996
213.598  3.899889E-5  8.838533E-5  0  8.798663E-5  266.8453
214.62  5.399436E-6  8.781373E-5  0  8.796873E-5  266.3924
215.642  0  8.762337E-5  0  9.486867E-5  265.9411
216.664  7.391279E-5  8.790372E-5  0  9.881786E-5  265.4913
217.686  1.733479E-5  8.856687E-5  0  0.0001014416  265.0431
218.708  0  8.958326E-5  0  9.816885E-5  264.5963
219.73  0  9.08491E-5  0  9.504211E-5  264.1511
220.752  0  9.226029E-5  0  8.88556E-5  263.7074
221.774  0  9.374252E-5  0  8.485934E-5  263.2651
222.796  0  9.521931E-5  0  7.911785E-5  262.8243
223.818  4.9635E-5  9.660514E-5  0  7.679089E-5  262.385
224.84  0.0001040983  9.785303E-5  0  7.550033E-5  261.9472
225.862  2.168407E-5  9.889213E-5  0  7.941173E-5  261.5108
226.884  0  9.968085E-5  0  8.061202E-5  261.0759
227.906  0.0001399208  0.0001001778  0  8.024939E-5  260.6424
228.928  3.281566E-5  0.0001003795  0  7.646256E-5  260.2104
229.95  0  0.0001001693  0  7.57066E-5  259.7798
230.972  0  9.959652E-5  0  7.622597E-5  259.3506
231.994  0  9.864268E-5  0  7.962582E-5  258.9228
233.016  4.707705E-5  9.730536E-5  0  7.957009E-5  258.4964
234.038  9.00444E-5  9.564648E-5  0  7.77958E-5  258.0715
235.06  2.147916E-5  9.3552E-5  0  7.43924E-5  257.6479
236.082  6.919738E-7  9.12964E-5  0  7.205441E-5  257.2257
237.104  6.772311E-5  8.896683E-5  0  7.090787E-5  256.8049
238.126  0.0002263999  8.677074E-5  0  7.319101E-5  256.3855
239.148  0.000114267  8.501832E-5  0  7.665269E-5  255.9674
240.17  0.0001088045  8.418937E-5  0  7.957191E-5  255.5507
241.192  2.194846E-5  8.477954E-5  0  7.887608E-5  255.1354
242.214  0  8.774515E-5  0  7.587141E-5  254.7214
243.236  0  9.395999E-5  0  7.146966E-5  254.3087
244.258  0  0.0001041519  0  7.034802E-5  253.8974
245.28  6.056687E-5  0.0001196161  0  7.225814E-5  253.4874
246.302  1.420477E-5  0.0001410935  0  7.549536E-5  253.0788
247.324  2.120851E-5  0.0001685743  0  7.768986E-5  252.6714
248.346  7.592607E-5  0.0002025629  0  7.953945E-5  252.2654
249.368  1.66404E-5  0.0002418097  0  7.896054E-5  251.8606
250.39  0  0.0002856098  0  7.360203E-5  251.4572
251.412  3.905188E-5  0.0003326456  0  6.583057E-5  251.055
252.434  4.131943E-5  0.0003805087  0  6.304885E-5  250.6542
253.456  7.542631E-6  0.0004276112  0  6.591587E-5  250.2546
254.478  0  0.0004723043  0  7.098027E-5  249.8563
255.5  4.943924E-5  0.0005121504  0  7.538512E-5  249.4592
256.522  2.006466E-5  0.0005454352  0  7.552463E-5  249.0634
257.544  1.986393E-6  0.0005713025  0  7.34328E-5  248.6689
258.566  4.244693E-5  0.0005876566  0  7.136312E-5  248.2756
259.588  9.955092E-6  0.0005953548  0  6.895481E-5  247.8835
260.61  0  0.000592586  0  6.703113E-5  247.4927
