position    2.164e+00
        E0        avgy
   1.000e+08 -5.919e-01  
   1.250e+08 -4.724e-01  
   1.500e+08 -3.927e-01  
   1.750e+08 -3.253e-01  
   2.000e+08 -2.728e-01  
   2.250e+08 -2.351e-01  
   2.500e+08 -2.067e-01  
   2.750e+08 -1.844e-01  
   3.000e+08 -1.666e-01  
   3.250e+08 -1.519e-01  
   3.500e+08 -1.396e-01  
   3.750e+08 -1.292e-01  
   4.000e+08 -1.201e-01  
   4.250e+08 -1.123e-01  
   4.500e+08 -1.055e-01  
   4.750e+08 -9.937e-02  
   5.000e+08 -9.393e-02  
   5.250e+08 -8.909e-02  
   5.500e+08 -8.471e-02  
   5.750e+08 -8.071e-02  
   6.000e+08 -7.707e-02  
   6.250e+08 -7.373e-02  
   6.500e+08 -7.070e-02  
   6.750e+08 -6.787e-02  
   7.000e+08 -6.528e-02  
   7.250e+08 -6.286e-02  
   7.500e+08 -6.063e-02  
   7.750e+08 -5.855e-02  
   8.000e+08 -5.659e-02  
   8.250e+08 -5.477e-02  
   8.500e+08 -5.306e-02  
   8.750e+08 -5.144e-02  
   9.000e+08 -4.993e-02  
   9.250e+08 -4.850e-02  
   9.500e+08 -4.715e-02  
   9.750e+08 -4.588e-02  
   1.000e+09 -4.467e-02  

