345.77	43.77
345.98	43.77
346.19	43.77
346.41	79.19
346.62	-52.61
346.84	126.07
347.05	57.26
347.26	62.91
347.48	138.91
347.69	-11.16
347.91	36.21
348.12	80.85
348.33	95.91
348.55	104.69
348.76	102.77
348.97	99.37
349.19	60.85
349.40	114.95
349.62	79.83
349.83	212.17
350.04	68.73
350.26	55.70
350.47	45.24
350.69	110.71
350.90	95.78
351.11	74.61
351.33	92.98
351.54	108.52
351.75	10.08
351.97	116.08
352.18	104.86
352.40	29.41
352.61	135.12
352.82	61.23
353.04	113.48
353.25	55.46
353.46	61.21
353.68	165.50
353.89	61.25
354.10	161.97
354.32	120.38
354.53	34.45
354.75	6.16
354.96	50.36
355.17	39.38
355.39	68.89
355.60	88.68
355.81	133.43
356.03	44.28
356.24	149.69
356.45	57.14
356.67	63.63
356.88	28.53
357.09	112.41
357.31	25.82
357.52	147.09
357.73	104.84
357.95	77.72
358.16	108.05
358.37	84.66
358.59	78.07
358.80	86.61
359.02	117.92
359.23	104.45
359.44	101.21
359.66	109.22
359.87	64.29
360.08	132.83
360.30	146.49
360.51	56.81
360.72	162.61
360.93	98.88
361.15	93.65
361.36	82.55
361.57	82.82
361.79	17.57
362.00	181.59
362.21	91.22
362.43	35.68
362.64	42.70
362.85	112.19
363.07	131.64
363.28	88.31
363.49	104.36
363.71	94.12
363.92	86.04
364.13	96.75
364.35	65.99
364.56	116.10
364.77	120.24
364.98	38.75
365.20	137.38
365.41	70.27
365.62	51.51
365.84	58.33
366.05	78.89
366.26	14.27
366.48	84.46
366.69	-45.96
366.90	119.46
367.11	111.18
367.33	-2.03
367.54	106.94
367.75	35.33
367.97	91.81
368.18	45.71
368.39	48.31
368.60	133.86
368.82	78.74
369.03	119.87
369.24	53.80
369.46	-17.31
369.67	118.86
369.88	89.95
370.09	68.79
370.31	145.02
370.52	135.49
370.73	118.54
370.95	70.39
371.16	90.25
371.37	112.13
371.58	76.92
371.80	9.79
372.01	50.01
372.22	118.52
372.43	107.01
372.65	26.25
372.86	30.35
373.07	57.32
373.29	128.31
373.50	135.47
373.71	42.33
373.92	104.65
374.14	113.44
374.35	119.54
374.56	46.37
374.77	42.33
374.99	94.15
375.20	52.53
375.41	40.26
375.62	51.16
375.84	77.62
376.05	120.50
376.26	133.53
376.47	89.99
376.69	87.71
376.90	60.44
377.11	103.20
377.32	119.11
377.54	122.94
377.75	53.37
377.96	148.60
378.17	138.07
378.38	89.05
378.60	151.73
378.81	28.16
379.02	104.73
379.23	-4.36
379.45	77.11
379.66	58.26
379.87	101.54
380.08	178.09
380.30	118.09
380.51	81.41
380.72	125.79
380.93	35.51
381.14	108.87
381.36	99.61
381.57	46.26
381.78	74.91
381.99	66.93
382.20	116.90
382.42	111.45
382.63	86.38
382.84	134.86
383.05	144.40
383.27	118.39
383.48	65.76
383.69	48.35
383.90	28.69
384.11	141.56
384.33	91.71
384.54	138.44
384.75	85.77
384.96	54.27
385.17	118.52
385.39	76.33
385.60	100.90
385.81	89.11
386.02	96.87
386.23	105.72
386.45	165.11
386.66	128.08
386.87	118.37
387.08	39.32
387.29	104.55
387.50	131.09
387.72	121.06
387.93	109.67
388.14	121.79
388.35	181.74
388.56	159.76
388.78	67.50
388.99	76.84
389.20	110.73
389.41	74.48
389.62	185.01
389.83	40.92
390.05	166.89
390.26	82.47
390.47	70.98
390.68	46.08
390.89	202.83
391.10	129.96
391.32	15.50
391.53	176.06
391.74	76.02
391.95	122.08
392.16	134.96
392.37	73.38
392.59	117.14
392.80	16.53
393.01	169.26
393.22	51.77
393.43	126.58
393.64	135.29
393.86	139.51
394.07	112.62
394.28	121.92
394.49	119.58
394.70	101.85
394.91	194.05
395.12	71.15
395.34	194.58
395.55	118.95
395.76	26.07
395.97	122.08
396.18	106.64
396.39	86.51
396.60	96.32
396.82	96.50
397.03	129.45
397.24	124.68
397.45	123.86
397.66	141.49
397.87	59.90
398.08	179.24
398.29	160.83
398.51	147.62
398.72	244.04
398.93	138.93
399.14	121.55
399.35	73.28
399.56	159.11
399.77	105.53
399.98	102.23
400.20	80.81
400.41	99.24
400.62	83.43
400.83	112.97
401.04	70.70
401.25	135.29
401.46	115.87
401.67	160.85
401.88	172.83
402.10	74.55
402.31	172.54
402.52	85.52
402.73	44.58
402.94	153.23
403.15	114.09
403.36	96.09
403.57	90.25
403.78	126.75
403.99	141.25
404.21	88.35
404.42	47.53
404.63	185.34
404.84	58.22
405.05	139.84
405.26	129.45
405.47	177.52
405.68	105.10
405.89	76.63
406.10	70.80
406.31	130.82
406.53	73.46
406.74	98.59
406.95	127.51
407.16	53.41
407.37	30.45
407.58	99.74
407.79	109.59
408.00	45.65
408.21	81.18
408.42	144.59
408.63	108.24
408.84	91.46
409.05	115.22
409.27	139.10
409.48	92.14
409.69	87.35
409.90	97.54
410.11	-3.73
410.32	174.10
410.53	118.70
410.74	73.89
410.95	44.63
411.16	106.84
411.37	92.42
411.58	165.60
411.79	141.33
412.00	143.13
412.21	106.33
412.42	83.39
412.63	100.80
412.84	141.54
413.06	63.51
413.27	55.56
413.48	140.63
413.69	161.71
413.90	147.95
414.11	64.65
414.32	107.35
414.53	141.68
414.74	67.77
414.95	136.62
415.16	63.00
415.37	124.39
415.58	134.55
415.79	187.96
416.00	112.09
416.21	83.93
416.42	139.69
416.63	142.97
416.84	176.10
417.05	91.11
417.26	161.38
417.47	92.51
417.68	139.61
417.89	103.59
418.10	176.33
418.31	113.56
418.52	154.54
418.73	99.16
418.94	118.21
419.15	123.94
419.36	68.71
419.57	113.25
419.78	169.47
419.99	161.40
420.20	187.92
420.41	111.25
420.62	156.63
420.83	131.11
421.04	71.41
421.25	81.35
421.46	100.25
421.67	113.93
421.88	186.12
422.09	115.42
422.30	105.61
422.51	18.74
422.72	106.00
422.93	117.98
423.14	179.96
423.35	94.68
423.56	88.51
423.77	177.35
423.98	120.93
424.19	194.78
424.40	83.54
424.61	101.21
424.82	107.25
425.03	208.69
425.24	175.86
425.45	134.29
425.66	67.03
425.87	178.79
426.08	66.35
426.29	131.73
426.50	102.95
426.71	94.82
426.92	182.64
427.13	174.90
427.34	163.45
427.55	174.10
427.76	173.20
427.97	109.07
428.18	174.45
428.39	190.56
428.60	107.78
428.81	157.37
429.02	145.22
429.23	103.28
429.44	74.63
429.65	215.53
429.85	132.81
430.06	150.28
430.27	136.25
430.48	44.26
430.69	115.55
430.90	178.38
431.11	130.80
431.32	167.89
431.53	112.52
431.74	201.03
431.95	117.76
432.16	143.73
432.37	128.18
432.58	183.29
432.79	123.78
433.00	151.55
433.21	139.88
433.42	232.01
433.62	232.69
433.83	64.88
434.04	121.40
434.25	180.28
434.46	157.43
434.67	182.47
434.88	130.23
435.09	200.00
435.30	226.22
435.51	198.33
435.72	227.28
435.93	151.34
436.14	159.91
436.34	189.40
436.55	276.43
436.76	91.99
436.97	183.89
437.18	195.85
437.39	106.23
437.60	196.61
437.81	176.74
438.02	180.26
438.23	175.33
438.44	171.31
438.64	210.08
438.85	209.69
439.06	154.81
439.27	183.09
439.48	211.45
439.69	141.06
439.90	156.83
440.11	157.88
440.32	114.87
440.53	172.56
440.73	175.33
440.94	251.51
441.15	157.88
441.36	193.21
441.57	204.63
441.78	211.35
441.99	140.49
442.20	183.15
442.40	163.22
442.61	212.25
442.82	185.83
443.03	258.58
443.24	249.57
443.45	251.20
443.66	197.85
443.87	159.58
444.07	135.99
444.28	224.09
444.49	127.57
444.70	223.13
444.91	279.79
445.12	164.80
445.33	171.05
445.54	231.60
445.74	109.05
445.95	224.05
446.16	242.95
446.37	245.57
446.58	165.11
446.79	163.65
447.00	238.18
447.20	209.61
447.41	185.38
447.62	130.15
447.83	223.64
448.04	118.76
448.25	135.29
448.46	242.25
448.66	288.97
448.87	181.61
449.08	206.27
449.29	187.98
449.50	191.65
449.71	204.59
449.91	202.71
450.12	233.37
450.33	121.71
450.54	174.06
450.75	192.12
450.96	290.40
451.16	258.21
451.37	189.36
451.58	139.41
451.79	178.89
452.00	241.82
452.21	177.27
452.41	240.02
452.62	192.45
452.83	215.45
453.04	208.59
453.25	223.00
453.45	201.42
453.66	205.92
453.87	157.30
454.08	80.65
454.29	224.03
454.50	243.59
454.70	141.31
454.91	170.04
455.12	162.08
455.33	184.73
455.54	207.83
455.74	281.51
455.95	197.47
456.16	212.70
456.37	226.14
456.58	212.74
456.78	184.93
456.99	275.55
457.20	237.65
457.41	137.60
457.62	288.31
457.82	258.04
458.03	171.07
458.24	247.99
458.45	247.62
458.66	177.46
458.86	245.12
459.07	263.25
459.28	184.89
459.49	230.17
459.69	310.68
459.90	210.04
460.11	300.70
460.32	165.68
460.53	229.15
460.73	180.92
460.94	218.58
461.15	251.72
461.36	204.53
461.56	190.17
461.77	274.24
461.98	213.87
462.19	270.43
462.39	182.33
462.60	253.78
462.81	293.76
463.02	301.95
463.23	187.35
463.43	257.65
463.64	195.40
463.85	234.98
464.06	261.51
464.26	232.94
464.47	214.55
464.68	322.74
464.89	260.07
465.09	185.10
465.30	264.95
465.51	230.05
465.72	253.64
465.92	279.57
466.13	255.67
466.34	202.03
466.55	218.11
466.75	285.26
466.96	339.59
467.17	251.37
467.37	295.85
467.58	302.98
467.79	204.82
468.00	263.94
468.20	228.78
468.41	238.47
468.62	246.66
468.83	247.72
469.03	258.06
469.24	294.40
469.45	330.28
469.65	265.70
469.86	297.14
470.07	276.00
470.28	303.86
470.48	281.10
470.69	303.10
470.90	354.97
471.11	319.46
471.31	283.54
471.52	299.66
471.73	325.07
471.93	404.15
472.14	300.15
472.35	266.79
472.55	334.76
472.76	260.38
472.97	306.44
473.18	333.31
473.38	265.23
473.59	328.23
473.80	315.26
474.00	320.30
474.21	247.37
474.42	325.52
474.62	377.56
474.83	298.14
475.04	343.71
475.25	346.33
475.45	404.90
475.66	399.50
475.87	410.70
476.07	332.59
476.28	358.21
476.49	367.82
476.69	296.57
476.90	314.61
477.11	395.30
477.31	366.44
477.52	365.93
477.73	350.94
477.93	409.53
478.14	324.54
478.35	344.55
478.55	412.67
478.76	414.28
478.97	402.59
479.17	398.37
479.38	431.67
479.59	377.09
479.79	411.89
480.00	377.40
480.21	411.31
480.41	424.34
480.62	402.06
480.83	383.24
481.03	404.11
481.24	411.40
481.45	337.28
481.65	449.45
481.86	427.04
482.07	413.12
482.27	345.51
482.48	435.17
482.69	443.34
482.89	385.02
483.10	518.55
483.30	470.28
483.51	454.69
483.72	456.37
483.92	387.39
484.13	437.28
484.34	439.72
484.54	424.93
484.75	441.93
484.96	459.09
485.16	469.56
485.37	486.90
485.57	414.71
485.78	492.99
485.99	476.89
486.19	486.76
486.40	415.04
486.61	471.75
486.81	442.32
487.02	436.67
487.22	419.96
487.43	449.08
487.64	433.21
487.84	431.22
488.05	474.92
488.25	507.77
488.46	503.02
488.67	567.18
488.87	435.13
489.08	473.47
489.28	442.01
489.49	472.08
489.70	483.73
489.90	478.65
490.11	427.06
490.31	535.81
490.52	455.45
490.73	497.14
490.93	505.77
491.14	464.54
491.34	512.71
491.55	509.31
491.76	512.07
491.96	546.40
492.17	515.29
492.37	559.69
492.58	491.84
492.79	510.31
492.99	493.72
493.20	544.41
493.40	533.52
493.61	525.22
493.81	525.41
494.02	548.22
494.23	501.04
494.43	591.02
494.64	568.43
494.84	573.14
495.05	562.68
495.25	540.56
495.46	594.63
495.67	604.03
495.87	629.93
496.08	582.09
496.28	602.92
496.49	521.33
496.69	584.72
496.90	656.87
497.11	571.75
497.31	607.71
497.52	549.88
497.72	586.29
497.93	579.35
498.13	640.48
498.34	610.44
498.54	654.29
498.75	580.33
498.95	651.99
499.16	596.02
499.37	540.19
499.57	612.85
499.78	606.75
499.98	669.93
500.19	606.63
500.39	638.31
500.60	658.28
500.80	652.91
501.01	664.75
501.21	631.04
501.42	636.24
501.62	694.47
501.83	697.89
502.04	712.75
502.24	682.73
502.45	682.77
502.65	682.16
502.86	662.37
503.06	683.43
503.27	712.53
503.47	690.37
503.68	723.44
503.88	693.38
504.09	660.63
504.29	700.43
504.50	583.63
504.70	676.83
504.91	754.39
505.11	696.86
505.32	745.48
505.52	700.59
505.73	822.34
505.93	688.51
506.14	731.70
506.34	736.90
506.55	686.44
506.75	735.79
506.96	768.07
507.16	684.31
507.37	767.37
507.57	725.74
507.78	778.86
507.98	747.92
508.19	709.95
508.39	781.57
508.60	706.02
508.80	854.19
509.01	718.10
509.21	764.69
509.42	803.36
509.62	773.82
509.83	797.54
510.03	773.27
510.24	793.63
510.44	805.57
510.65	785.21
510.85	792.65
511.05	814.50
511.26	797.23
511.46	836.37
511.67	831.02
511.87	761.60
512.08	819.56
512.28	933.87
512.49	794.33
512.69	823.32
512.90	819.39
513.10	827.52
513.31	866.91
513.51	874.34
513.71	898.79
513.92	877.53
514.12	858.12
514.33	837.84
514.53	897.48
514.74	924.04
514.94	964.39
515.15	885.62
515.35	887.32
515.55	871.12
515.76	844.17
515.96	880.11
516.17	887.20
516.37	910.32
516.58	979.09
516.78	932.85
516.99	950.73
517.19	905.78
517.39	971.76
517.60	893.96
517.80	947.49
518.01	1001.46
518.21	901.13
518.42	1023.45
518.62	949.01
518.82	928.47
519.03	993.33
519.23	960.76
519.44	878.64
519.64	938.87
519.84	946.10
520.05	960.76
520.25	1027.45
520.46	969.37
520.66	992.63
520.87	1006.70
521.07	1093.25
521.27	1017.92
521.48	962.42
521.68	1012.68
521.89	1063.84
522.09	1052.53
522.29	1020.83
522.50	990.36
522.70	1012.47
522.91	1006.82
523.11	1122.18
523.31	1057.84
523.52	1006.54
523.72	1010.26
523.93	1104.57
524.13	1066.66
524.33	1012.50
524.54	1063.14
524.74	1042.42
524.94	1078.62
525.15	1100.17
525.35	1059.27
525.56	1072.38
525.76	1161.65
525.96	1094.89
526.17	1141.89
526.37	1142.52
526.58	1064.80
526.78	1089.50
526.98	1092.26
527.19	1065.91
527.39	1169.19
527.59	1122.20
527.80	1143.59
528.00	1189.91
528.20	1196.16
528.41	1150.94
528.61	1143.61
528.82	1166.65
529.02	1124.38
529.22	1151.45
529.43	1226.45
529.63	1168.63
529.83	1190.81
530.04	1181.96
530.24	1188.42
530.44	1169.70
530.65	1103.00
530.85	1189.23
531.05	1105.55
531.26	1185.18
531.46	1269.13
531.66	1149.75
531.87	1249.67
532.07	1230.05
532.27	1269.23
532.48	1227.94
532.68	1277.17
532.88	1255.61
533.09	1257.51
533.29	1295.59
533.49	1306.95
533.70	1363.82
533.90	1325.42
534.10	1343.24
534.31	1360.12
534.51	1293.25
534.71	1343.94
534.92	1274.84
535.12	1261.61
535.32	1302.41
535.53	1290.67
535.73	1296.16
535.93	1350.06
536.14	1364.89
536.34	1314.24
536.54	1259.89
536.75	1292.68
536.95	1388.26
537.15	1286.02
537.35	1341.26
537.56	1307.44
537.76	1452.64
537.96	1366.77
538.17	1442.94
538.37	1471.53
538.57	1312.40
538.78	1429.46
538.98	1372.96
539.18	1430.81
539.38	1478.06
539.59	1369.44
539.79	1472.16
539.99	1398.19
540.20	1368.64
540.40	1446.54
540.60	1549.23
540.80	1471.45
541.01	1435.97
541.21	1468.15
541.41	1490.68
541.62	1463.40
541.82	1514.98
542.02	1443.84
542.22	1502.02
542.43	1418.87
542.63	1460.45
542.83	1480.21
543.03	1556.44
543.24	1421.99
543.44	1453.75
543.64	1549.21
543.84	1493.46
544.05	1482.50
544.25	1536.43
544.45	1472.63
544.66	1437.45
544.86	1588.75
545.06	1546.87
545.26	1502.94
545.47	1529.79
545.67	1546.36
545.87	1562.87
546.07	1608.72
546.28	1607.20
546.48	1551.99
546.68	1594.90
546.88	1524.24
547.09	1539.38
547.29	1580.19
547.49	1531.84
547.69	1518.79
547.89	1543.76
548.10	1578.33
548.30	1495.63
548.50	1544.89
548.70	1627.46
548.91	1566.04
549.11	1487.81
549.31	1623.18
549.51	1597.89
549.72	1611.28
549.92	1615.25
550.12	1644.50
550.32	1555.04
550.52	1606.41
550.73	1615.70
550.93	1641.43
551.13	1652.55
551.33	1593.30
551.54	1618.90
551.74	1607.41
551.94	1626.91
552.14	1699.77
552.34	1640.01
552.55	1669.30
552.75	1659.24
552.95	1630.08
553.15	1629.90
553.35	1570.87
553.56	1562.97
553.76	1618.55
553.96	1564.91
554.16	1663.22
554.36	1630.12
554.57	1726.09
554.77	1601.10
554.97	1562.15
555.17	1571.34
555.37	1649.56
555.57	1552.22
555.78	1589.72
555.98	1556.74
556.18	1573.02
556.38	1632.54
556.58	1624.39
556.79	1538.66
556.99	1610.32
557.19	1681.98
557.39	1613.02
557.59	1587.22
557.79	1572.86
558.00	1693.90
558.20	1623.81
558.40	1590.92
558.60	1546.73
558.80	1662.38
559.00	1487.54
559.21	1630.33
559.41	1556.72
559.61	1549.68
559.81	1558.26
560.01	1601.22
560.21	1547.59
560.42	1658.98
560.62	1577.12
560.82	1620.95
561.02	1527.93
561.22	1585.33
561.42	1649.25
561.62	1580.81
561.83	1519.10
562.03	1488.98
562.23	1486.66
562.43	1667.82
562.63	1561.15
562.83	1613.64
563.03	1542.43
563.24	1450.37
563.44	1540.69
563.64	1497.00
563.84	1525.63
564.04	1616.63
564.24	1556.72
564.44	1500.57
564.64	1534.03
564.85	1489.67
565.05	1500.83
565.25	1490.61
565.45	1482.24
565.65	1490.16
565.85	1475.01
566.05	1484.47
566.25	1523.95
566.46	1493.09
566.66	1451.27
566.86	1527.74
567.06	1418.94
567.26	1466.73
567.46	1466.43
567.66	1465.12
567.86	1428.01
568.06	1387.77
568.27	1449.55
568.47	1484.10
568.67	1454.80
568.87	1420.84
569.07	1416.89
569.27	1484.39
569.47	1481.81
569.67	1459.46
569.87	1392.25
570.07	1370.34
570.27	1373.49
570.48	1387.21
570.68	1371.75
570.88	1406.73
571.08	1406.63
571.28	1406.73
571.48	1383.73
571.68	1412.20
571.88	1342.63
572.08	1317.83
572.28	1348.12
572.48	1361.10
572.68	1409.41
572.89	1372.81
573.09	1307.48
573.29	1310.66
573.49	1334.60
573.69	1303.61
573.89	1284.14
574.09	1335.48
574.29	1309.64
574.49	1297.20
574.69	1328.85
574.89	1330.14
575.09	1231.34
575.29	1305.07
575.49	1307.55
575.69	1341.85
575.89	1219.79
576.09	1248.42
576.30	1287.80
576.50	1280.57
576.70	1298.49
576.90	1211.58
577.10	1319.63
577.30	1221.90
577.50	1168.45
577.70	1264.91
577.90	1256.67
578.10	1258.25
578.30	1185.26
578.50	1266.03
578.70	1275.82
578.90	1274.43
579.10	1248.34
579.30	1304.68
579.50	1297.12
579.70	1203.73
579.90	1190.26
580.10	1195.97
580.30	1253.03
580.50	1291.16
580.70	1281.27
580.90	1187.56
581.10	1112.62
581.30	1277.75
581.50	1113.23
581.70	1187.86
581.90	1219.44
582.10	1187.17
582.30	1144.59
582.50	1142.42
582.70	1164.70
582.90	1104.86
583.10	1167.90
583.30	1218.25
583.50	1167.44
583.70	1168.02
583.90	1173.18
584.10	1157.92
584.30	1201.85
584.50	1105.39
584.70	1147.33
584.90	1239.37
585.10	1159.99
585.30	1116.39
585.50	1107.17
585.70	1136.01
585.90	1089.91
586.10	1133.45
586.30	1120.24
586.50	1094.89
586.70	1182.19
586.90	1066.25
587.10	1168.92
587.30	1133.00
587.50	1100.76
587.70	1099.00
587.90	1085.77
588.10	1042.46
588.30	1106.23
588.50	1067.57
588.70	1106.60
588.90	1132.98
589.10	1061.71
589.30	1030.66
589.50	1067.03
589.70	1143.71
589.90	1129.74
590.10	1090.71
590.30	1069.35
590.50	1080.41
590.69	1061.24
590.89	1137.05
591.09	1132.69
591.29	1036.01
591.49	1006.97
591.69	1038.14
591.89	1037.71
592.09	1098.86
592.29	1115.06
592.49	1048.87
592.69	1136.15
592.89	1005.41
593.09	1004.90
593.29	1096.52
593.49	1158.19
593.69	1095.93
593.89	1034.47
594.08	1099.04
594.28	1053.72
594.48	1016.78
594.68	1047.80
594.88	1010.12
595.08	1035.76
595.28	1059.89
595.48	1049.73
595.68	1024.31
595.88	1071.62
596.08	965.06
596.28	1038.24
596.47	1016.53
596.67	1097.57
596.87	1030.89
597.07	1091.44
597.27	1037.23
597.47	1043.60
597.67	1048.58
597.87	1081.74
598.07	978.15
598.27	1026.05
598.47	1126.63
598.66	1009.34
598.86	1036.70
599.06	1001.97
599.26	1072.32
599.46	975.16
599.66	1102.05
599.86	986.28
600.06	1026.77
600.26	986.63
600.45	960.33
600.65	1050.73
600.85	1082.41
601.05	939.83
601.25	1086.12
601.45	1123.23
601.65	1074.12
601.85	998.75
602.04	1026.54
602.24	1051.30
602.44	1098.90
602.64	973.42
602.84	1019.05
603.04	1000.66
603.24	1025.21
603.43	981.16
603.63	1062.61
603.83	1000.76
604.03	1021.49
604.23	1057.18
604.43	1077.58
604.63	1002.69
604.82	1041.88
605.02	1053.66
605.22	1011.82
605.42	1067.20
605.62	953.33
605.82	1151.82
606.02	976.51
606.21	1022.35
606.41	1052.98
606.61	1002.56
606.81	1017.59
607.01	1019.34
607.21	976.12
607.40	990.34
607.60	916.86
607.80	1062.85
608.00	947.94
608.20	1002.56
608.40	993.53
608.59	939.18
608.79	1031.75
608.99	970.92
609.19	985.99
609.39	1011.16
609.59	1058.76
609.78	1005.00
609.98	1045.90
610.18	1019.42
610.38	980.18
610.58	989.66
610.77	966.48
610.97	944.93
611.17	1020.95
611.37	1023.31
611.57	988.86
611.76	947.70
611.96	993.55
612.16	951.81
612.36	969.32
612.56	1090.87
612.75	998.67
612.95	991.54
613.15	1009.10
613.35	1035.84
613.55	1002.23
613.74	1002.73
613.94	1018.99
614.14	894.68
614.34	947.41
614.54	1049.71
614.73	995.50
614.93	1019.81
615.13	1038.79
615.33	966.97
615.53	907.35
615.72	954.97
615.92	1009.46
616.12	990.52
616.32	1058.06
616.51	964.59
616.71	1023.57
616.91	928.43
617.11	958.92
617.30	976.12
617.50	955.38
617.70	989.13
617.90	969.39
618.10	952.67
618.29	1005.06
618.49	913.27
618.69	913.27
618.89	941.27
619.08	973.22
619.28	1013.33
619.48	987.71
619.68	934.77
619.87	1001.60
620.07	926.09
620.27	944.26
620.47	962.44
620.66	922.94
620.86	866.50
621.06	870.00
621.25	865.31
621.45	963.75
621.65	943.09
621.85	918.45
622.04	936.74
622.24	826.21
622.44	1003.93
622.64	996.15
622.83	950.75
623.03	895.27
623.23	965.23
623.43	853.57
623.62	965.45
623.82	999.92
624.02	946.45
624.21	963.06
624.41	978.99
624.61	849.99
624.81	883.29
625.00	897.40
625.20	916.75
625.40	827.50
625.59	946.55
625.79	1019.13
625.99	861.54
626.18	856.03
626.38	935.35
626.58	905.69
626.78	942.88
626.97	948.33
627.17	916.79
627.37	906.74
627.56	932.87
627.76	908.13
627.96	911.80
628.15	881.12
628.35	973.71
628.55	953.80
628.74	870.92
628.94	923.00
629.14	963.73
629.34	903.44
629.53	953.68
629.73	908.79
629.93	905.53
630.12	845.91
630.32	879.54
630.52	895.41
630.71	821.87
630.91	900.84
631.11	908.62
631.30	833.63
631.50	909.38
631.70	866.41
631.89	852.84
632.09	863.55
632.29	943.46
632.48	855.27
632.68	881.34
632.88	836.60
633.07	900.68
633.27	904.28
633.46	967.87
633.66	888.31
633.86	929.80
634.05	933.16
634.25	962.85
634.45	863.42
634.64	931.11
634.84	857.42
635.04	925.37
635.23	769.67
635.43	863.14
635.63	880.61
635.82	888.55
636.02	871.92
636.21	866.50
636.41	824.06
636.61	928.34
636.80	845.38
637.00	862.89
637.20	849.56
637.39	793.32
637.59	875.02
637.78	807.56
637.98	870.61
638.18	822.67
638.37	865.80
638.57	904.26
638.77	856.81
638.96	980.03
639.16	801.49
639.35	958.20
639.55	927.14
639.75	906.27
639.94	898.48
640.14	822.55
640.33	831.70
640.53	934.00
640.73	888.96
640.92	873.89
641.12	818.41
641.31	863.73
641.51	845.57
641.71	929.92
641.90	856.64
642.10	876.82
642.29	853.08
642.49	869.42
642.68	871.29
642.88	887.84
643.08	815.17
643.27	849.44
643.47	811.30
643.66	880.81
643.86	825.66
644.06	852.30
644.25	885.81
644.45	853.98
644.64	839.75
644.84	817.24
645.03	802.60
645.23	847.98
645.43	852.79
645.62	862.67
645.82	834.12
646.01	848.92
646.21	881.77
646.40	928.10
646.60	817.14
646.79	837.15
646.99	789.94
647.19	845.85
647.38	804.01
647.58	881.38
647.77	867.29
647.97	866.11
648.16	847.39
648.36	868.79
648.55	865.35
648.75	867.54
648.94	872.07
649.14	856.75
649.33	888.88
649.53	803.07
649.73	831.52
649.92	822.30
650.12	916.28
650.31	836.08
650.51	848.80
650.70	773.70
650.90	817.41
651.09	807.60
651.29	876.94
651.48	827.54
651.68	833.83
651.87	791.95
652.07	918.06
652.26	774.44
652.46	804.38
652.65	807.84
652.85	762.21
653.04	847.43
653.24	833.69
653.43	922.71
653.63	840.06
653.82	846.08
654.02	795.04
654.21	827.03
654.41	805.71
654.60	779.85
654.80	831.80
654.99	856.13
655.19	828.14
655.38	850.62
655.58	882.63
655.77	785.52
655.97	841.16
656.16	809.19
656.36	840.67
656.55	840.83
656.75	838.93
656.94	814.83
657.14	881.26
657.33	841.53
657.53	792.56
657.72	832.56
657.92	789.90
658.11	872.54
658.31	841.90
658.50	783.63
658.69	799.69
658.89	818.22
659.08	829.78
659.28	926.73
659.47	843.70
659.67	863.57
659.86	852.16
660.06	887.10
660.25	922.43
660.45	724.10
660.64	762.07
660.84	871.31
661.03	786.34
661.22	898.55
661.42	772.78
661.61	791.60
661.81	830.88
662.00	807.17
662.20	823.57
662.39	860.72
662.59	812.00
662.78	810.75
662.97	903.28
663.17	885.21
663.36	843.70
663.56	834.67
663.75	817.14
663.95	796.25
664.14	889.41
664.33	821.30
664.53	834.67
664.72	871.29
664.92	795.25
665.11	863.53
665.30	799.90
665.50	783.72
665.69	852.08
665.89	832.42
666.08	834.47
666.28	870.06
666.47	823.18
666.66	789.39
666.86	826.13
667.05	870.35
667.25	899.71
667.44	849.03
667.63	813.37
667.83	892.63
668.02	903.15
668.22	842.58
668.41	761.70
668.60	802.07
668.80	842.41
668.99	874.56
669.19	773.93
669.38	873.72
669.57	814.64
669.77	864.41
669.96	839.11
670.15	851.77
670.35	826.99
670.54	819.17
670.74	905.53
670.93	877.72
671.12	874.65
671.32	793.34
671.51	880.93
671.70	859.63
671.90	883.86
672.09	915.36
672.29	842.53
672.48	790.35
672.67	867.09
672.87	926.62
673.06	793.42
673.25	854.13
673.45	853.06
673.64	780.50
673.83	835.65
674.03	844.40
674.22	925.29
674.41	873.48
674.61	785.85
674.80	894.82
674.99	887.53
675.19	769.85
675.38	890.33
675.57	767.62
675.77	837.58
675.96	867.50
676.15	770.04
676.35	825.52
676.54	880.24
676.73	781.40
676.93	805.83
677.12	890.44
677.31	763.18
677.51	869.92
677.70	867.79
677.89	845.32
678.09	805.16
678.28	800.22
678.47	839.40
678.67	866.13
678.86	784.56
679.05	831.00
679.25	846.20
679.44	792.81
679.63	907.54
679.83	945.55
680.02	866.97
680.21	862.89
680.40	928.92
680.60	842.53
680.79	797.36
680.98	841.59
681.18	774.13
681.37	856.30
681.56	801.64
681.76	833.54
681.95	834.34
682.14	815.73
682.33	784.52
682.53	886.83
682.72	855.89
682.91	789.14
683.11	828.06
683.30	894.96
683.49	857.98
683.68	869.20
683.88	843.46
684.07	857.75
684.26	885.62
684.46	850.23
684.65	814.80
684.84	796.76
685.03	842.82
685.23	888.57
685.42	870.76
685.61	842.35
685.80	908.48
686.00	844.48
686.19	857.20
686.38	846.45
686.57	840.10
686.77	868.60
686.96	828.73
687.15	760.66
687.34	827.83
687.54	820.62
687.73	843.29
687.92	875.10
688.11	815.79
688.31	835.47
688.50	824.21
688.69	752.42
688.88	785.19
689.08	796.46
689.27	856.62
689.46	876.45
689.65	769.54
689.85	820.19
690.04	804.30
690.23	829.84
690.42	854.64
690.61	743.76
690.81	791.72
691.00	821.75
691.19	823.96
691.38	733.09
691.58	783.98
691.77	775.03
691.96	854.21
692.15	829.10
692.34	828.28
692.54	826.29
692.73	756.19
692.92	749.97
693.11	765.55
693.30	734.16
693.50	794.76
693.69	744.44
693.88	713.88
694.07	747.77
694.26	856.73
694.46	743.33
694.65	797.62
694.84	770.34
695.03	790.39
695.22	755.82
695.42	788.65
695.61	738.33
695.80	763.26
695.99	734.81
696.18	788.06
696.37	789.23
696.57	780.44
696.76	851.28
696.95	860.93
697.14	819.49
697.33	648.55
697.53	780.50
697.72	775.71
697.91	863.87
698.10	737.56
698.29	794.67
698.48	806.49
698.68	746.36
698.87	761.29
699.06	817.92
699.25	742.68
699.44	783.41
699.63	755.45
699.82	774.62
700.02	723.22
700.21	729.98
700.40	786.71
700.59	732.97
700.78	791.27
700.97	728.95
701.16	744.09
701.36	719.21
701.55	751.03
701.74	678.14
701.93	737.99
702.12	703.99
702.31	701.90
702.50	745.64
702.70	743.54
702.89	766.62
703.08	777.82
703.27	786.89
703.46	738.66
703.65	772.15
703.84	674.33
704.03	727.09
704.23	766.58
704.42	678.18
704.61	644.86
704.80	682.32
704.99	657.32
705.18	661.06
705.37	675.99
705.56	649.47
705.75	591.54
705.95	613.96
706.14	657.44
706.33	715.23
706.52	683.80
706.71	696.76
706.90	637.25
707.09	642.37
707.28	656.21
707.47	569.44
707.66	678.21
707.86	676.18
708.05	587.15
708.24	580.93
708.43	671.96
708.62	613.00
708.81	592.87
709.00	509.92
709.19	599.22
709.38	688.71
709.57	511.40
709.76	604.38
709.95	688.42
710.15	493.01
710.34	604.11
710.53	520.49
710.72	572.28
710.91	564.24
711.10	588.65
711.29	541.18
711.48	547.59
711.67	562.07
711.86	544.45
712.05	575.75
712.24	495.90
712.43	578.90
712.62	635.75
712.81	587.01
713.00	520.45
713.19	535.01
713.39	515.11
713.58	569.58
713.77	447.07
713.96	482.17
714.15	486.11
714.34	476.87
714.53	499.07
714.72	517.26
714.91	435.25
715.10	514.24
715.29	475.46
715.48	485.72
715.67	463.74
715.86	469.84
716.05	471.79
716.24	512.87
716.43	453.22
716.62	450.23
716.81	471.75
717.00	479.61
717.19	548.36
717.38	422.52
717.57	509.06
717.76	441.34
717.95	488.87
718.14	464.97
718.33	449.06
718.52	528.79
718.71	514.31
718.90	436.61
719.09	418.71
719.28	428.84
719.47	519.69
719.66	496.33
719.85	496.12
720.04	440.89
720.23	476.07
720.42	423.62
720.61	499.46
720.80	433.51
720.99	408.00
721.18	461.10
721.37	526.25
721.56	459.91
721.75	490.35
721.94	424.36
722.13	465.89
722.32	435.34
722.51	430.54
722.70	364.74
722.89	460.08
723.08	477.91
723.27	408.08
723.46	433.60
723.65	411.91
723.84	428.99
724.03	510.89
724.22	417.54
724.41	434.19
724.60	421.86
724.79	432.31
724.97	406.11
725.16	375.37
725.35	413.08
725.54	416.31
725.73	385.59
725.92	409.43
726.11	424.71
726.30	347.75
726.49	334.88
726.68	456.31
726.87	409.10
727.06	412.24
727.25	405.62
727.44	365.42
727.63	433.41
727.82	362.78
728.01	390.06
728.19	438.02
728.38	400.79
728.57	423.42
728.76	398.15
728.95	332.51
729.14	402.26
729.33	383.52
729.52	362.12
729.71	404.15
729.90	386.94
730.09	334.35
730.28	329.54
730.46	358.33
730.65	307.07
730.84	348.54
731.03	386.37
731.22	376.60
731.41	309.53
731.60	313.13
731.79	412.34
731.98	377.15
732.17	343.85
732.35	362.49
732.54	354.42
732.73	326.12
732.92	397.61
733.11	362.31
733.30	330.87
733.49	349.49
733.68	336.46
733.87	342.56
734.05	310.06
734.24	315.43
734.43	278.38
734.62	344.28
734.81	386.19
735.00	316.12
735.19	220.05
735.38	332.96
735.56	381.99
735.75	299.29
735.94	378.87
736.13	370.38
736.32	291.04
736.51	294.33
736.70	375.70
736.88	257.39
737.07	365.17
737.26	286.70
737.45	303.80
737.64	344.84
737.83	326.38
738.02	404.00
738.20	420.65
738.39	366.24
738.58	376.05
738.77	333.47
738.96	329.23
739.15	333.66
739.33	328.25
739.52	350.65
739.71	375.21
739.90	333.22
740.09	360.11
740.28	265.91
740.46	302.63
740.65	339.43
740.84	313.52
741.03	402.28
741.22	333.76
741.41	393.68
741.59	286.41
741.78	310.06
741.97	321.51
742.16	384.22
742.35	286.72
742.53	355.14
742.72	348.50
742.91	377.91
743.10	344.28
743.29	364.64
743.48	325.77
743.66	428.03
743.85	312.11
744.04	348.46
744.23	309.12
744.42	373.98
744.60	327.76
744.79	322.19
744.98	373.98
745.17	291.10
745.35	391.61
745.54	310.25
745.73	351.17
745.92	353.27
746.11	317.66
746.29	282.37
746.48	285.14
746.67	329.09
746.86	290.20
747.05	318.68
747.23	345.59
747.42	346.56
747.61	306.01
747.80	266.95
747.98	232.44
748.17	338.37
748.36	267.77
748.55	217.68
748.73	243.99
748.92	311.48
749.11	315.69
749.30	341.01
749.48	330.36
749.67	347.91
749.86	248.38
750.05	238.38
750.23	199.94
750.42	300.36
750.61	229.43
750.80	318.03
750.98	308.20
751.17	287.08
751.36	178.42
751.55	199.84
751.73	229.19
751.92	313.32
752.11	347.91
752.30	279.18
752.48	253.21
752.67	217.35
752.86	262.84
753.04	236.99
753.23	260.69
753.42	264.88
753.61	312.46
753.79	244.71
753.98	271.66
754.17	212.39
754.35	293.66
754.54	310.08
754.73	192.49
754.92	261.44
755.10	278.79
755.29	249.79
755.48	272.54
755.66	237.28
755.85	261.98
756.04	180.82
756.23	206.29
756.41	303.18
756.60	241.56
756.79	226.40
756.97	298.41
757.16	295.46
757.35	287.99
757.53	238.42
757.72	324.73
757.91	208.63
758.09	299.17
758.28	282.72
758.47	324.21
758.65	296.93
758.84	194.91
759.03	248.09
759.21	222.68
759.40	284.71
759.59	189.91
759.77	213.79
759.96	268.53
760.15	241.09
760.33	215.30
760.52	199.29
760.71	153.00
760.89	274.57
761.08	181.80
761.27	246.15
761.45	256.82
761.64	227.28
761.83	224.83
762.01	183.29
762.20	204.14
762.39	212.72
762.57	193.64
762.76	236.83
762.95	201.93
763.13	162.34
763.32	182.19
763.51	128.04
763.69	141.19
763.88	167.13
764.06	214.63
764.25	293.60
764.44	210.90
764.62	237.42
764.81	320.96
765.00	202.26
765.18	201.27
765.37	289.91
765.55	248.38
765.74	180.77
765.93	376.11
766.11	338.39
766.30	407.24
766.48	291.38
766.67	477.48
766.86	499.32
767.04	386.80
767.23	474.70
767.42	489.22
767.60	584.90
767.79	536.51
767.97	596.37
768.16	637.27
768.35	594.48
768.53	603.99
768.72	653.67
768.90	632.99
769.09	657.21
769.27	651.19
769.46	671.22
769.65	722.24
769.83	711.01
770.02	859.90
770.20	904.14
770.39	931.95
770.58	1001.33
770.76	1034.04
770.95	999.22
771.13	1003.59
771.32	1013.36
771.50	1058.66
771.69	1051.67
771.88	1098.88
772.06	1072.01
772.25	1064.86
772.43	1117.95
772.62	1124.42
772.80	1264.81
772.99	1204.88
773.17	1220.59
773.36	1171.27
773.55	1134.82
773.73	1229.01
773.92	1236.97
774.10	1279.37
774.29	1269.17
774.47	1249.02
774.66	1206.93
774.84	1201.52
775.03	1368.37
775.21	1346.48
775.40	1279.47
775.58	1377.85
775.77	1315.37
775.96	1337.94
776.14	1240.66
776.33	1303.43
776.51	1239.37
776.70	1260.26
776.88	1143.30
777.07	1223.07
777.25	1201.34
777.44	1222.58
777.62	1164.19
777.81	1227.74
777.99	1330.63
778.18	1334.54
778.36	1219.79
778.55	1270.44
778.73	1208.90
778.92	1189.85
779.10	1182.37
779.29	1163.47
779.47	1047.23
779.66	1012.17
779.84	967.03
780.03	906.66
780.21	918.35
780.40	938.17
780.58	921.67
780.77	899.80
780.95	892.01
781.14	885.05
781.32	903.07
781.51	848.19
781.69	792.20
781.88	775.59
782.06	809.79
782.25	814.07
782.43	736.35
782.62	719.98
782.80	707.94
782.99	724.04
783.17	610.05
783.35	621.07
783.54	601.08
783.72	565.26
783.91	460.92
784.09	508.20
784.28	503.19
784.46	459.13
784.65	438.59
784.83	396.98
785.02	414.39
785.20	404.88
785.39	356.49
785.57	418.52
785.75	395.44
785.94	330.58
786.12	343.87
786.31	397.82
786.49	375.78
786.68	410.95
786.86	398.06
787.04	388.29
787.23	304.84
787.41	345.57
787.60	332.04
787.78	337.26
787.97	321.78
788.15	338.90
788.33	318.64
788.52	273.14
788.70	308.53
788.89	262.43
789.07	320.81
789.26	344.82
789.44	280.92
789.62	277.87
789.81	330.71
789.99	345.33
790.18	229.07
790.36	289.64
790.54	266.95
790.73	317.91
790.91	286.33
791.10	240.10
791.28	273.63
791.46	307.40
791.65	303.04
791.83	355.16
792.02	365.62
792.20	359.87
792.38	390.34
792.57	397.43
792.75	435.07
792.94	481.01
793.12	505.44
793.30	574.72
793.49	565.67
793.67	631.70
793.85	586.31
794.04	587.46
794.22	722.71
794.41	661.51
794.59	698.64
794.77	646.81
794.96	611.32
795.14	724.84
795.32	669.83
795.51	689.94
795.69	686.42
795.87	709.44
796.06	755.19
796.24	780.01
796.43	794.76
796.61	791.48
796.79	813.08
796.98	951.28
797.16	979.87
797.34	1085.42
797.53	1183.68
797.71	1261.28
797.89	1355.96
798.08	1375.29
798.26	1399.77
798.44	1546.32
798.63	1575.38
798.81	1659.80
798.99	1850.09
799.18	1813.31
799.36	1736.76
799.54	1809.20
799.73	1906.43
799.91	1882.31
800.09	1934.14
800.28	1847.51
800.46	1806.10
800.64	1783.06
800.83	1754.17
801.01	1638.56
801.19	1614.95
801.37	1550.03
801.56	1589.29
801.74	1673.60
801.92	1586.09
802.11	1574.66
802.29	1651.26
802.47	1655.29
802.66	1642.39
802.84	1565.02
803.02	1595.06
803.20	1542.26
803.39	1563.15
803.57	1602.35
803.75	1570.57
803.94	1703.87
804.12	1675.20
804.30	1675.53
804.48	1744.15
804.67	1741.12
804.85	1653.28
805.03	1745.40
805.22	1757.12
805.40	1688.30
805.58	1637.88
805.76	1559.94
805.95	1479.12
806.13	1425.02
806.31	1389.26
806.49	1300.46
806.68	1249.34
806.86	1187.29
807.04	1103.30
807.23	977.70
807.41	1063.14
807.59	973.77
807.77	1026.24
807.96	985.11
808.14	924.17
808.32	815.91
808.50	796.31
808.69	748.02
808.87	833.67
809.05	757.44
809.23	749.23
809.41	761.39
809.60	687.73
809.78	673.47
809.96	695.53
810.14	740.36
810.33	744.33
810.51	647.14
810.69	841.78
810.87	820.70
811.06	842.62
811.24	849.09
811.42	987.51
811.60	956.57
811.78	921.57
811.97	855.11
812.15	908.72
812.33	928.10
812.51	917.16
812.69	967.89
812.88	977.97
813.06	911.14
813.24	1002.99
813.42	978.68
813.61	1028.80
813.79	998.08
813.97	1080.06
814.15	1106.03
814.33	1108.85
814.51	1193.70
814.70	1126.79
814.88	1183.89
815.06	1216.02
815.24	1245.74
815.42	1277.65
815.61	1318.75
815.79	1478.18
815.97	1406.09
816.15	1455.25
816.33	1607.94
816.51	1698.36
816.70	1732.52
816.88	1648.59
817.06	1582.16
817.24	1696.48
817.42	1682.67
817.60	1546.20
817.79	1443.35
817.97	1495.34
818.15	1386.93
818.33	1340.09
818.51	1347.87
818.69	1203.88
818.88	1114.46
819.06	1057.67
819.24	1125.03
819.42	987.90
819.60	942.27
819.78	944.18
819.96	897.60
820.15	843.95
820.33	868.05
820.51	746.89
820.69	806.10
820.87	719.19
821.05	790.93
821.23	802.46
821.42	748.72
821.60	757.65
821.78	821.58
821.96	778.88
822.14	781.10
822.32	696.82
822.50	798.58
822.68	657.87
822.87	699.44
823.05	562.68
823.23	552.13
823.41	500.81
823.59	515.92
823.77	542.04
823.95	496.86
824.13	441.54
824.31	414.16
824.50	473.35
824.68	512.50
824.86	510.95
825.04	424.71
825.22	493.50
825.40	494.93
825.58	553.50
825.76	559.36
825.94	580.37
826.12	616.95
826.30	633.42
826.49	633.85
826.67	618.75
826.85	643.08
827.03	679.58
827.21	705.38
827.39	669.87
827.57	623.44
827.75	576.44
827.93	588.09
828.11	655.60
828.29	597.25
828.47	528.93
828.65	625.14
828.83	596.02
829.02	672.29
829.20	546.42
829.38	648.82
829.56	618.61
829.74	646.07
829.92	574.86
830.10	589.84
830.28	695.12
830.46	662.83
830.64	737.51
830.82	723.26
831.00	664.20
831.18	701.41
831.36	712.08
831.54	702.33
831.72	730.82
831.90	664.42
832.08	653.61
832.26	661.49
832.44	643.51
832.62	693.05
832.80	594.53
832.98	607.30
833.16	559.44
833.35	575.70
833.53	540.36
833.71	447.30
833.89	475.56
834.07	519.08
834.25	490.32
834.43	568.48
834.61	572.49
834.79	541.32
834.97	511.28
835.15	518.40
835.33	521.92
835.51	539.00
835.69	407.73
835.87	491.43
836.05	451.07
836.23	527.88
836.41	488.95
836.59	495.69
836.77	411.23
836.95	480.06
837.13	489.22
837.31	469.48
837.49	409.94
837.67	385.02
837.84	369.66
838.02	420.96
838.20	407.65
838.38	448.65
838.56	452.33
838.74	480.39
838.92	430.32
839.10	453.07
839.28	478.34
839.46	479.45
839.64	499.23
839.82	528.85
840.00	559.71
840.18	545.56
840.36	508.88
840.54	576.97
840.72	560.61
840.90	665.94
841.08	610.72
841.26	695.92
841.44	656.31
841.62	576.93
841.80	665.51
841.98	605.26
842.15	624.67
842.33	604.97
842.51	617.93
842.69	667.68
842.87	579.06
843.05	719.72
843.23	744.89
843.41	688.98
843.59	628.97
843.77	705.61
843.95	732.93
844.13	746.46
844.31	608.43
844.49	739.23
844.66	737.78
844.84	679.52
845.02	714.37
845.20	668.03
845.38	763.30
845.56	699.38
845.74	765.43
845.92	680.99
846.10	738.91
846.28	737.02
846.46	694.47
846.63	698.32
846.81	715.15
846.99	747.57
847.17	692.27
847.35	801.14
847.53	666.94
847.71	721.42
847.89	750.13
848.07	740.28
848.24	754.02
848.42	800.08
848.60	715.74
848.78	809.79
848.96	798.30
849.14	854.37
849.32	732.39
849.50	836.74
849.67	862.28
849.85	907.00
850.03	950.73
850.21	861.74
850.39	846.75
850.57	957.57
850.75	922.16
850.92	906.68
851.10	833.85
851.28	799.22
851.46	933.73
851.64	911.47
851.82	938.26
852.00	951.24
852.17	805.61
852.35	786.30
852.53	842.00
852.71	801.10
852.89	775.63
853.07	850.17
853.24	790.54
853.42	803.60
853.60	718.88
853.78	755.19
853.96	730.90
854.14	740.81
854.31	694.55
854.49	762.79
854.67	664.44
854.85	674.48
855.03	658.59
855.21	593.28
855.38	640.71
855.56	617.61
855.74	563.83
855.92	622.79
856.10	599.81
856.27	570.71
856.45	562.58
856.63	539.05
856.81	617.28
856.99	570.05
857.16	600.03
857.34	548.69
857.52	547.67
857.70	512.89
857.88	511.15
858.05	462.14
858.23	482.40
858.41	444.16
858.59	507.06
858.77	435.13
858.94	448.89
859.12	461.67
859.30	423.93
859.48	425.83
859.65	420.02
859.83	383.17
860.01	379.59
860.19	375.06
860.36	453.54
860.54	430.69
860.72	368.41
860.90	364.78
861.08	414.26
861.25	381.99
861.43	327.68
861.61	366.42
861.79	301.19
861.96	453.17
862.14	378.98
862.32	362.29
862.50	319.65
862.67	321.02
862.85	357.51
863.03	280.92
863.21	315.61
863.38	309.33
863.56	346.45
863.74	335.95
863.91	338.20
864.09	304.21
864.27	347.89
864.45	285.90
864.62	316.82
864.80	288.99
864.98	391.90
865.16	286.82
865.33	248.30
865.51	245.35
865.69	251.57
865.86	321.06
866.04	264.29
866.22	239.41
866.40	261.22
866.57	345.21
866.75	332.32
866.93	287.13
867.10	274.10
867.28	151.80
867.46	302.77
867.63	287.35
867.81	313.87
867.99	243.75
868.17	257.08
868.34	236.62
868.52	316.53
868.70	270.07
868.87	265.50
869.05	256.36
869.23	254.26
869.40	210.26
869.58	310.25
869.76	253.46
869.93	264.86
870.11	219.48
870.29	279.16
870.46	224.07
870.64	338.94
870.82	284.48
870.99	198.14
871.17	229.86
871.35	215.41
871.52	241.17
871.70	280.14
871.88	272.85
872.05	287.49
872.23	261.61
872.41	298.57
872.58	297.10
872.76	225.44
872.94	264.47
873.11	276.89
873.29	229.78
873.47	325.50
873.64	252.99
873.82	221.45
873.99	247.89
874.17	284.40
874.35	323.23
874.52	275.74
874.70	250.53
874.88	260.58
875.05	166.44
875.23	224.50
875.41	232.36
875.58	232.46
875.76	208.14
875.93	215.84
876.11	240.35
876.29	230.72
876.46	267.75
876.64	231.38
876.81	285.22
876.99	202.34
877.17	296.01
877.34	284.59
877.52	233.67
877.69	323.23
877.87	326.63
878.05	230.72
878.22	256.41
878.40	217.54
878.57	284.48
878.75	228.49
878.93	258.56
879.10	281.55
879.28	312.87
879.45	201.58
879.63	238.14
879.81	198.08
879.98	233.06
880.16	281.17
880.33	246.45
880.51	188.04
880.68	225.42
880.86	215.10
881.04	260.50
881.21	191.85
881.39	205.58
881.56	264.84
881.74	279.47
881.91	270.80
882.09	199.12
882.26	250.63
882.44	335.01
882.62	209.61
882.79	234.37
882.97	246.04
883.14	262.00
883.32	259.01
883.49	274.53
883.67	306.03
883.84	246.33
884.02	242.03
884.19	261.38
884.37	266.38
884.55	247.35
884.72	323.68
884.90	293.49
885.07	235.09
885.25	314.92
885.42	244.55
885.60	249.44
885.77	237.65
885.95	242.77
886.12	292.90
886.30	247.85
886.47	213.62
886.65	222.88
886.82	297.90
887.00	397.51
887.17	305.19
887.35	303.00
887.52	289.56
887.70	259.81
887.87	319.32
888.05	321.94
888.22	332.39
888.40	268.10
888.57	314.94
888.75	301.26
888.92	245.26
889.10	269.53
889.27	265.01
889.45	300.21
889.62	358.70
889.80	298.74
889.97	339.61
890.15	345.62
890.32	251.94
890.50	244.04
890.67	256.41
890.85	295.75
891.02	311.82
891.20	321.78
891.37	349.38
891.54	283.03
891.72	275.10
891.89	316.82
892.07	324.99
892.24	357.64
892.42	287.21
892.59	366.40
892.77	314.61
892.94	363.37
893.12	325.57
893.29	418.28
893.46	372.89
893.64	371.28
893.81	326.71
893.99	333.63
894.16	326.12
894.34	351.76
894.51	383.91
894.68	414.82
894.86	306.07
895.03	310.45
895.21	386.80
895.38	420.16
895.56	403.90
895.73	397.61
895.90	324.60
896.08	339.92
896.25	417.19
896.43	388.03
896.60	333.84
896.78	315.74
896.95	388.46
897.12	370.17
897.30	347.07
897.47	373.20
897.65	363.10
897.82	433.49
897.99	404.29
898.17	383.65
898.34	390.57
898.52	443.57
898.69	488.56
898.86	446.72
899.04	373.90
899.21	395.73
899.39	406.01
899.56	373.96
899.73	451.35
899.91	331.71
900.08	387.86
900.25	378.10
900.43	445.97
900.60	450.80
900.78	353.25
900.95	399.33
901.12	435.87
901.30	375.95
901.47	450.86
901.64	390.96
901.82	410.45
901.99	322.27
902.16	426.57
902.34	460.51
902.51	355.18
902.69	389.91
902.86	314.79
903.03	467.29
903.21	445.15
903.38	383.01
903.55	411.74
903.73	468.00
903.90	408.32
904.07	398.43
904.25	470.95
904.42	445.00
904.59	515.56
904.77	469.99
904.94	415.53
905.11	453.50
905.29	435.91
905.46	461.45
905.63	479.96
905.81	352.87
905.98	427.41
906.15	474.49
906.33	475.15
906.50	482.85
906.67	406.05
906.84	475.07
907.02	397.59
907.19	488.03
907.36	419.44
907.54	435.03
907.71	455.04
907.88	472.81
908.06	493.42
908.23	479.90
908.40	440.01
908.57	493.40
908.75	493.95
908.92	476.13
909.09	449.82
909.27	439.51
909.44	457.91
909.61	481.07
909.78	479.41
909.96	483.67
910.13	380.18
910.30	455.47
910.48	473.18
910.65	445.84
910.82	453.17
910.99	433.43
911.17	439.56
911.34	419.71
911.51	442.36
911.68	425.69
911.86	456.10
912.03	437.84
912.20	451.29
912.37	468.55
912.55	441.19
912.72	440.15
912.89	403.35
913.06	433.60
913.24	500.56
913.41	482.05
913.58	365.28
913.75	494.42
913.93	383.95
914.10	422.23
914.27	412.95
914.44	457.91
914.62	434.05
914.79	413.42
914.96	377.56
915.13	414.39
915.31	436.87
915.48	424.99
915.65	466.94
915.82	383.65
915.99	475.23
916.17	334.17
916.34	389.18
916.51	376.44
916.68	387.70
916.85	350.63
917.03	465.05
917.20	441.44
917.37	442.36
917.54	436.57
917.71	366.89
917.89	464.27
918.06	388.75
918.23	425.57
918.40	390.10
918.57	470.87
918.75	342.38
918.92	339.72
919.09	367.08
919.26	424.73
919.43	449.02
919.61	391.57
919.78	420.67
919.95	373.88
920.12	431.83
920.29	414.35
920.46	365.28
920.64	361.51
920.81	385.86
920.98	388.38
921.15	313.03
921.32	367.10
921.49	329.56
921.67	415.37
921.84	479.12
922.01	456.80
922.18	340.70
922.35	403.59
922.52	415.45
922.69	446.97
922.87	375.13
923.04	419.20
923.21	425.20
923.38	377.99
923.55	443.06
923.72	401.01
923.89	342.50
924.07	408.22
924.24	347.64
924.41	409.45
924.58	338.59
924.75	337.05
924.92	379.73
925.09	367.57
925.26	357.23
925.44	407.44
925.61	347.23
925.78	296.46
925.95	335.58
926.12	363.84
926.29	356.45
926.46	364.58
926.63	319.77
926.80	309.28
926.98	389.54
927.15	370.21
927.32	342.73
927.49	347.15
927.66	342.95
927.83	318.05
928.00	446.87
928.17	361.04
928.34	382.50
928.51	291.22
928.69	310.66
928.86	347.97
929.03	341.77
929.20	412.28
929.37	358.62
929.54	371.77
929.71	294.48
929.88	388.21
930.05	386.53
930.22	364.37
930.39	261.83
930.56	288.78
930.73	315.80
930.90	386.25
931.08	391.18
931.25	382.87
931.42	302.53
931.59	412.11
931.76	343.30
931.93	346.05
932.10	291.88
932.27	327.24
932.44	272.20
932.61	330.34
932.78	302.10
932.95	245.57
933.12	370.83
933.29	324.03
933.46	411.52
933.63	303.49
933.80	353.68
933.97	311.86
934.14	356.47
934.31	312.23
934.48	312.83
934.65	394.13
934.82	332.77
934.99	289.07
935.16	409.68
935.33	208.42
935.50	295.48
935.67	285.92
935.85	220.91
936.02	303.00
936.19	276.19
936.36	253.50
936.53	267.10
936.70	248.99
936.87	236.32
937.04	269.98
937.21	255.53
937.38	317.27
937.55	285.98
937.72	346.13
937.88	276.70
938.05	296.07
938.22	269.72
938.39	255.22
938.56	314.96
938.73	316.88
938.90	314.28
939.07	273.16
939.24	297.55
939.41	276.07
939.58	264.62
939.75	212.52
939.92	276.50
940.09	89.33
940.26	208.22
940.43	247.13
940.60	272.75
940.77	281.98
940.94	260.07
941.11	285.28
941.28	327.80
941.45	221.08
941.62	228.25
941.79	249.75
941.96	285.20
942.13	200.29
942.30	217.06
942.47	268.32
942.63	326.10
942.80	271.03
942.97	234.84
943.14	258.41
943.31	313.85
943.48	234.74
943.65	223.04
943.82	350.78
943.99	266.69
944.16	271.21
944.33	229.50
944.50	228.55
944.67	188.35
944.83	363.31
945.00	259.03
945.17	286.53
945.34	268.04
945.51	242.54
945.68	287.64
945.85	342.15
946.02	232.53
946.19	231.63
946.36	252.88
946.53	268.30
946.69	247.54
946.86	197.44
947.03	126.24
947.20	229.09
947.37	232.57
947.54	220.10
947.71	294.38
947.88	258.68
948.05	220.63
948.21	323.68
948.38	204.65
948.55	235.91
948.72	260.50
948.89	283.81
949.06	173.38
949.23	207.23
949.40	240.25
949.56	239.61
949.73	288.95
949.90	275.84
950.07	253.95
950.24	257.72
950.41	148.64
950.58	155.81
950.74	247.54
950.91	140.98
951.08	207.32
951.25	225.26
951.42	258.00
951.59	196.58
951.75	211.99
951.92	246.80
952.09	262.34
952.26	201.77
952.43	211.47
952.60	253.27
952.76	175.18
952.93	162.08
953.10	234.00
953.27	167.83
953.44	220.40
953.61	190.07
953.77	177.83
953.94	239.59
954.11	254.26
954.28	207.58
954.45	232.59
954.61	229.82
954.78	165.17
954.95	222.18
955.12	166.91
955.29	188.86
955.45	193.57
955.62	186.28
955.79	217.23
955.96	238.69
956.13	172.23
956.29	162.18
956.46	234.31
956.63	172.38
956.80	219.30
956.97	160.52
957.13	120.52
957.30	218.07
957.47	171.54
957.64	177.95
957.80	201.09
957.97	224.93
958.14	296.48
958.31	223.60
958.48	142.23
958.64	174.10
958.81	135.88
958.98	229.66
959.15	128.92
959.31	153.17
959.48	206.33
959.65	64.92
959.82	265.27
959.98	133.10
960.15	210.59
960.32	121.24
960.49	210.00
960.65	137.03
960.82	167.13
960.99	226.77
961.16	207.64
961.32	144.91
961.49	192.51
961.66	215.34
961.83	133.77
961.99	108.83
962.16	218.54
962.33	117.90
962.49	233.30
962.66	178.09
962.83	213.83
963.00	197.51
963.16	158.29
963.33	162.10
963.50	194.48
963.66	139.14
963.83	149.42
964.00	109.69
964.17	129.70
964.33	93.76
964.50	169.31
964.67	162.73
964.83	123.70
965.00	138.05
965.17	205.02
965.33	200.80
965.50	152.82
965.67	176.27
965.84	206.35
966.00	164.33
966.17	224.72
966.34	114.07
966.50	164.49
966.67	168.53
966.84	195.70
967.00	181.63
967.17	173.44
967.34	158.08
967.50	212.91
967.67	163.39
967.84	89.07
968.00	79.28
968.17	134.51
968.34	126.20
968.50	103.09
968.67	158.70
968.84	73.42
969.00	182.90
969.17	105.39
969.34	158.74
969.50	158.06
969.67	151.00
969.83	144.26
970.00	147.54
970.17	119.52
970.33	145.98
970.50	244.34
970.67	140.84
970.83	134.08
971.00	154.99
971.17	83.48
971.33	113.11
971.50	174.16
971.66	17.28
971.83	216.25
972.00	64.57
972.16	169.98
972.33	210.51
972.50	191.79
972.66	155.65
972.83	49.15
972.99	132.73
973.16	140.70
973.33	160.21
973.49	92.75
973.66	155.65
973.82	117.43
973.99	103.67
974.16	129.41
974.32	200.99
974.49	186.90
974.65	226.75
974.82	63.30
974.99	129.88
975.15	210.18
975.32	65.39
975.48	86.06
975.65	55.38
975.81	118.02
975.98	153.62
976.15	185.14
976.31	130.97
976.48	177.64
976.64	98.86
976.81	114.67
976.97	122.86
977.14	132.87
977.31	161.79
977.47	134.06
977.64	185.18
977.80	156.14
977.97	154.68
978.13	160.62
978.30	119.46
978.46	159.95
978.63	65.25
978.79	94.00
978.96	107.19
979.13	109.77
979.29	133.10
979.46	95.91
979.62	197.94
979.79	150.46
979.95	125.46
980.12	155.50
980.28	71.84
980.45	89.25
980.61	53.74
980.78	78.91
980.94	148.23
981.11	172.21
981.27	124.68
981.44	133.22
981.60	170.76
981.77	115.81
981.93	108.01
982.10	131.95
982.26	130.39
982.43	110.53
982.59	148.13
982.76	48.33
982.92	42.86
983.09	201.99
983.25	133.86
983.42	44.56
983.58	175.98
983.75	180.61
983.91	174.61
984.08	67.79
984.24	163.35
984.41	158.80
984.57	108.60
984.74	43.97
984.90	66.58
985.07	116.90
985.23	150.55
985.40	166.68
985.56	107.91
985.73	139.00
985.89	108.30
986.06	89.29
986.22	76.06
986.38	119.68
986.55	57.30
986.71	83.41
986.88	149.50
987.04	149.17
987.21	130.39
987.37	68.36
987.54	128.33
987.70	90.85
987.87	79.99
988.03	95.58
988.19	186.96
988.36	149.79
988.52	87.65
988.69	138.09
988.85	141.66
989.02	125.99
989.18	79.38
989.34	71.60
989.51	170.25
989.67	133.08
989.84	170.29
990.00	86.73
990.16	65.45
990.33	123.88
990.49	99.10
990.66	26.93
990.82	137.11
990.99	74.34
991.15	154.48
991.31	185.30
991.48	96.01
991.64	166.81
991.81	126.69
991.97	115.89
992.13	58.55
992.30	42.21
992.46	34.79
992.62	85.95
992.79	105.39
992.95	36.78
993.12	134.33
993.28	129.94
993.44	111.16
993.61	180.84
993.77	151.28
993.94	159.29
994.10	144.73
994.26	109.89
994.43	140.12
994.59	145.24
994.75	107.38
994.92	93.55
995.08	129.06
995.24	142.31
995.41	86.42
995.57	133.75
995.73	116.22
995.90	183.74
996.06	129.12
996.23	97.07
996.39	76.55
996.55	96.95
996.72	108.89
996.88	54.56
997.04	46.10
997.21	44.79
997.37	77.19
997.53	104.86
997.70	121.53
997.86	63.20
998.02	141.64
998.19	107.93
998.35	58.63
998.51	61.34
998.67	110.84
998.84	136.66
999.00	89.46
999.16	138.05
999.33	156.71
999.49	130.74
999.65	160.64
999.82	70.18
999.98	48.19
1000.14	115.34
1000.31	117.35
1000.47	143.26
1000.63	1.54
1000.79	73.64
1000.96	43.01
1001.12	70.33
1001.28	72.48
1001.45	102.69
1001.61	39.42
1001.77	55.70
1001.93	95.01
1002.10	125.50
1002.26	14.60
1002.42	51.59
1002.59	106.64
1002.75	176.92
1002.91	116.98
1003.07	153.35
1003.24	145.04
1003.40	76.57
1003.56	132.09
1003.72	113.33
1003.89	76.55
1004.05	131.34
1004.21	124.39
1004.37	100.47
1004.54	99.47
1004.70	69.79
1004.86	116.00
1005.02	105.88
1005.19	80.69
1005.35	81.73
1005.51	76.88
1005.67	98.22
1005.84	67.32
1006.00	54.31
1006.16	125.93
1006.32	114.91
1006.48	58.06
1006.65	110.73
1006.81	128.41
1006.97	182.58
1007.13	105.80
1007.30	106.08
1007.46	86.98
1007.62	100.80
1007.78	13.50
1007.94	147.99
1008.11	136.07
1008.27	125.40
1008.43	2.09
1008.59	84.31
1008.75	148.17
1008.92	111.14
1009.08	65.25
1009.24	132.67
1009.40	74.14
1009.56	141.86
1009.73	27.79
1009.89	18.92
1010.05	56.77
1010.21	154.70
1010.37	25.87
1010.54	43.77
1010.70	89.89
1010.86	73.69
1011.02	98.71
1011.18	122.80
1011.34	100.62
1011.51	38.15
1011.67	58.16
1011.83	85.15
1011.99	0.66
1012.15	94.04
1012.31	46.63
1012.48	38.93
1012.64	99.08
1012.80	154.40
1012.96	124.07
1013.12	72.58
1013.28	160.34
1013.44	127.28
1013.61	125.79
1013.77	96.77
1013.93	90.19
1014.09	129.64
1014.25	42.29
1014.41	150.87
1014.57	97.63
1014.74	68.55
1014.90	109.03
1015.06	141.64
1015.22	150.14
1015.38	8.87
1015.54	51.16
1015.70	87.08
1015.86	57.69
1016.03	126.85
1016.19	100.00
1016.35	130.39
1016.51	92.98
1016.67	70.96
1016.83	53.45
1016.99	22.10
1017.15	105.02
1017.31	99.80
1017.47	110.59
1017.64	117.16
1017.80	108.36
1017.96	53.47
1018.12	71.88
1018.28	79.07
1018.44	48.07
1018.60	90.29
1018.76	70.63
1018.92	87.61
1019.08	118.45
1019.24	12.74
1019.40	22.61
1019.57	-8.83
1019.73	119.29
1019.89	28.12
1020.05	87.14
1020.21	21.79
1020.37	125.72
1020.53	44.71
1020.69	99.37
1020.85	107.11
1021.01	65.99
1021.17	8.70
1021.33	60.19
1021.49	68.34
1021.65	109.63
1021.81	10.83
1021.97	-30.88
1022.13	144.44
1022.29	72.03
1022.46	30.41
1022.62	138.73
1022.78	58.84
1022.94	70.22
1023.10	85.24
1023.26	121.10
1023.42	80.22
1023.58	147.43
1023.74	76.98
1023.90	153.02
1024.06	55.91
1024.22	102.73
1024.38	109.81
1024.54	116.22
1024.70	-2.46
1024.86	88.43
1025.02	70.00
1025.18	18.41
1025.34	115.98
1025.50	115.20
1025.66	34.96
1025.82	78.66
1025.98	85.22
1026.14	91.13
1026.30	50.83
1026.46	105.45
1026.62	58.69
1026.78	144.98
1026.94	78.97
1027.10	130.15
1027.26	36.66
1027.42	120.24
1027.58	11.33
1027.74	78.33
1027.90	49.29
1028.06	123.78
1028.22	91.44
1028.38	69.69
1028.54	41.98
1028.70	33.34
1028.85	133.08
1029.01	124.25
1029.17	102.97
1029.33	143.67
1029.49	158.80
1029.65	155.28
1029.81	103.01
1029.97	55.50
1030.13	89.25
1030.29	45.92
1030.45	8.15
1030.61	79.89
1030.77	149.87
1030.93	56.05
1031.09	43.07
1031.25	143.01
1031.41	131.79
1031.57	138.65
1031.72	67.87
1031.88	107.03
1032.04	47.84
1032.20	89.76
1032.36	41.33
1032.52	57.02
1032.68	98.83
1032.84	119.09
1033.00	89.91
1033.16	110.06
1033.32	139.14
1033.48	64.06
1033.63	60.21
1033.79	108.64
1033.95	31.46
1034.11	142.07
1034.27	5.39
1034.43	54.64
1034.59	152.96
1034.75	121.24
1034.91	-3.11
1035.06	36.86
