-450.282   1.20819e-07   0
-446.764   2.92622e-07   0
-443.246   2.49599e-08   0
-439.728   8.41984e-08   0
-436.21   3.20586e-07   0
-432.693   3.24073e-07   0
-429.175   8.18039e-08   0
-425.657   1.61028e-07   0
-422.139   2.54361e-07   0
-418.621   2.91455e-07   0
-415.104   2.93466e-07   0
-411.586   1.80264e-07   0
-408.068   2.44515e-07   0
-404.55   3.62892e-07   0
-401.032   3.04846e-07   0
-397.514   5.51119e-07   0
-393.997   6.07943e-07   0
-390.479   6.67568e-07   0
-386.961   6.61763e-07   0
-383.443   7.94721e-07   0
-379.925   1.46379e-06   0
-376.407   1.18098e-06   0
-372.89   1.52536e-06   0
-369.372   1.54571e-06   0
-365.854   1.40823e-06   0
-362.336   2.02083e-06   0
-358.818   2.65417e-06   0
-355.3   2.86712e-06   0
-351.783   2.95068e-06   0
-348.265   3.53912e-06   0
-344.747   4.09419e-06   0
-341.229   5.20191e-06   0
-337.711   4.46336e-06   0
-334.194   5.9285e-06   0
-330.676   6.31549e-06   0
-327.158   6.09236e-06   0
-323.64   6.98161e-06   0
-320.122   6.35237e-06   0
-316.604   7.55902e-06   0
-313.087   9.61477e-06   0
-309.569   1.12845e-05   0
-306.051   1.42602e-05   0
-302.533   1.29311e-05   0
-299.015   1.39668e-05   0
-295.497   1.79131e-05   0
-291.98   2.08404e-05   0
-288.462   2.43514e-05   0
-284.944   2.25274e-05   0
-281.426   2.22675e-05   0
-277.908   3.15873e-05   0
-274.39   4.28667e-05   0
-270.873   4.636e-05   0
-267.355   4.81926e-05   0
-263.837   5.47174e-05   0
-260.319   5.97777e-05   0
-256.801   7.51767e-05   0
-253.284   9.3309e-05   0
-249.766   0.000126262   0
-246.248   0.000131799   0
-242.73   0.000174587   0
-239.212   0.000204569   0
-235.694   0.000292325   0
-232.177   0.000493874   0
-228.659   0.000570939   0
-225.141   0.00100988   0
-221.623   0.00174664   0
-218.105   0.00260714   0
-214.587   0.00398547   0
-211.07   0.00529166   -35.3996
-207.552   0.00643914   -34.7145
-204.034   0.00842262   -34.0432
-200.516   0.00985555   -33.4207
-196.998   0.0108171   -32.7701
-193.48   0.0124197   -32.1146
-189.963   0.0141833   -31.4685
-186.445   0.0155067   -30.8176
-182.927   0.0168672   -30.167
-179.409   0.0186449   -29.5472
-175.891   0.0198252   -28.9507
-172.374   0.0196656   -28.3315
-168.856   0.0195744   -27.667
-165.338   0.0212399   -27.0076
-161.82   0.0232003   -26.3961
-158.302   0.0231305   -25.8012
-154.784   0.0213774   -25.1595
-151.267   0.0218308   -24.4748
-147.749   0.0245328   -23.8255
-144.231   0.0266852   -23.2207
-140.713   0.0260109   -22.6125
-137.195   0.0257065   -21.9516
-133.677   0.0289155   -21.2949
-130.16   0.0326142   -20.694
-126.642   0.0322146   -20.0773
-123.124   0.0333312   -19.3795
-119.606   0.0400961   -18.7014
-116.088   0.0468966   -18.0814
-112.57   0.0481106   -17.469
-109.053   0.0450591   -16.7863
-105.535   0.0475355   -16.033
-102.017   0.0572246   -15.3213
-98.4991   0.0669861   -14.6785
-94.9813   0.0732647   -14.0689
-91.4635   0.077128   -13.4795
-87.9457   0.0770582   -12.8896
-84.4278   0.0758236   -12.2802
-80.91   0.0736481   -11.6628
-77.3922   0.0712158   -11.0367
-73.8744   0.0685963   -10.4207
-70.3565   0.0667023   -9.7999
-66.8387   0.0703439   -9.21235
-63.3209   0.0673135   -8.6646
-59.8031   0.0604233   -8.02358
-56.2852   0.0655714   -7.33623
-52.7674   0.0816158   -6.6795
-49.2496   0.109699   -6.07789
-45.7317   0.140449   -5.5086
-42.2139   0.177763   -4.93108
-38.6961   0.226204   -4.37145
-35.1783   0.271779   -3.82067
-31.6604   0.307911   -3.24401
-28.1426   0.352635   -2.63622
-24.6248   0.434799   -2.03836
-21.107   0.564185   -1.51611
-17.5891   0.687605   -1.09197
-14.0713   0.77622   -0.743531
-10.5535   0.867084   -0.47417
-7.03565   0.96041   -0.279435
-3.51783   1   -0.126404
4.43379e-12   0.923907   0
3.51783   0.731075   0.0687072
7.03565   0.494212   0.00069172
10.5535   0.329911   -0.306121
14.0713   0.308416   -0.807602
17.5891   0.36919   -1.28564
21.107   0.390483   -1.7421
24.6248   0.344577   -2.27305
28.1426   0.276217   -2.90623
31.6604   0.21751   -3.64019
35.1783   0.190526   -4.44008
38.6961   0.182436   -5.22327
42.2139   0.161205   -5.99866
45.7317   0.12592   -6.85472
49.2496   0.10143   -7.82035
52.7674   0.0928823   -8.82392
56.2852   0.0946487   -9.79326
59.8031   0.0936271   -10.697
63.3209   0.0823007   -11.5956
66.8387   0.068506   -12.5378
70.3565   0.0583468   -13.5221
73.8744   0.0530373   -14.5229
77.3922   0.0495364   -15.5036
80.91   0.043067   -16.4902
84.4278   0.0379103   -17.5389
87.9457   0.0378519   -18.5968
91.4635   0.0389659   -19.6045
94.9813   0.0368378   -20.6125
98.4991   0.0363859   -21.6758
102.017   0.0396692   -22.7193
105.535   0.0415644   -23.7119
109.053   0.0377322   -24.7
112.57   0.0335315   -25.7673
116.088   0.0346833   -26.8274
119.606   0.0334737   -27.8294
123.124   0.029365   -28.8724
126.642   0.0283611   -29.9611
130.16   0.0304687   -31.0008
133.677   0.0293131   -32.0007
137.195   0.0268178   -33.0673
140.713   0.0278541   -34.1433
144.231   0.0290741   -35.1703
147.749   0.0279446   -36.1953
151.267   0.0269233   -37.2616
154.784   0.0276995   -38.3123
158.302   0.0267662   -39.3365
161.82   0.0250652   -40.3988
165.338   0.0255421   -41.4647
168.856   0.0250998   -42.5031
172.374   0.0242709   -43.5632
175.891   0.0238222   -44.6151
179.409   0.0238029   -45.6838
182.927   0.024351   -46.7234
186.445   0.023301   -47.7803
189.963   0.0240503   -48.8439
193.48   0.0243138   -49.8894
196.998   0.0245788   -50.9433
200.516   0.0240653   -52.0054
204.034   0.0246871   -53.0742
207.552   0.024351   -54.1259
211.07   0.0239705   -55.1942
214.587   0.0232472   -56.2571
218.105   0.0232154   -57.3291
221.623   0.022716   -58.392
225.141   0.0223429   -59.4821
228.659   0.0222104   -60.5607
232.177   0.0218902   -61.6411
235.694   0.0213924   -62.7156
239.212   0.0208758   -63.8175
242.73   0.0215098   -64.919
246.248   0.0207739   -66.0191
249.766   0.0189182   -67.1496
253.284   0.0157249   -68.293
256.801   0.0123793   -69.4382
260.319   0.00874035   -70.5479
263.837   0.0057055   -71.6881
267.355   0.00376929   0
270.873   0.00240201   0
274.39   0.00148675   0
277.908   0.00108369   0
281.426   0.000648892   0
284.944   0.000441089   0
288.462   0.000272345   0
291.98   0.000189863   0
295.497   0.000155381   0
299.015   9.68332e-05   0
302.533   7.90384e-05   0
306.051   5.89098e-05   0
309.569   4.82178e-05   0
313.087   3.74842e-05   0
316.604   3.59972e-05   0
320.122   2.73821e-05   0
323.64   2.13576e-05   0
327.158   1.7236e-05   0
330.676   1.62668e-05   0
334.194   1.19089e-05   0
337.711   8.54257e-06   0
341.229   8.50997e-06   0
344.747   8.80879e-06   0
348.265   7.22448e-06   0
351.783   7.54473e-06   0
355.3   3.76084e-06   0
358.818   4.50659e-06   0
362.336   3.23075e-06   0
365.854   3.44227e-06   0
369.372   2.62713e-06   0
372.89   1.56797e-06   0
376.407   2.01304e-06   0
379.925   2.24273e-06   0
383.443   1.5824e-06   0
386.961   1.1291e-06   0
390.479   8.40771e-07   0
393.997   1.36117e-06   0
397.514   1.1274e-06   0
401.032   7.8389e-07   0
404.55   6.33533e-07   0
408.068   6.22705e-07   0
411.586   3.56644e-07   0
415.104   6.99068e-07   0
418.621   3.61852e-07   0
422.139   4.30036e-07   0
425.657   3.47e-07   0
429.175   3.07188e-07   0
432.693   2.61899e-07   0
436.21   1.29222e-07   0
439.728   2.69931e-07   0
443.246   1.673e-07   0
446.764   1.43552e-08   0
