-0.142133   1288.81   2.83473e-11   0
-0.141023   1282.69   2.13218e-10   0
-0.139912   1276.63   1.29616e-09   0
-0.138802   1270.62   5.51901e-10   0
-0.137692   1264.67   1.17244e-09   0
-0.136581   1258.77   5.37141e-09   0
-0.135471   1252.93   7.74521e-10   0
-0.13436   1247.14   1.07809e-09   0
-0.13325   1241.41   2.23719e-09   0
-0.132139   1235.73   1.33609e-08   0
-0.131029   1230.1   7.033e-10   0
-0.129919   1224.52   1.43085e-11   0
-0.128808   1218.99   9.64521e-09   0
-0.127698   1213.51   3.79962e-09   0
-0.126587   1208.08   5.91628e-09   0
-0.125477   1202.7   5.35888e-10   0
-0.124367   1197.36   8.79684e-08   0
-0.123256   1192.08   3.84094e-09   0
-0.122146   1186.84   2.73812e-07   0
-0.121035   1181.64   9.13932e-08   0
-0.119925   1176.49   2.44892e-07   0
-0.118814   1171.39   2.32335e-07   0
-0.117704   1166.33   3.22613e-08   0
-0.116594   1161.31   2.91576e-07   0
-0.115483   1156.34   1.25638e-07   0
-0.114373   1151.41   2.11051e-07   0
-0.113262   1146.52   2.8842e-09   0
-0.112152   1141.67   1.36078e-07   0
-0.111042   1136.86   2.1216e-07   0
-0.109931   1132.09   5.94201e-07   0
-0.108821   1127.37   1.03957e-06   0
-0.10771   1122.68   7.84069e-08   0
-0.1066   1118.03   1.36149e-06   0
-0.105489   1113.42   8.87916e-08   0
-0.104379   1108.85   2.22591e-07   0
-0.103269   1104.31   1.10563e-06   0
-0.102158   1099.81   3.1105e-06   0
-0.101048   1095.35   4.14325e-07   0
-0.0999374   1090.93   5.78182e-07   0
-0.098827   1086.54   5.75038e-07   0
-0.0977166   1082.18   3.48923e-07   0
-0.0966062   1077.86   7.37459e-06   0
-0.0954958   1073.57   5.2831e-06   0
-0.0943853   1069.32   1.21112e-07   0
-0.0932749   1065.1   1.39039e-06   0
-0.0921645   1060.92   5.04957e-06   0
-0.0910541   1056.77   2.45804e-06   0
-0.0899437   1052.65   6.59189e-06   0
-0.0888333   1048.56   5.54365e-07   0
-0.0877228   1044.5   4.69656e-06   0
-0.0866124   1040.48   2.23056e-05   0
-0.085502   1036.48   1.62772e-05   0
-0.0843916   1032.52   7.70067e-07   0
-0.0832812   1028.58   1.35405e-05   0
-0.0821708   1024.68   1.95666e-05   0
-0.0810603   1020.81   1.12904e-05   0
-0.0799499   1016.96   3.39248e-05   0
-0.0788395   1013.14   5.20712e-06   0
-0.0777291   1009.36   7.41498e-05   0
-0.0766187   1005.6   0.000132383   0
-0.0755083   1001.87   7.37695e-05   0
-0.0743979   998.162   2.99387e-06   0
-0.0732874   994.485   9.92355e-05   0
-0.072177   990.835   0.000167403   0
-0.0710666   987.212   0.000130529   0
-0.0699562   983.616   7.17115e-05   0
-0.0688458   980.045   0.000258375   0
-0.0677354   976.501   0.000474177   0
-0.0666249   972.982   0.000394519   0
-0.0655145   969.488   0.00010227   0
-0.0644041   966.019   0.000290527   0
-0.0632937   962.575   0.000896303   0
-0.0621833   959.155   0.00129486   0
-0.0610729   955.76   0.00113112   0
-0.0599624   952.388   0.000654834   0
-0.058852   949.041   0.00224649   0
-0.0577416   945.716   0.00390606   0
-0.0566312   942.415   0.00450624   0
-0.0555208   939.137   0.00526992   19.9133
-0.0544104   935.882   0.00837634   18.0871
-0.0533   932.649   0.0118275   16.3033
-0.0521895   929.438   0.0182919   14.4898
-0.0510791   926.25   0.0344199   12.639
-0.0499687   923.083   0.0977158   10.9494
-0.0488583   919.937   0.247829   9.55276
-0.0477479   916.814   0.438374   8.34606
-0.0466375   913.711   0.538938   7.29036
-0.045527   910.629   0.470453   6.40169
-0.0444166   907.568   0.297263   5.73922
-0.0433062   904.527   0.175303   5.38943
-0.0421958   901.507   0.162208   5.16498
-0.0410854   898.507   0.181374   4.79084
-0.039975   895.527   0.17079   4.39821
-0.0388646   892.566   0.141281   4.12564
-0.0377541   889.625   0.131873   3.90459
-0.0366437   886.703   0.137325   3.60767
-0.0355333   883.801   0.139173   3.30005
-0.0344229   880.917   0.138108   3.07617
-0.0333125   878.052   0.142243   2.90288
-0.0322021   875.206   0.141359   2.6986
-0.0310916   872.378   0.128975   2.46615
-0.0299812   869.568   0.11966   2.25297
-0.0288708   866.777   0.123482   2.06106
-0.0277604   864.003   0.129414   1.86813
-0.02665   861.247   0.122787   1.68106
-0.0255396   858.508   0.112534   1.51622
-0.0244291   855.787   0.110948   1.37952
-0.0233187   853.083   0.113567   1.24613
-0.0222083   850.396   0.114521   1.10471
-0.0210979   847.726   0.11824   0.974289
-0.0199875   845.072   0.13027   0.854704
-0.0188771   842.436   0.143675   0.732897
-0.0177667   839.815   0.150023   0.622414
-0.0166562   837.211   0.151499   0.517518
-0.0155458   834.623   0.156033   0.393023
-0.0144354   832.051   0.165008   0.265364
-0.013325   829.494   0.178049   0.164893
-0.0122146   826.954   0.195039   0.0975605
-0.0111042   824.429   0.210978   0.0535735
-0.00999374   821.919   0.21951   0.0277446
-0.00888333   819.424   0.221059   0.0152846
-0.00777291   816.945   0.220034   0.00294476
-0.00666249   814.48   0.215773   -0.0153508
-0.00555208   812.031   0.209151   -0.0316005
-0.00444166   809.596   0.207214   -0.0457195
-0.00333125   807.175   0.210099   -0.0526827
-0.00222083   804.769   0.213902   -0.0406517
-0.00111042   802.378   0.216831   -0.0178378
2.30371e-15   800   0.21978   0
0.00111042   797.637   0.222407   0.0137163
0.00222083   795.287   0.224853   0.0275562
0.00333125   792.951   0.224283   0.0364382
0.00444166   790.629   0.22266   0.0369314
0.00555208   788.321   0.229687   0.0339511
0.00666249   786.026   0.248252   0.0464616
0.00777291   783.744   0.26769   0.0845232
0.00888333   781.475   0.284036   0.145747
0.00999374   779.22   0.301363   0.223158
0.0111042   776.978   0.313449   0.313909
0.0122146   774.748   0.316891   0.421286
0.013325   772.531   0.316821   0.524569
0.0144354   770.327   0.318883   0.61751
0.0155458   768.135   0.325068   0.713921
0.0166562   765.956   0.325254   0.815932
0.0177667   763.789   0.320783   0.890054
0.0188771   761.635   0.339555   0.924736
0.0199875   759.492   0.404088   0.986389
0.0210979   757.362   0.477968   1.12246
0.0222083   755.243   0.48677   1.29075
0.0233187   753.136   0.446658   1.408
0.0244291   751.041   0.487499   1.47657
0.0255396   748.958   0.688092   1.66619
0.02665   746.886   0.935585   2.0493
0.0277604   744.825   1   2.57816
0.0288708   742.776   0.75087   3.20551
0.0299812   740.738   0.360811   3.9075
0.0310916   738.712   0.110095   4.69675
0.0322021   736.696   0.0197175   5.60236
0.0333125   734.691   0.00110651   0
0.0344229   732.698   0.00369248   0
0.0355333   730.715   0.00329652   0
0.0366437   728.742   0.000973196   0
0.0377541   726.781   0.00107789   0
0.0388646   724.829   0.00462309   0
0.039975   722.889   0.00962011   5.00672
0.0410854   720.958   0.0111231   5.54973
0.0421958   719.038   0.00847466   5.98804
0.0433062   717.128   0.00556178   6.21578
0.0444166   715.229   0.00455208   0
0.045527   713.339   0.00440969   0
0.0466375   711.459   0.00345613   0
0.0477479   709.589   0.00214807   0
0.0488583   707.729   0.00186362   0
0.0499687   705.879   0.00231969   0
0.0510791   704.038   0.00228622   0
0.0521895   702.207   0.00159708   0
0.0533   700.386   0.00100869   0
0.0544104   698.573   0.000743445   0
0.0555208   696.771   0.000582491   0
0.0566312   694.977   0.000418095   0
0.0577416   693.193   0.000319018   0
0.058852   691.417   0.000289265   0
0.0599624   689.651   0.000239252   0
0.0610729   687.894   0.000177164   0
0.0621833   686.146   8.3208e-05   0
0.0632937   684.407   6.02251e-05   0
0.0644041   682.676   3.76297e-05   0
0.0655145   680.954   8.50705e-06   0
0.0666249   679.241   5.01882e-06   0
0.0677354   677.537   1.26584e-06   0
0.0688458   675.841   6.16952e-06   0
0.0699562   674.153   1.82381e-06   0
0.0710666   672.474   7.8801e-07   0
0.072177   670.803   3.03223e-06   0
0.0732874   669.141   7.99083e-06   0
0.0743979   667.486   1.9226e-05   0
0.0755083   665.84   8.84937e-06   0
0.0766187   664.202   2.19744e-06   0
0.0777291   662.572   3.46027e-06   0
0.0788395   660.95   1.45286e-06   0
0.0799499   659.336   1.48226e-06   0
0.0810603   657.73   7.63259e-07   0
0.0821708   656.131   1.19377e-07   0
0.0832812   654.541   5.06501e-07   0
0.0843916   652.958   4.73259e-06   0
0.085502   651.382   4.32207e-06   0
0.0866124   649.815   3.63117e-10   0
0.0877228   648.254   2.22354e-06   0
0.0888333   646.702   2.31901e-06   0
0.0899437   645.156   1.40528e-06   0
0.0910541   643.618   1.07397e-06   0
0.0921645   642.088   3.27432e-07   0
0.0932749   640.564   5.13868e-07   0
0.0943853   639.048   8.54295e-08   0
0.0954958   637.539   2.94875e-07   0
0.0966062   636.037   5.86258e-08   0
0.0977166   634.542   6.38361e-07   0
0.098827   633.054   1.13938e-06   0
0.0999374   631.574   4.52651e-07   0
0.101048   630.1   6.00164e-07   0
0.102158   628.632   2.3083e-08   0
0.103269   627.172   1.30961e-07   0
0.104379   625.719   8.15742e-09   0
0.105489   624.272   5.94236e-08   0
0.1066   622.832   7.14186e-10   0
0.10771   621.398   9.61539e-09   0
0.108821   619.971   1.27561e-09   0
0.109931   618.551   7.26601e-09   0
0.111042   617.137   1.67644e-09   0
0.112152   615.73   2.08053e-09   0
0.113262   614.329   3.41273e-09   0
0.114373   612.934   1.97893e-09   0
0.115483   611.546   1.40077e-11   0
0.116594   610.164   1.71559e-10   0
0.117704   608.788   4.11918e-10   0
0.118814   607.418   8.39613e-11   0
0.119925   606.055   1.87311e-10   0
0.121035   604.697   2.46446e-11   0
0.122146   603.346   1.90575e-11   0
0.123256   602.001   1.40029e-12   0
0.124367   600.661   4.1092e-10   0
0.125477   599.328   7.25808e-11   0
0.126587   598   2.50864e-10   0
0.127698   596.679   1.9762e-10   0
0.128808   595.363   1.39255e-09   0
0.129919   594.053   4.18773e-10   0
0.131029   592.749   5.03556e-10   0
0.132139   591.45   1.02709e-10   0
0.13325   590.158   2.05794e-10   0
0.13436   588.87   6.45109e-10   0
0.135471   587.589   5.63495e-10   0
0.136581   586.313   8.28627e-10   0
0.137692   585.042   1.72905e-10   0
0.138802   583.777   6.58145e-10   0
0.139912   582.518   4.53967e-11   0
0.141023   581.264   8.71482e-11   0
