345.77	-54.07
345.98	-54.07
346.19	-54.07
346.41	65.54
346.62	-12.70
346.84	21.30
347.05	21.71
347.26	12.70
347.48	83.56
347.69	-25.80
347.91	60.62
348.12	-24.17
348.33	-87.24
348.55	39.73
348.76	15.97
348.97	10.24
349.19	30.31
349.40	-80.28
349.62	5.73
349.83	-46.69
350.04	1.64
350.26	-1.64
350.47	-30.72
350.69	-38.09
350.90	-21.30
351.11	19.66
351.33	-51.61
351.54	-23.76
351.75	7.37
351.97	-18.84
352.18	-98.30
352.40	25.80
352.61	82.33
352.82	2.46
353.04	33.59
353.25	-58.16
353.46	77.41
353.68	50.38
353.89	-19.66
354.10	-31.54
354.32	37.27
354.53	-39.73
354.75	-56.11
354.96	30.31
355.17	-7.78
355.39	6.14
355.60	32.77
355.81	-52.02
356.03	-23.35
356.24	45.46
356.45	0.41
356.67	59.39
356.88	-45.87
357.09	36.45
357.31	74.55
357.52	18.43
357.73	-90.93
357.95	-32.36
358.16	-47.10
358.37	-21.71
358.59	-79.05
358.80	46.69
359.02	-20.89
359.23	-38.09
359.44	60.21
359.66	-42.60
359.87	25.80
360.08	-49.56
360.30	-85.20
360.51	3.69
360.72	-133.12
360.93	-16.79
361.15	-6.14
361.36	-31.54
361.57	-9.42
361.79	-25.80
362.00	20.07
362.21	-72.50
362.43	56.52
362.64	-10.24
362.85	-24.58
363.07	2.05
363.28	36.04
363.49	-32.36
363.71	-148.68
363.92	51.20
364.13	-23.35
364.35	-12.70
364.56	-62.67
364.77	-38.50
364.98	-15.56
365.20	-33.59
365.41	2.05
365.62	53.25
365.84	29.08
366.05	12.70
366.26	-68.40
366.48	71.68
366.69	4.51
366.90	-26.62
367.11	-75.77
367.33	-19.66
367.54	17.61
367.75	-33.18
367.97	37.68
368.18	-65.53
368.39	-55.30
368.60	-108.54
368.82	-30.31
369.03	-20.07
369.24	34.82
369.46	11.88
369.67	-6.55
369.88	-0.41
370.09	-4.10
370.31	0.82
370.52	43.83
370.73	43.01
370.95	74.14
371.16	47.10
371.37	-37.68
371.58	18.02
371.80	22.53
372.01	-27.85
372.22	-2.87
372.43	25.80
372.65	5.73
372.86	16.38
373.07	-49.56
373.29	117.14
373.50	-42.60
373.71	41.37
373.92	-6.96
374.14	1.64
374.35	-64.72
374.56	-18.84
374.77	-24.17
374.99	-23.35
375.20	28.67
375.41	-60.62
375.62	-56.11
375.84	28.67
376.05	-55.70
376.26	36.04
376.47	-46.69
376.69	56.52
376.90	6.55
377.11	-29.49
377.32	-47.51
377.54	60.62
377.75	-23.35
377.96	-42.60
378.17	24.17
378.38	-2.87
378.60	40.14
378.81	-39.73
379.02	32.36
379.23	56.52
379.45	20.48
379.66	-127.79
379.87	18.84
380.08	4.51
380.30	-22.94
380.51	66.35
380.72	-1.64
380.93	-42.19
381.14	-14.75
381.36	17.61
381.57	-29.49
381.78	-30.31
381.99	20.07
382.20	-3.28
382.42	11.47
382.63	-25.80
382.84	28.67
383.05	12.70
383.27	110.18
383.48	-77.82
383.69	-70.04
383.90	-65.53
384.11	46.69
384.33	-128.61
384.54	3.28
384.75	25.39
384.96	12.70
385.17	-7.37
385.39	33.59
385.60	-39.73
385.81	14.34
386.02	-16.79
386.23	21.30
386.45	7.78
386.66	-13.52
386.87	-16.38
387.08	24.99
387.29	41.37
387.50	-9.83
387.72	-9.42
387.93	20.89
388.14	-4.10
388.35	2.87
388.56	-61.44
388.78	27.44
388.99	11.88
389.20	29.90
389.41	3.28
389.62	-32.77
389.83	11.47
390.05	-8.60
390.26	3.69
390.47	-0.41
390.68	-19.25
390.89	-70.86
391.10	-24.17
391.32	-23.76
391.53	-66.76
391.74	10.24
391.95	-16.38
392.16	10.65
392.37	15.97
392.59	11.88
392.80	-72.50
393.01	31.13
393.22	-37.68
393.43	56.93
393.64	24.17
393.86	30.72
394.07	-3.28
394.28	-14.75
394.49	34.00
394.70	0.00
394.91	-26.21
395.12	23.76
395.34	50.79
395.55	-24.58
395.76	26.21
395.97	-31.13
396.18	-60.62
396.39	13.11
396.60	-25.39
396.82	-50.38
397.03	24.99
397.24	-40.96
397.45	-42.60
397.66	13.52
397.87	24.17
398.08	-15.56
398.29	-57.34
398.51	77.82
398.72	-9.42
398.93	-29.90
399.14	-46.28
399.35	83.56
399.56	15.97
399.77	10.24
399.98	1.23
400.20	-14.34
400.41	-33.18
400.62	38.91
400.83	0.00
401.04	-80.69
401.25	-31.95
401.46	76.18
401.67	27.44
401.88	-91.34
402.10	-43.01
402.31	34.41
402.52	21.30
402.73	-28.26
402.94	-10.65
403.15	32.77
403.36	-39.73
403.57	43.42
403.78	-52.02
403.99	30.31
404.21	-16.79
404.42	0.41
404.63	1.64
404.84	20.89
405.05	-88.47
405.26	-125.75
405.47	31.54
405.68	-50.79
405.89	1.64
406.10	-27.85
406.31	-67.17
406.53	-74.55
406.74	87.24
406.95	70.86
407.16	72.50
407.37	31.54
407.58	-23.76
407.79	-57.75
408.00	-31.54
408.21	-36.04
408.42	-8.19
408.63	-25.80
408.84	45.87
409.05	103.22
409.27	45.06
409.48	47.92
409.69	-39.32
409.90	-40.14
410.11	-13.11
410.32	-38.91
410.53	-34.41
410.74	-53.25
410.95	53.66
411.16	-7.37
411.37	53.25
411.58	-13.52
411.79	-24.99
412.00	34.41
412.21	53.25
412.42	-5.73
412.63	70.86
412.84	-40.14
413.06	-20.07
413.27	15.15
413.48	4.92
413.69	-15.15
413.90	-2.05
414.11	-52.43
414.32	-76.59
414.53	-41.78
414.74	33.59
414.95	-3.69
415.16	77.41
415.37	-93.80
415.58	10.65
415.79	34.41
416.00	-34.00
416.21	15.15
416.42	38.50
416.63	-8.60
416.84	12.70
417.05	-36.86
417.26	-3.69
417.47	-55.30
417.68	-6.96
417.89	-21.71
418.10	-5.32
418.31	52.02
418.52	-91.75
418.73	27.44
418.94	11.88
419.15	-6.14
419.36	-72.09
419.57	-20.89
419.78	2.05
419.99	-87.24
420.20	-39.32
420.41	42.60
420.62	18.84
420.83	13.93
421.04	26.21
421.25	10.65
421.46	-26.62
421.67	23.76
421.88	-6.14
422.09	-110.59
422.30	14.34
422.51	47.92
422.72	38.50
422.93	-1.23
423.14	-43.83
423.35	26.21
423.56	28.26
423.77	9.42
423.98	47.92
424.19	66.35
424.40	-78.64
424.61	29.08
424.82	20.07
425.03	47.92
425.24	27.44
425.45	-7.37
425.66	7.37
425.87	-25.80
426.08	-13.93
426.29	-28.26
426.50	64.31
426.71	-20.89
426.92	-26.62
427.13	-3.28
427.34	5.73
427.55	17.61
427.76	43.83
427.97	-55.70
428.18	-23.35
428.39	76.59
428.60	-3.69
428.81	-63.08
429.02	31.13
429.23	-20.07
429.44	-47.10
429.65	-13.52
429.85	-0.00
430.06	22.12
430.27	40.14
430.48	51.61
430.69	-53.66
430.90	-24.58
431.11	-38.50
431.32	2.05
431.53	2.05
431.74	45.87
431.95	79.05
432.16	29.08
432.37	-17.20
432.58	32.36
432.79	2.05
433.00	-4.10
433.21	-61.85
433.42	10.65
433.62	19.25
433.83	-61.44
434.04	3.69
434.25	-1.64
434.46	-19.66
434.67	31.13
434.88	6.55
435.09	-14.34
435.30	-39.73
435.51	-82.33
435.72	-12.29
435.93	12.29
436.14	90.93
436.34	49.56
436.55	-65.94
436.76	32.36
436.97	13.11
437.18	-11.47
437.39	-60.62
437.60	-41.78
437.81	-31.95
438.02	-18.84
438.23	47.51
438.44	-50.38
438.64	-13.93
438.85	-78.23
439.06	12.29
439.27	1.64
439.48	-15.97
439.69	-8.60
439.90	-20.48
440.11	-4.92
440.32	8.60
440.53	65.94
440.73	-59.80
440.94	27.03
441.15	58.57
441.36	36.04
441.57	42.19
441.78	11.47
441.99	-18.02
442.20	31.13
442.40	-65.13
442.61	-21.71
442.82	114.28
443.03	-92.16
443.24	60.21
443.45	-34.41
443.66	13.93
443.87	65.54
444.07	-5.32
444.28	20.07
444.49	108.54
444.70	-32.77
444.91	-61.85
445.12	-1.64
445.33	23.76
445.54	-73.32
445.74	-67.58
445.95	-14.75
446.16	18.43
446.37	-95.03
446.58	-60.21
446.79	-0.41
447.00	-85.61
447.20	7.78
447.41	-2.05
447.62	29.90
447.83	34.82
448.04	1.23
448.25	-49.97
448.46	7.78
448.66	23.35
448.87	48.33
449.08	20.48
449.29	-39.32
449.50	2.05
449.71	-48.74
449.91	-35.63
450.12	-29.49
450.33	-29.08
450.54	-35.63
450.75	-58.57
450.96	-28.26
451.16	74.96
451.37	16.79
451.58	-49.56
451.79	-10.65
452.00	13.93
452.21	-18.84
452.41	88.88
452.62	49.15
452.83	32.36
453.04	-19.25
453.25	-123.70
453.45	31.13
453.66	-65.94
453.87	-4.51
454.08	35.63
454.29	24.58
454.50	-62.26
454.70	-44.24
454.91	-24.99
455.12	-58.16
455.33	57.75
455.54	-12.29
455.74	41.37
455.95	-88.47
456.16	12.29
456.37	-28.26
456.58	72.91
456.78	-5.32
456.99	11.47
457.20	-86.83
457.41	17.61
457.62	38.91
457.82	63.49
458.03	-71.27
458.24	-4.51
458.45	-36.45
458.66	-23.76
458.86	8.60
459.07	-81.92
459.28	9.01
459.49	31.54
459.69	13.52
459.90	-17.20
460.11	76.59
460.32	-42.19
460.53	2.05
460.73	28.67
460.94	28.26
461.15	-53.25
461.36	67.17
461.56	-7.78
461.77	-41.78
461.98	23.35
462.19	19.25
462.39	-32.36
462.60	19.25
462.81	10.24
463.02	23.76
463.23	-27.44
463.43	25.39
463.64	12.70
463.85	-13.93
464.06	-0.82
464.26	-72.09
464.47	19.66
464.68	31.95
464.89	-35.23
465.09	15.97
465.30	19.25
465.51	-10.65
465.72	6.14
465.92	2.87
466.13	87.65
466.34	-53.66
466.55	70.45
466.75	57.75
466.96	-18.43
467.17	-34.41
467.37	-39.32
467.58	-41.37
467.79	91.75
468.00	-56.11
468.20	3.69
468.41	12.70
468.62	-21.30
468.83	4.10
469.03	50.79
469.24	-13.52
469.45	17.20
469.65	-4.51
469.86	-33.18
470.07	-58.98
470.28	11.88
470.48	24.99
470.69	51.20
470.90	18.84
471.11	-49.56
471.31	-16.38
471.52	-99.94
471.73	-26.21
471.93	2.05
472.14	-32.77
472.35	62.67
472.55	22.53
472.76	-20.89
472.97	-15.97
473.18	70.04
473.38	38.50
473.59	-30.31
473.80	31.54
474.00	-29.90
474.21	-73.32
474.42	-8.60
474.62	-77.41
474.83	-36.86
475.04	-35.63
475.25	18.84
475.45	13.52
475.66	-40.14
475.87	65.94
476.07	-40.14
476.28	-19.25
476.49	13.52
476.69	9.83
476.90	108.54
477.11	-24.99
477.31	-12.29
477.52	57.75
477.73	14.75
477.93	20.48
478.14	-78.23
478.35	55.30
478.55	6.96
478.76	47.51
478.97	11.47
479.17	-51.20
479.38	-8.19
479.59	21.71
479.79	-34.00
480.00	-12.29
480.21	10.24
480.41	-15.15
480.62	-15.15
480.83	11.06
481.03	47.51
481.24	-12.70
481.45	15.15
481.65	-16.38
481.86	12.29
482.07	28.67
482.27	-48.74
482.48	38.09
482.69	-52.43
482.89	24.99
483.10	80.28
483.30	12.29
483.51	56.11
483.72	-34.00
483.92	1.23
484.13	34.41
484.34	27.03
484.54	-5.73
484.75	-24.17
484.96	39.32
485.16	-126.15
485.37	24.58
485.57	34.41
485.78	28.67
485.99	-25.80
486.19	-3.28
486.40	-37.27
486.61	31.13
486.81	-4.51
487.02	0.41
487.22	22.12
487.43	15.97
487.64	-47.10
487.84	-27.03
488.05	-86.83
488.25	-17.61
488.46	-47.92
488.67	-74.55
488.87	1.64
489.08	-22.12
489.28	12.70
489.49	75.37
489.70	-3.28
489.90	-17.20
490.11	63.90
490.31	-6.55
490.52	-6.96
490.73	86.01
490.93	-108.54
491.14	7.37
491.34	14.75
491.55	-17.20
491.76	145.41
491.96	18.84
492.17	-31.95
492.37	-2.46
492.58	-35.63
492.79	90.52
492.99	-31.13
493.20	-61.85
493.40	-10.24
493.61	-61.03
493.81	-19.66
494.02	39.73
494.23	41.37
494.43	-13.93
494.64	-46.28
494.84	-31.13
495.05	29.49
495.25	8.60
495.46	-69.22
495.67	10.24
495.87	-75.77
496.08	-91.75
496.28	-59.80
496.49	122.06
496.69	6.55
496.90	-27.85
497.11	-11.06
497.31	45.46
497.52	-2.05
497.72	-55.30
497.93	67.58
498.13	6.55
498.34	53.25
498.54	9.42
498.75	15.97
498.95	-34.41
499.16	4.10
499.37	-81.92
499.57	-11.88
499.78	17.61
499.98	49.56
500.19	-2.87
500.39	3.28
500.60	-5.73
500.80	18.02
501.01	27.03
501.21	-46.69
501.42	-0.82
501.62	-64.31
501.83	85.61
502.04	69.63
502.24	-54.07
502.45	17.61
502.65	-19.66
502.86	-56.93
503.06	52.43
503.27	-42.19
503.47	27.03
503.68	43.01
503.88	-3.28
504.09	26.21
504.29	-22.12
504.50	-5.73
504.70	-51.20
504.91	-127.79
505.11	-78.23
505.32	-33.18
505.52	-55.70
505.73	-22.94
505.93	6.96
506.14	15.97
506.34	42.60
506.55	-79.05
506.75	34.00
506.96	-64.72
507.16	-35.23
507.37	-99.12
507.57	59.39
507.78	-30.72
507.98	-59.80
508.19	-45.87
508.39	-25.39
508.60	-25.39
508.80	-26.62
509.01	-49.15
509.21	9.01
509.42	-33.18
509.62	-15.56
509.83	-4.51
510.03	18.43
510.24	5.32
510.44	-29.90
510.65	-7.37
510.85	-56.93
511.05	27.44
511.26	-52.43
511.46	-24.17
511.67	-18.43
511.87	22.94
512.08	56.93
512.28	-40.55
512.49	-14.75
512.69	-20.89
512.90	-77.41
513.10	42.60
513.31	-68.40
513.51	59.39
513.71	21.71
513.92	-29.08
514.12	33.59
514.33	27.03
514.53	44.65
514.74	-63.90
514.94	-48.74
515.15	47.92
515.35	50.79
515.55	20.48
515.76	-17.61
515.96	-22.12
516.17	-40.55
516.37	-33.18
516.58	-40.96
516.78	-86.83
516.99	-4.51
517.19	6.55
517.39	-101.58
517.60	-3.28
517.80	-38.91
518.01	13.11
518.21	17.20
518.42	-74.14
518.62	44.65
518.82	-30.31
519.03	-7.78
519.23	-4.51
519.44	17.20
519.64	-8.60
519.84	30.31
520.05	-13.52
520.25	-81.10
520.46	15.97
520.66	-0.82
520.87	8.19
521.07	28.26
521.27	7.37
521.48	42.19
521.68	27.85
521.89	31.95
522.09	-3.28
522.29	-29.90
522.50	51.61
522.70	-3.28
522.91	36.86
523.11	-45.46
523.31	-56.93
523.52	83.15
523.72	10.24
523.93	-60.62
524.13	57.75
524.33	-121.65
524.54	57.34
524.74	-66.76
524.94	90.52
525.15	-2.87
525.35	-35.23
525.56	25.39
525.76	-0.41
525.96	-30.72
526.17	38.50
526.37	-46.69
526.58	0.00
526.78	-4.51
526.98	1.23
527.19	-63.08
527.39	-15.56
527.59	-101.17
527.80	38.91
528.00	55.30
528.20	-17.61
528.41	31.54
528.61	77.82
528.82	2.87
529.02	8.19
529.22	-38.50
529.43	56.52
529.63	-39.73
529.83	-7.37
530.04	21.71
530.24	-75.37
530.44	38.50
530.65	-15.15
530.85	9.83
531.05	-54.07
531.26	45.87
531.46	10.24
531.66	-9.01
531.87	-53.66
532.07	31.95
532.27	-6.55
532.48	-92.98
532.68	83.15
532.88	6.55
533.09	-61.03
533.29	-18.43
533.49	-17.20
533.70	51.20
533.90	-6.14
534.10	58.98
534.31	-76.59
534.51	-27.03
534.71	-11.47
534.92	54.89
535.12	2.87
535.32	26.62
535.53	43.01
535.73	43.42
535.93	1.23
536.14	37.27
536.34	2.05
536.54	-29.90
536.75	-31.95
536.95	51.20
537.15	-13.11
537.35	58.16
537.56	-58.57
537.76	1.64
537.96	-8.60
538.17	-25.39
538.37	-18.43
538.57	-37.68
538.78	-14.75
538.98	62.67
539.18	-127.38
539.38	-45.87
539.59	-30.31
539.79	-8.19
539.99	-37.68
540.20	-35.23
540.40	-34.82
540.60	11.88
540.80	-75.77
541.01	-67.17
541.21	43.01
541.41	9.83
541.62	-71.68
541.82	55.70
542.02	-30.72
542.22	33.59
542.43	47.92
542.63	18.02
542.83	-36.04
543.03	50.79
543.24	32.36
543.44	56.11
543.64	-127.38
543.84	-7.78
544.05	-49.56
544.25	38.09
544.45	-3.28
544.66	21.30
544.86	-19.25
545.06	73.32
545.26	45.46
545.47	-47.10
545.67	-17.20
545.87	-42.60
546.07	19.66
546.28	23.76
546.48	59.80
546.68	126.15
546.88	-20.48
547.09	-45.06
547.29	-6.96
547.49	27.44
547.69	-66.35
547.89	34.82
548.10	28.26
548.30	61.44
548.50	-22.12
548.70	20.07
548.91	-65.54
549.11	-22.53
549.31	-11.06
549.51	119.19
549.72	12.70
549.92	-75.77
550.12	-24.58
550.32	-21.71
550.52	-22.12
550.73	-16.38
550.93	-29.08
551.13	19.66
551.33	-26.21
551.54	22.94
551.74	-100.76
551.94	-48.74
552.14	92.98
552.34	3.69
552.55	96.25
552.75	-91.34
552.95	27.85
553.15	-33.18
553.35	-73.32
553.56	-25.80
553.76	77.00
553.96	-7.78
554.16	14.34
554.36	-36.45
554.57	23.76
554.77	-71.68
554.97	-28.26
555.17	-12.29
555.37	9.01
555.57	22.12
555.78	-29.49
555.98	-64.31
556.18	-39.32
556.38	38.09
556.58	77.00
556.79	-49.15
556.99	54.48
557.19	4.51
557.39	-45.06
557.59	-65.54
557.79	-16.38
558.00	39.73
558.20	-28.26
558.40	10.65
558.60	52.84
558.80	-23.35
559.00	-54.07
559.21	56.52
559.41	-33.59
559.61	-27.44
559.81	-15.97
560.01	48.74
560.21	-27.85
560.42	5.32
560.62	-27.03
560.82	48.74
561.02	15.56
561.22	53.66
561.42	22.94
561.62	37.27
561.83	23.76
562.03	-16.79
562.23	17.20
562.43	-9.83
562.63	-91.75
562.83	-64.31
563.03	-46.28
563.24	-4.92
563.44	-54.48
563.64	-29.08
563.84	14.75
564.04	49.56
564.24	-31.95
564.44	-72.50
564.64	-38.91
564.85	15.97
565.05	-18.84
565.25	-48.74
565.45	24.17
565.65	34.41
565.85	28.67
566.05	-33.18
566.25	-75.77
566.46	-39.32
566.66	25.39
566.86	27.03
567.06	-14.75
567.26	28.67
567.46	-4.51
567.66	-22.94
567.86	-35.63
568.06	8.19
568.27	38.50
568.47	27.85
568.67	58.16
568.87	-1.64
569.07	7.78
569.27	19.25
569.47	11.47
569.67	11.06
569.87	28.26
570.07	-25.39
570.27	3.69
570.48	102.81
570.68	24.17
570.88	-6.14
571.08	28.26
571.28	36.04
571.48	24.58
571.68	49.15
571.88	-29.90
572.08	66.35
572.28	-17.20
572.48	-11.88
572.68	55.70
572.89	-33.18
573.09	-48.33
573.29	26.62
573.49	35.63
573.69	34.82
573.89	13.93
574.09	19.66
574.29	-22.12
574.49	-21.30
574.69	65.54
574.89	-14.75
575.09	-19.66
575.29	60.62
575.49	-48.33
575.69	-86.83
575.89	57.75
576.09	83.97
576.30	40.14
576.50	49.15
576.70	-0.41
576.90	50.79
577.10	-29.49
577.30	12.29
577.50	-6.55
577.70	-22.94
577.90	0.41
578.10	-18.43
578.30	-100.35
578.50	43.01
578.70	37.27
578.90	-27.03
579.10	20.48
579.30	-115.92
579.50	21.71
579.70	-34.82
579.90	-34.00
580.10	-31.13
580.30	81.10
580.50	17.20
580.70	13.11
580.90	-32.36
581.10	-29.90
581.30	-57.34
581.50	-20.07
581.70	73.32
581.90	15.97
582.10	89.29
582.30	61.44
582.50	22.53
582.70	-17.61
582.90	-80.28
583.10	34.00
583.30	26.21
583.50	13.52
583.70	9.42
583.90	55.70
584.10	-71.27
584.30	17.61
584.50	-31.13
584.70	-7.78
584.90	-15.56
585.10	-27.03
585.30	35.63
585.50	-146.22
585.70	54.89
585.90	49.56
586.10	56.52
586.30	-33.18
586.50	-32.36
586.70	-17.61
586.90	9.42
587.10	-24.17
587.30	-61.03
587.50	-59.80
587.70	-32.36
587.90	-67.58
588.10	7.78
588.30	-74.55
588.50	3.69
588.70	-6.14
588.90	92.98
589.10	-10.65
589.30	-70.45
589.50	-54.07
589.70	-32.36
589.90	81.92
590.10	36.45
590.30	-8.19
590.50	14.34
590.69	-74.14
590.89	-37.27
591.09	31.13
591.29	48.33
591.49	2.46
591.69	-58.16
591.89	59.80
592.09	-51.61
592.29	-45.06
592.49	4.10
592.69	28.67
592.89	38.50
593.09	-54.07
593.29	-35.63
593.49	-18.02
593.69	22.94
593.89	-52.02
594.08	15.56
594.28	-12.29
594.48	31.95
594.68	22.94
594.88	-40.96
595.08	-29.49
595.28	-19.66
595.48	89.70
595.68	32.77
595.88	-19.66
596.08	1.23
596.28	34.00
596.47	-10.24
596.67	-16.38
596.87	49.15
597.07	-85.20
597.27	-32.36
597.47	-22.94
597.67	45.87
597.87	-50.79
598.07	-40.96
598.27	24.17
598.47	27.44
598.66	-59.80
598.86	-56.52
599.06	10.24
599.26	-31.95
599.46	4.10
599.66	36.86
599.86	6.14
600.06	18.02
600.26	56.52
600.45	13.52
600.65	-61.44
600.85	-18.02
601.05	-49.56
601.25	-12.29
601.45	48.33
601.65	63.49
601.85	-11.47
602.04	39.32
602.24	-40.55
602.44	-100.35
602.64	97.48
602.84	-96.25
603.04	28.67
603.24	4.51
603.43	4.10
603.63	-83.15
603.83	-29.90
604.03	-54.48
604.23	-8.60
604.43	83.56
604.63	53.66
604.82	78.64
605.02	27.85
605.22	18.84
605.42	7.78
605.62	5.73
605.82	63.90
606.02	35.63
606.21	-52.84
606.41	2.87
606.61	-11.47
606.81	9.83
607.01	-29.90
607.21	-27.44
607.40	26.21
607.60	-4.10
607.80	19.66
608.00	-70.45
608.20	23.35
608.40	-18.84
608.59	3.69
608.79	74.96
608.99	1.64
609.19	98.71
609.39	-21.71
609.59	-41.37
609.78	-22.53
609.98	-37.27
610.18	69.63
610.38	-72.50
610.58	-40.96
610.77	1.23
610.97	12.29
611.17	-23.76
611.37	-2.46
611.57	34.82
611.76	-107.72
611.96	12.70
612.16	76.18
612.36	-29.08
612.56	25.39
612.75	117.96
612.95	41.78
613.15	-29.90
613.35	30.72
613.55	-29.90
613.74	0.41
613.94	14.75
614.14	14.34
614.34	29.08
614.54	-29.49
614.73	-71.27
614.93	0.41
615.13	-14.34
615.33	7.78
615.53	-4.51
615.72	-37.68
615.92	57.75
616.12	-23.35
616.32	31.54
616.51	14.34
616.71	-24.58
616.91	28.26
617.11	-37.68
617.30	32.77
617.50	51.61
617.70	-48.33
617.90	-23.76
618.10	-68.81
618.29	-7.37
618.49	-42.60
618.69	-63.49
618.89	60.62
619.08	-62.67
619.28	-22.12
619.48	44.65
619.68	27.44
619.87	-25.39
620.07	-23.76
620.27	8.60
620.47	17.20
620.66	-27.44
620.86	-39.32
621.06	61.85
621.25	-104.86
621.45	-73.32
621.65	20.48
621.85	-24.99
622.04	-7.37
622.24	0.00
622.44	2.87
622.64	-40.55
622.83	90.11
623.03	-2.46
623.23	30.72
623.43	-35.23
623.62	-1.23
623.82	-26.21
624.02	-49.15
624.21	43.42
624.41	25.80
624.61	-31.13
624.81	24.17
625.00	73.73
625.20	24.58
625.40	51.20
625.59	-22.94
625.79	41.78
625.99	34.41
626.18	-59.80
626.38	30.72
626.58	0.41
626.78	20.07
626.97	-0.41
627.17	10.65
627.37	63.08
627.56	108.95
627.76	16.38
627.96	-76.18
628.15	67.58
628.35	27.85
628.55	20.07
628.74	-17.61
628.94	34.00
629.14	-11.88
629.34	-53.25
629.53	17.61
629.73	-48.74
629.93	-6.55
630.12	-12.70
630.32	4.51
630.52	-5.73
630.71	41.37
630.91	27.03
631.11	10.65
631.30	-5.32
631.50	13.52
631.70	-23.35
631.89	6.55
632.09	59.39
632.29	22.12
632.48	-40.96
632.68	-58.16
632.88	29.49
633.07	12.70
633.27	-38.09
633.46	0.82
633.66	-13.11
633.86	7.37
634.05	-4.92
634.25	-51.20
634.45	-36.86
634.64	-5.73
634.84	-6.14
635.04	13.52
635.23	-11.88
635.43	-25.39
635.63	14.75
635.82	63.49
636.02	70.04
636.21	-62.67
636.41	-18.02
636.61	-24.99
636.80	-20.48
637.00	1.23
637.20	-35.63
637.39	61.85
637.59	-43.01
637.78	-67.99
637.98	58.98
638.18	4.51
638.37	19.66
638.57	15.15
638.77	-60.62
638.96	14.34
639.16	120.83
639.35	1.64
639.55	21.71
639.75	-58.57
639.94	41.78
640.14	25.80
640.33	13.11
640.53	30.31
640.73	-111.00
640.92	-3.28
641.12	-6.55
641.31	-20.48
641.51	66.76
641.71	-30.31
641.90	7.37
642.10	15.56
642.29	24.99
642.49	-3.69
642.68	15.97
642.88	36.04
643.08	9.42
643.27	24.17
643.47	-44.24
643.66	22.94
643.86	26.62
644.06	1.23
644.25	1.23
644.45	-36.86
644.64	-113.87
644.84	11.88
645.03	-60.21
645.23	0.41
645.43	39.73
645.62	-175.72
645.82	43.01
646.01	31.54
646.21	-70.86
646.40	-0.82
646.60	82.33
646.79	-67.58
646.99	-56.52
647.19	-6.55
647.38	18.02
647.58	4.92
647.77	64.31
647.97	67.58
648.16	-28.26
648.36	-18.43
648.55	-18.43
648.75	8.19
648.94	15.97
649.14	2.05
649.33	40.96
649.53	37.68
649.73	-18.84
649.92	-4.10
650.12	15.97
650.31	2.46
650.51	-12.29
650.70	-95.03
650.90	24.17
651.09	52.43
651.29	40.96
651.48	4.10
651.68	27.03
651.87	-15.97
652.07	-31.13
652.26	-68.40
652.46	0.00
652.65	-3.28
652.85	-21.30
653.04	-10.65
653.24	-34.41
653.43	43.42
653.63	-71.68
653.82	70.86
654.02	-5.32
654.21	-11.47
654.41	53.66
654.60	45.46
654.80	-77.82
654.99	47.92
655.19	-28.26
655.38	-14.75
655.58	-9.42
655.77	-33.59
655.97	-70.86
656.16	36.86
656.36	-87.65
656.55	31.54
656.75	-10.65
656.94	-24.17
657.14	-65.54
657.33	-29.08
657.53	51.61
657.72	33.59
657.92	46.69
658.11	-17.61
658.31	-34.41
658.50	60.62
658.69	22.12
658.89	-11.88
659.08	23.35
659.28	32.36
659.47	-4.92
659.67	1.64
659.86	16.79
660.06	5.32
660.25	13.52
660.45	-45.87
660.64	-33.59
660.84	-52.43
661.03	9.01
661.22	38.09
661.42	-7.37
661.61	-18.43
661.81	-2.46
662.00	25.39
662.20	-0.82
662.39	-11.47
662.59	38.91
662.78	-41.37
662.97	-109.77
663.17	1.23
663.36	11.06
663.56	24.17
663.75	-23.35
663.95	-17.61
664.14	6.96
664.33	-18.43
664.53	74.55
664.72	-17.61
664.92	44.24
665.11	-25.80
665.30	14.34
665.50	63.49
665.69	-9.01
665.89	33.18
666.08	-0.82
666.28	40.96
666.47	-22.53
666.66	62.26
666.86	-13.52
667.05	49.97
667.25	-39.73
667.44	65.94
667.63	-6.55
667.83	11.88
668.02	21.71
668.22	29.49
668.41	-79.87
668.60	99.94
668.80	23.76
668.99	-14.75
669.19	62.67
669.38	-38.09
669.57	40.55
669.77	11.06
669.96	63.90
670.15	-2.46
670.35	-5.32
670.54	-41.37
670.74	-64.72
670.93	36.45
671.12	-54.89
671.32	24.58
671.51	-27.85
671.70	56.93
671.90	-21.71
672.09	-50.38
672.29	-54.48
672.48	-83.15
672.67	-55.30
672.87	88.88
673.06	-42.60
673.25	-41.78
673.45	-33.59
673.64	-65.94
673.83	15.97
674.03	11.06
674.22	46.69
674.41	45.46
674.61	-27.44
674.80	-14.34
674.99	-23.35
675.19	9.83
675.38	6.14
675.57	42.60
675.77	45.46
675.96	-60.21
676.15	-54.07
676.35	-18.02
676.54	82.33
676.73	-45.46
676.93	5.73
677.12	21.30
677.31	-2.46
677.51	7.37
677.70	-2.87
677.89	-23.35
678.09	43.83
678.28	16.79
678.47	-23.76
678.67	45.06
678.86	-15.15
679.05	-64.72
679.25	-57.34
679.44	-61.85
679.63	79.87
679.83	-29.90
680.02	-26.62
680.21	17.61
680.40	81.92
680.60	8.19
680.79	-13.52
680.98	-67.58
681.18	15.97
681.37	-12.70
681.56	83.97
681.76	39.73
681.95	-3.69
682.14	-55.30
682.33	-28.26
682.53	-96.25
682.72	-21.71
682.91	10.24
683.11	36.45
683.30	20.89
683.49	23.76
683.68	28.26
683.88	-63.08
684.07	-57.75
684.26	-27.03
684.46	-9.83
684.65	-38.91
684.84	-88.06
685.03	22.12
685.23	-1.23
685.42	-77.82
685.61	-27.03
685.80	7.78
686.00	22.94
686.19	-8.19
686.38	45.06
686.57	5.73
686.77	67.17
686.96	13.52
687.15	-52.43
687.34	-30.31
687.54	77.00
687.73	35.63
687.92	30.31
688.11	-2.05
688.31	-42.60
688.50	1.23
688.69	-49.56
688.88	-22.12
689.08	40.14
689.27	-12.29
689.46	44.65
689.65	-43.83
689.85	-49.56
690.04	-29.49
690.23	5.32
690.42	80.69
690.61	-6.55
690.81	-52.84
691.00	47.92
691.19	-43.42
691.38	-15.56
691.58	-12.70
691.77	38.50
691.96	-9.01
692.15	2.87
692.34	-13.11
692.54	6.55
692.73	-65.13
692.92	-62.67
693.11	-16.38
693.30	63.08
693.50	-37.68
693.69	55.30
693.88	-9.01
694.07	44.65
694.26	-20.48
694.46	23.35
694.65	-22.94
694.84	22.12
695.03	23.76
695.22	-8.19
695.42	5.32
695.61	-6.96
695.80	2.05
695.99	-59.80
696.18	-64.72
696.37	42.60
696.57	-36.86
696.76	19.66
696.95	-31.95
697.14	-56.52
697.33	-0.41
697.53	68.40
697.72	19.66
697.91	-20.07
698.10	-8.19
698.29	36.04
698.48	-30.72
698.68	67.99
698.87	-86.42
699.06	-81.51
699.25	24.99
699.44	-49.15
699.63	-52.43
699.82	43.01
700.02	0.41
700.21	14.34
700.40	-27.44
700.59	-57.75
700.78	-12.70
700.97	33.59
701.16	38.09
701.36	37.68
701.55	12.29
701.74	66.76
701.93	-33.59
702.12	68.81
702.31	-43.83
702.50	-2.46
702.70	-22.12
702.89	1.23
703.08	-35.23
703.27	6.55
703.46	-24.99
703.65	-4.51
703.84	-3.69
704.03	23.35
704.23	-30.72
704.42	-36.45
704.61	-47.51
704.80	-5.73
704.99	-15.56
705.18	30.72
705.37	33.18
705.56	8.60
705.75	21.30
705.95	-12.70
706.14	-11.88
706.33	-48.74
706.52	-43.01
706.71	48.33
706.90	8.60
707.09	31.13
707.28	-18.43
707.47	28.26
707.66	-10.65
707.86	37.27
708.05	-24.17
708.24	57.75
708.43	45.87
708.62	56.52
708.81	-77.82
709.00	26.62
709.19	27.85
709.38	-10.65
709.57	45.06
709.76	-79.46
709.95	27.03
710.15	27.44
710.34	-37.68
710.53	-13.93
710.72	-58.16
710.91	38.09
711.10	-17.20
711.29	60.21
711.48	-7.78
711.67	97.07
711.86	-11.88
712.05	77.82
712.24	26.21
712.43	18.43
712.62	29.90
712.81	105.27
713.00	32.36
713.19	23.35
713.39	61.44
713.58	-60.21
713.77	29.08
713.96	-39.32
714.15	43.01
714.34	29.49
714.53	-22.53
714.72	-11.88
714.91	37.27
715.10	50.38
715.29	13.11
715.48	-31.54
715.67	29.08
715.86	70.45
716.05	50.38
716.24	6.55
716.43	54.07
716.62	-1.64
716.81	-2.87
717.00	27.44
717.19	49.56
717.38	-89.29
717.57	6.14
717.76	50.38
717.95	12.29
718.14	-35.23
718.33	-16.79
718.52	50.79
718.71	28.26
718.90	34.82
719.09	49.15
719.28	-44.65
719.47	31.13
719.66	-62.26
719.85	64.72
720.04	-2.05
720.23	49.56
720.42	112.23
720.61	77.41
720.80	74.96
720.99	5.32
721.18	6.14
721.37	-52.02
721.56	-54.89
721.75	-2.46
721.94	39.73
722.13	27.44
722.32	-1.64
722.51	52.02
722.70	30.72
722.89	-33.59
723.08	-19.66
723.27	-40.96
723.46	0.41
723.65	-7.37
723.84	-93.39
724.03	8.19
724.22	48.74
724.41	-52.43
724.60	13.11
724.79	28.26
724.97	-32.36
725.16	19.25
725.35	18.84
725.54	66.35
725.73	-74.96
725.92	-30.72
726.11	67.17
726.30	21.71
726.49	-4.92
726.68	-10.24
726.87	-84.38
727.06	-1.23
727.25	-56.11
727.44	32.36
727.63	-52.02
727.82	95.03
728.01	52.84
728.19	66.35
728.38	20.07
728.57	-29.90
728.76	-34.00
728.95	-46.28
729.14	-63.49
729.33	78.23
729.52	18.84
729.71	47.51
729.90	-6.96
730.09	82.74
730.28	-29.49
730.46	-4.10
730.65	52.02
730.84	-2.46
731.03	50.79
731.22	-111.82
731.41	16.79
731.60	-65.94
731.79	-3.69
731.98	13.93
732.17	79.05
732.35	-22.94
732.54	35.23
732.73	112.23
732.92	-76.18
733.11	37.27
733.30	68.40
733.49	13.11
733.68	38.91
733.87	-22.94
734.05	-29.08
734.24	84.79
734.43	61.44
734.62	-24.17
734.81	-59.80
735.00	-49.15
735.19	-25.80
735.38	53.66
735.56	-32.77
735.75	-23.35
735.94	45.87
736.13	-58.57
736.32	-43.42
736.51	29.49
736.70	-24.58
736.88	41.37
737.07	-38.91
737.26	117.96
737.45	-45.46
737.64	108.54
737.83	-5.73
738.02	67.58
738.20	43.83
738.39	22.94
738.58	-28.67
738.77	-11.88
738.96	63.49
739.15	25.80
739.33	99.12
739.52	-24.17
739.71	4.92
739.90	-4.10
740.09	32.36
740.28	-27.03
740.46	81.10
740.65	-16.79
740.84	-50.79
741.03	3.69
741.22	-9.01
741.41	-15.15
741.59	79.46
741.78	11.47
741.97	9.01
742.16	12.70
742.35	40.96
742.53	-1.64
742.72	75.37
742.91	65.54
743.10	96.25
743.29	72.91
743.48	14.75
743.66	-66.35
743.85	-16.79
744.04	-11.06
744.23	27.03
744.42	-8.60
744.60	-61.03
744.79	-66.35
744.98	-15.56
745.17	70.86
745.35	92.98
745.54	2.87
745.73	-58.16
745.92	76.59
746.11	-3.28
746.29	-40.55
746.48	18.02
746.67	67.99
746.86	55.30
747.05	-48.33
747.23	82.33
747.42	10.65
747.61	25.39
747.80	6.14
747.98	63.90
748.17	21.30
748.36	25.80
748.55	21.71
748.73	31.13
748.92	-73.73
749.11	-23.76
749.30	58.16
749.48	-31.54
749.67	6.96
749.86	2.87
750.05	-9.01
750.23	-11.88
750.42	28.26
750.61	-18.43
750.80	22.53
750.98	43.42
751.17	-17.61
751.36	-65.54
751.55	95.03
751.73	52.84
751.92	20.07
752.11	-61.44
752.30	-27.44
752.48	11.06
752.67	-89.70
752.86	43.42
753.04	34.41
753.23	-37.68
753.42	136.80
753.61	13.11
753.79	51.20
753.98	63.08
754.17	91.34
754.35	43.42
754.54	36.04
754.73	-31.13
754.92	39.32
755.10	39.73
755.29	148.27
755.48	2.87
755.66	-23.76
755.85	57.34
756.04	87.65
756.23	-2.87
756.41	18.43
756.60	75.37
756.79	-30.31
756.97	54.07
757.16	11.06
757.35	34.82
757.53	17.20
757.72	10.24
757.91	77.82
758.09	79.05
758.28	72.09
758.47	84.38
758.65	-3.28
758.84	34.82
759.03	-42.19
759.21	-39.32
759.40	9.42
759.59	71.27
759.77	120.42
759.96	72.09
760.15	42.60
760.33	107.72
760.52	109.36
760.71	99.53
760.89	132.30
761.08	189.23
761.27	104.45
761.45	108.54
761.64	134.76
761.83	198.65
762.01	168.75
762.20	260.91
762.39	222.41
762.57	280.16
762.76	243.71
762.95	321.12
763.13	362.90
763.32	362.49
763.51	317.03
763.69	326.45
763.88	374.37
764.06	438.27
764.25	516.50
764.44	516.91
764.62	651.66
764.81	701.63
765.00	771.27
765.18	905.20
765.37	857.28
765.55	850.73
765.74	960.91
765.93	960.50
766.11	1039.96
766.30	1134.98
766.48	1226.73
766.67	1151.78
766.86	1255.00
767.04	1413.92
767.23	1438.49
767.42	1701.86
767.60	1747.74
767.79	1877.17
767.97	2016.84
768.16	2068.04
768.35	2152.42
768.53	2154.05
768.72	2288.81
768.90	2534.98
769.09	2625.50
769.27	2850.77
769.46	2873.71
769.65	3096.53
769.83	3104.31
770.02	3289.04
770.20	3439.36
770.39	3653.99
770.58	3787.51
770.76	3804.31
770.95	3986.17
771.13	4149.59
771.32	4274.93
771.50	4492.01
771.69	4634.96
771.88	4630.05
772.06	4580.49
772.25	4731.63
772.43	4944.21
772.62	5035.55
772.80	5282.94
772.99	5319.80
773.17	5595.05
773.36	5928.87
773.55	6253.27
773.73	6300.78
773.92	6524.01
774.10	6582.99
774.29	6951.22
774.47	7205.16
774.66	7443.55
774.84	7706.92
775.03	7936.29
775.21	8034.18
775.40	8082.51
775.58	8203.75
775.77	8182.04
775.96	7959.64
776.14	8025.58
776.33	8347.93
776.51	8415.51
776.70	8650.62
776.88	8578.94
777.07	8553.55
777.25	8665.37
777.44	8790.70
777.62	9007.79
777.81	9006.97
777.99	8859.10
778.18	9140.49
778.36	9257.64
778.55	9181.45
778.73	9069.22
778.92	8986.08
779.10	8791.11
779.29	9033.59
779.47	9232.65
779.66	9158.11
779.84	9133.94
780.03	8933.65
780.21	8555.18
780.40	8652.26
780.58	8592.87
780.77	8394.62
780.95	8653.08
781.14	9065.54
781.32	9111.82
781.51	9197.43
781.69	9183.09
781.88	9090.93
782.06	8923.41
782.25	8793.98
782.43	9001.64
782.62	8588.36
782.80	8205.80
782.99	8199.66
783.17	8308.61
783.35	8085.79
783.54	7833.48
783.72	7604.93
783.91	7541.85
784.09	7919.50
784.28	8016.98
784.46	8077.19
784.65	8370.46
784.83	8614.58
785.02	8918.08
785.20	9036.46
785.39	8858.69
785.57	8322.54
785.75	8344.65
785.94	8422.07
786.12	8864.84
786.31	9122.47
786.49	9234.29
786.68	9016.39
786.86	8826.34
787.04	9002.87
787.23	8937.75
787.41	8792.34
787.60	8398.72
787.78	8320.90
787.97	8086.20
788.15	8077.19
788.33	8107.91
788.52	8063.67
788.70	8062.44
788.89	8377.83
789.07	8266.83
789.26	8301.24
789.44	8449.51
789.62	8780.05
789.81	8813.23
789.99	8989.76
790.18	8856.24
790.36	8889.41
790.54	8664.55
790.73	8775.55
790.91	8781.28
791.10	8714.11
791.28	8814.05
791.46	8695.68
791.65	8576.89
791.83	8765.72
792.02	8653.08
792.20	8710.42
792.38	8627.27
792.57	8461.39
792.75	8159.93
792.94	7944.07
793.12	7583.22
793.30	7303.47
793.49	7512.36
793.67	7758.12
793.85	7700.36
794.04	7899.83
794.22	7782.28
794.41	8028.04
794.59	8225.05
794.77	8535.52
794.96	8855.01
795.14	8644.48
795.32	8556.00
795.51	8717.38
795.69	8615.39
795.87	8520.78
796.06	8096.85
796.24	7430.85
796.43	7323.13
796.61	7212.13
796.79	7061.81
796.98	6901.65
797.16	6965.55
797.34	7308.38
797.53	7394.40
797.71	7200.66
797.89	7280.12
798.08	7245.30
798.26	7057.30
798.44	6922.54
798.63	7014.70
798.81	7094.57
798.99	7146.18
799.18	7144.95
799.36	7015.52
799.54	7111.37
799.73	7448.05
799.91	7723.30
800.09	7646.30
800.28	7820.78
800.46	7510.31
800.64	7351.80
800.83	7195.74
801.01	6975.79
801.19	6922.13
801.37	6838.99
801.56	6843.08
801.74	6773.04
801.92	6776.73
802.11	7057.30
802.29	7131.44
802.47	7012.24
802.66	7127.75
802.84	7050.75
803.02	6866.43
803.20	6731.67
803.39	6607.16
803.57	6231.56
803.75	6469.53
803.94	6552.27
804.12	6547.36
804.30	6450.28
804.48	6216.40
804.67	6068.13
804.85	6170.94
805.03	6236.88
805.22	6401.95
805.40	6496.98
805.58	6543.67
805.76	6394.58
805.95	6218.86
806.13	6252.04
806.31	6434.31
806.49	6194.70
806.68	5957.13
806.86	6080.01
807.04	5966.96
807.23	5693.76
807.41	5752.33
807.59	6010.38
807.77	5981.71
807.96	5910.03
808.14	5897.33
808.32	5911.26
808.50	5723.66
808.69	5661.40
808.87	5375.10
809.05	5296.46
809.23	5209.21
809.41	5309.97
809.60	5493.06
809.78	5611.02
809.96	5762.16
810.14	5639.29
810.33	5601.60
810.51	5510.67
810.69	5407.05
810.87	5540.98
811.06	5590.14
811.24	5621.26
811.42	5591.77
811.60	5454.97
811.78	5394.35
811.97	5308.33
812.15	5175.63
812.33	5088.79
812.51	5031.86
812.69	5070.77
812.88	5109.68
813.06	4913.08
813.24	4744.73
813.42	4902.43
813.61	5030.63
813.79	4795.93
813.97	4724.66
814.15	4657.08
814.33	4649.71
814.51	4511.68
814.70	4508.40
814.88	4452.28
815.06	4451.46
815.24	4467.85
815.42	4449.01
815.61	4393.30
815.79	4349.07
815.97	4206.94
816.15	4369.14
816.33	4403.54
816.51	4327.36
816.70	4283.12
816.88	4153.28
817.06	4104.13
817.24	4005.83
817.42	3908.34
817.60	3948.07
817.79	3827.24
817.97	3853.05
818.15	3707.23
818.33	3632.28
818.51	3617.94
818.69	3503.26
818.88	3617.12
819.06	3524.14
819.24	3719.93
819.42	3657.26
819.60	3616.71
819.78	3565.51
819.96	3550.77
820.15	3364.40
820.33	3190.74
820.51	3248.08
820.69	3182.13
820.87	3137.90
821.05	2988.81
821.23	2895.42
821.42	2892.55
821.60	2962.59
821.78	2869.61
821.96	2767.22
822.14	2716.02
822.32	2734.04
822.50	2661.54
822.68	2591.91
822.87	2543.58
823.05	2600.92
823.23	2610.75
823.41	2475.99
823.59	2397.76
823.77	2355.16
823.95	2254.40
824.13	2319.53
824.31	2210.58
824.50	2224.09
824.68	2218.77
824.86	2070.09
825.04	1997.59
825.22	2035.68
825.40	2071.73
825.58	1985.71
825.76	1880.04
825.94	1937.38
826.12	1881.26
826.30	1863.65
826.49	1708.01
826.67	1723.98
826.85	1667.05
827.03	1588.40
827.21	1685.48
827.39	1633.05
827.57	1569.56
827.75	1475.77
827.93	1550.31
828.11	1473.72
828.29	1413.92
828.47	1310.70
828.65	1240.25
828.83	1181.27
829.02	1193.97
829.20	1183.32
829.38	1138.26
829.56	1085.42
829.74	1096.48
829.92	1102.22
830.10	1073.95
830.28	1017.02
830.46	1046.92
830.64	895.37
830.82	933.87
831.00	889.23
831.18	891.28
831.36	845.40
831.54	886.77
831.72	806.49
831.90	856.05
832.08	707.78
832.26	777.82
832.44	783.14
832.62	634.05
832.80	622.17
832.98	651.25
833.16	534.93
833.35	668.87
833.53	525.51
833.71	491.51
833.89	475.95
834.07	514.86
834.25	417.38
834.43	363.72
834.61	432.94
834.79	457.93
834.97	399.35
835.15	377.24
835.33	335.05
835.51	315.39
835.69	297.77
835.87	298.59
836.05	213.40
836.23	261.32
836.41	256.82
836.59	321.12
836.77	244.12
836.95	259.68
837.13	238.38
837.31	202.34
837.49	225.69
837.67	149.50
837.84	217.08
838.02	136.39
838.20	154.42
838.38	174.90
838.56	147.45
838.74	160.97
838.92	100.76
839.10	97.48
839.28	176.53
839.46	90.11
839.64	108.54
839.82	59.80
840.00	67.17
840.18	56.11
840.36	131.48
840.54	-54.89
840.72	22.53
840.90	44.65
841.08	48.74
841.26	110.18
841.44	28.67
841.62	-1.64
841.80	-19.66
841.98	60.62
842.15	92.16
842.33	78.23
842.51	93.39
842.69	59.80
842.87	0.00
843.05	-3.69
843.23	-20.07
843.41	36.45
843.59	15.15
843.77	39.73
843.95	-21.30
844.13	29.90
844.31	63.90
844.49	-35.63
844.66	13.11
844.84	102.81
845.02	-33.59
845.20	-76.59
845.38	13.11
845.56	43.42
845.74	-58.98
845.92	-9.83
846.10	-29.08
846.28	66.76
846.46	-22.94
846.63	15.97
846.81	77.41
846.99	63.90
847.17	13.93
847.35	8.19
847.53	52.84
847.71	3.69
847.89	74.55
848.07	-16.79
848.24	61.44
848.42	9.01
848.60	21.71
848.78	-15.97
848.96	61.44
849.14	58.16
849.32	25.39
849.50	34.82
849.67	76.59
849.85	-6.55
850.03	88.06
850.21	-2.87
850.39	2.46
850.57	-57.34
850.75	-65.13
850.92	-3.28
851.10	-36.45
851.28	-9.83
851.46	5.32
851.64	67.17
851.82	-2.87
852.00	-34.82
852.17	-15.56
852.35	-50.38
852.53	49.15
852.71	21.30
852.89	-13.93
853.07	-22.12
853.24	24.99
853.42	2.05
853.60	19.66
853.78	0.41
853.96	34.82
854.14	6.96
854.31	4.92
854.49	22.53
854.67	16.38
854.85	-59.80
855.03	31.95
855.21	13.93
855.38	-80.69
855.56	37.68
855.74	77.82
855.92	128.61
856.10	61.85
856.27	-15.97
856.45	-54.89
856.63	-12.29
856.81	-48.74
856.99	17.20
857.16	-20.48
857.34	17.20
857.52	5.32
857.70	6.55
857.88	-49.97
858.05	-90.52
858.23	18.43
858.41	-19.66
858.59	15.97
858.77	43.42
858.94	52.43
859.12	-34.41
859.30	-4.10
859.48	6.55
859.65	-31.13
859.83	62.26
860.01	-19.25
860.19	18.84
860.36	49.15
860.54	22.53
860.72	-77.82
860.90	4.51
861.08	-9.01
861.25	124.52
861.43	25.39
861.61	43.42
861.79	32.36
861.96	-51.20
862.14	-24.58
862.32	52.43
862.50	-20.07
862.67	49.56
862.85	-14.34
863.03	-55.30
863.21	8.19
863.38	7.37
863.56	-26.62
863.74	29.08
863.91	-22.94
864.09	-18.43
864.27	26.62
864.45	57.34
864.62	-22.53
864.80	-31.13
864.98	-85.20
865.16	31.95
865.33	-38.09
865.51	-22.94
865.69	67.99
865.86	-29.49
866.04	-7.37
866.22	-24.99
866.40	17.20
866.57	2.46
866.75	-54.07
866.93	-33.18
867.10	-13.93
867.28	-4.92
867.46	-18.02
867.63	10.65
867.81	4.51
867.99	6.14
868.17	20.48
868.34	32.36
868.52	29.49
868.70	-81.10
868.87	90.52
869.05	0.00
869.23	20.07
869.40	-5.73
869.58	-48.33
869.76	-22.12
869.93	-44.65
870.11	90.52
870.29	13.93
870.46	-20.07
870.64	-6.55
870.82	77.00
870.99	40.55
871.17	-36.45
871.35	-42.60
871.52	-43.83
871.70	67.17
871.88	109.77
872.05	-5.32
872.23	-31.95
872.41	4.10
872.58	-35.23
872.76	20.07
872.94	19.25
873.11	-55.70
873.29	-40.55
873.47	12.70
873.64	79.87
873.82	6.96
873.99	-116.32
874.17	4.51
874.35	-29.90
874.52	-30.31
874.70	83.97
874.88	-11.47
875.05	-2.87
875.23	-49.97
875.41	7.78
875.58	-42.19
875.76	-17.61
875.93	51.61
876.11	-58.16
876.29	-16.79
876.46	-9.42
876.64	27.85
876.81	29.08
876.99	103.63
877.17	-55.70
877.34	36.86
877.52	-6.96
877.69	-61.03
877.87	0.82
878.05	81.51
878.22	3.69
878.40	16.38
878.57	50.38
878.75	-23.76
878.93	61.85
879.10	-27.44
879.28	9.42
879.45	12.29
879.63	29.49
879.81	116.32
879.98	10.65
880.16	4.92
880.33	-28.26
880.51	40.14
880.68	9.83
880.86	9.83
881.04	105.68
881.21	0.41
881.39	-28.26
881.56	100.35
881.74	35.63
881.91	2.87
882.09	-96.66
882.26	15.97
882.44	-4.10
882.62	-29.49
882.79	-74.55
882.97	16.79
883.14	-11.06
883.32	43.42
883.49	1.64
883.67	32.36
883.84	-3.28
884.02	67.99
884.19	-21.30
884.37	6.14
884.55	58.98
884.72	23.76
884.90	-24.58
885.07	29.08
885.25	28.26
885.42	31.54
885.60	53.25
885.77	14.75
885.95	56.52
886.12	49.15
886.30	-32.77
886.47	-6.14
886.65	-53.25
886.82	9.01
887.00	-49.56
887.17	30.31
887.35	-6.14
887.52	60.21
887.70	38.09
887.87	93.80
888.05	9.42
888.22	5.73
888.40	-70.86
888.57	-6.14
888.75	4.51
888.92	-35.23
889.10	-51.61
889.27	-6.14
889.45	47.10
889.62	34.00
889.80	39.32
889.97	31.95
890.15	-5.32
890.32	5.32
890.50	-45.87
890.67	29.08
890.85	63.49
891.02	4.92
891.20	21.30
891.37	47.10
891.54	-10.65
891.72	20.07
891.89	36.86
892.07	-38.09
892.24	-26.21
892.42	22.53
892.59	-34.00
892.77	51.20
892.94	-72.50
893.12	-43.83
893.29	-15.56
893.46	-47.92
893.64	37.27
893.81	11.88
893.99	-63.08
894.16	-1.23
894.34	55.70
894.51	-23.35
894.68	-27.03
894.86	50.79
895.03	35.23
895.21	56.93
895.38	12.29
895.56	-42.19
895.73	-41.78
895.90	18.02
896.08	-22.12
896.25	6.55
896.43	-21.30
896.60	-3.28
896.78	-67.99
896.95	18.84
897.12	-75.37
897.30	30.72
897.47	21.71
897.65	50.79
897.82	28.67
897.99	29.08
898.17	18.84
898.34	79.87
898.52	-53.66
898.69	-9.42
898.86	-55.70
899.04	-0.41
899.21	51.61
899.39	38.91
899.56	-12.29
899.73	18.43
899.91	23.35
900.08	-54.89
900.25	-26.21
900.43	-4.92
900.60	-33.18
900.78	-111.41
900.95	-3.28
901.12	-14.34
901.30	-45.46
901.47	-50.38
901.64	3.28
901.82	-87.65
901.99	0.82
902.16	16.79
902.34	28.26
902.51	-63.08
902.69	-61.44
902.86	52.43
903.03	11.88
903.21	24.17
903.38	15.15
903.55	28.67
903.73	39.32
903.90	-42.19
904.07	-55.30
904.25	18.84
904.42	-6.96
904.59	47.10
904.77	-35.23
904.94	-34.82
905.11	-29.90
905.29	18.43
905.46	22.12
905.63	-38.91
905.81	-45.87
905.98	-45.46
906.15	96.25
906.33	37.68
906.50	36.04
906.67	31.13
906.84	65.13
907.02	-61.03
907.19	0.41
907.36	25.39
907.54	-31.13
907.71	-24.17
907.88	17.61
908.06	-20.07
908.23	-42.60
908.40	-42.60
908.57	-4.92
908.75	-81.51
908.92	16.38
909.09	-17.61
909.27	-6.55
909.44	-31.95
909.61	-64.31
909.78	-54.07
909.96	48.33
910.13	-45.06
910.30	-0.82
910.48	51.61
910.65	16.79
910.82	-23.35
910.99	31.95
911.17	14.34
911.34	9.01
911.51	-19.66
911.68	33.18
911.86	-27.03
912.03	19.25
912.20	16.79
912.37	-36.04
912.55	-45.06
912.72	102.81
912.89	11.06
913.06	12.29
913.24	3.69
913.41	24.17
913.58	41.78
913.75	-67.17
913.93	-0.82
914.10	-32.77
914.27	12.29
914.44	-31.95
914.62	64.31
914.79	20.48
914.96	86.42
915.13	22.12
915.31	46.28
915.48	45.87
915.65	-34.82
915.82	19.66
915.99	17.61
916.17	-84.79
916.34	34.41
916.51	-122.88
916.68	30.31
916.85	27.85
917.03	-40.55
917.20	-36.45
917.37	-9.83
917.54	60.62
917.71	-20.07
917.89	50.79
918.06	2.87
918.23	-76.18
918.40	98.71
918.57	20.48
918.75	-59.80
918.92	61.03
919.09	0.41
919.26	10.65
919.43	41.78
919.61	-48.33
919.78	4.51
919.95	9.01
920.12	13.93
920.29	-79.87
920.46	41.78
920.64	45.06
920.81	70.04
920.98	34.00
921.15	-114.28
921.32	34.00
921.49	-17.20
921.67	17.20
921.84	-72.50
922.01	50.79
922.18	15.97
922.35	61.85
922.52	-11.06
922.69	73.73
922.87	56.93
923.04	-20.07
923.21	-32.77
923.38	-29.90
923.55	-115.10
923.72	11.06
923.89	55.70
924.07	-83.15
924.24	-46.28
924.41	10.65
924.58	-55.70
924.75	75.77
924.92	-2.87
925.09	20.48
925.26	-9.01
925.44	11.06
925.61	-27.44
925.78	-45.06
925.95	12.29
926.12	5.73
926.29	38.09
926.46	-20.07
926.63	71.27
926.80	-17.20
926.98	-41.37
927.15	-14.34
927.32	71.27
927.49	-74.14
927.66	44.65
927.83	18.02
928.00	-45.87
928.17	-9.42
928.34	27.44
928.51	-18.84
928.69	-52.43
928.86	-37.27
929.03	100.35
929.20	48.33
929.37	-29.90
929.54	-25.39
929.71	71.27
929.88	28.67
930.05	-53.25
930.22	34.82
930.39	-58.98
930.56	38.50
930.73	2.05
930.90	43.42
931.08	-27.03
931.25	47.51
931.42	84.79
931.59	-65.94
931.76	-3.69
931.93	4.92
932.10	39.73
932.27	31.54
932.44	-11.47
932.61	36.45
932.78	-1.64
932.95	64.31
933.12	-47.10
933.29	-33.59
933.46	7.37
933.63	38.91
933.80	-101.17
933.97	2.87
934.14	49.97
934.31	27.03
934.48	30.72
934.65	28.67
934.82	-47.10
934.99	33.18
935.16	-31.13
935.33	36.04
935.50	41.37
935.67	-12.70
935.85	-81.51
936.02	24.58
936.19	-32.77
936.36	-13.11
936.53	-40.55
936.70	31.95
936.87	-67.17
937.04	-32.36
937.21	9.83
937.38	-54.48
937.55	-5.73
937.72	35.63
937.88	-94.21
938.05	75.37
938.22	-31.54
938.39	-29.08
938.56	-4.51
938.73	23.35
938.90	-15.97
939.07	5.32
939.24	5.73
939.41	-91.34
939.58	-40.14
939.75	-39.73
939.92	-8.19
940.09	-43.01
940.26	-20.89
940.43	-86.01
940.60	-11.47
940.77	75.37
940.94	78.23
941.11	2.46
941.28	95.84
941.45	-14.75
941.62	-58.98
941.79	-11.47
941.96	36.45
942.13	-0.41
942.30	-83.97
942.47	15.97
942.63	-19.25
942.80	30.31
942.97	-23.35
943.14	-2.05
943.31	-7.78
943.48	-53.25
943.65	28.26
943.82	25.39
943.99	-18.43
944.16	-73.73
944.33	54.89
944.50	-52.02
944.67	14.75
944.83	-31.95
945.00	-18.84
945.17	-69.22
945.34	30.31
945.51	-8.19
945.68	-22.94
945.85	2.05
946.02	46.28
946.19	-65.13
946.36	4.92
946.53	39.32
946.69	80.28
946.86	-29.08
947.03	-97.89
947.20	45.46
947.37	27.85
947.54	-33.18
947.71	-32.36
947.88	-19.66
948.05	-33.59
948.21	47.92
948.38	25.80
948.55	67.58
948.72	25.80
948.89	19.66
949.06	-95.03
949.23	-42.19
949.40	-11.06
949.56	-80.69
949.73	-20.48
949.90	-13.11
950.07	-39.32
950.24	-11.06
950.41	6.96
950.58	17.20
950.74	74.96
950.91	15.56
951.08	69.63
951.25	-30.72
951.42	20.48
951.59	22.53
951.75	9.83
951.92	-54.07
952.09	-41.37
952.26	-61.85
952.43	40.55
952.60	41.37
952.76	-55.70
952.93	-8.19
953.10	41.37
953.27	9.83
953.44	13.93
953.61	-13.93
953.77	3.69
953.94	15.15
954.11	-25.39
954.28	-9.42
954.45	-81.51
954.61	-60.21
954.78	-152.78
954.95	25.39
955.12	-12.70
955.29	-4.10
955.45	27.85
955.62	-5.73
955.79	40.96
955.96	1.23
956.13	7.78
956.29	-4.92
956.46	39.32
956.63	-43.42
956.80	9.42
956.97	40.55
957.13	76.59
957.30	-4.51
957.47	-18.43
957.64	-45.87
957.80	66.35
957.97	-35.23
958.14	20.07
958.31	-16.79
958.48	-5.73
958.64	12.70
958.81	-17.61
958.98	1.64
959.15	-39.32
959.31	-20.48
959.48	-4.51
959.65	-11.06
959.82	58.16
959.98	-16.79
960.15	-83.56
960.32	-7.78
960.49	7.37
960.65	2.46
960.82	96.25
960.99	58.16
961.16	16.79
961.32	-52.02
961.49	4.10
961.66	-26.62
961.83	-19.66
961.99	37.68
962.16	23.76
962.33	12.29
962.49	-87.65
962.66	-22.53
962.83	28.67
963.00	2.46
963.16	-6.96
963.33	15.56
963.50	-11.88
963.66	-1.23
963.83	20.07
964.00	-45.87
964.17	-6.14
964.33	36.86
964.50	9.01
964.67	0.82
964.83	23.35
965.00	-81.51
965.17	-38.09
965.33	93.39
965.50	-55.70
965.67	16.38
965.84	3.28
966.00	-70.86
966.17	34.82
966.34	-36.86
966.50	67.58
966.67	11.88
966.84	-68.40
967.00	-58.57
967.17	-26.21
967.34	0.82
967.50	-53.25
967.67	53.66
967.84	-34.82
968.00	15.15
968.17	24.58
968.34	-31.95
968.50	59.80
968.67	-38.91
968.84	-78.64
969.00	-106.08
969.17	-26.21
969.34	49.56
969.50	13.11
969.67	-17.20
969.83	-48.33
970.00	-41.78
970.17	-38.91
970.33	9.01
970.50	-45.87
970.67	89.29
970.83	-8.19
971.00	20.07
971.17	96.66
971.33	38.50
971.50	-34.00
971.66	-27.44
971.83	12.29
972.00	-62.26
972.16	-54.07
972.33	-16.38
972.50	89.29
972.66	49.15
972.83	158.51
972.99	-96.25
973.16	-27.03
973.33	64.72
973.49	6.96
973.66	-26.21
973.82	-1.23
973.99	57.34
974.16	69.63
974.32	0.82
974.49	18.84
974.65	-5.73
974.82	-71.27
974.99	56.52
975.15	-11.47
975.32	24.58
975.48	-38.91
975.65	-42.19
975.81	31.95
975.98	-56.11
976.15	11.06
976.31	19.25
976.48	-23.35
976.64	12.70
976.81	140.08
976.97	-23.76
977.14	-2.87
977.31	18.43
977.47	43.42
977.64	-29.49
977.80	84.79
977.97	54.07
978.13	-86.01
978.30	-35.23
978.46	-24.99
978.63	51.20
978.79	-4.51
978.96	-11.88
979.13	-1.64
979.29	-61.85
979.46	-6.14
979.62	-68.81
979.79	9.83
979.95	2.05
980.12	19.66
980.28	-2.87
980.45	46.28
980.61	5.73
980.78	12.29
980.94	-96.25
981.11	1.64
981.27	28.67
981.44	-31.13
981.60	-38.91
981.77	-24.99
981.93	-7.78
982.10	-2.87
982.26	-6.14
982.43	8.60
982.59	30.31
982.76	-20.48
982.92	66.35
983.09	-47.92
983.25	4.10
983.42	-32.77
983.58	38.91
983.75	58.98
983.91	-29.49
984.08	-15.97
984.24	-41.78
984.41	-45.87
984.57	28.67
984.74	29.49
984.90	-25.80
985.07	-27.85
985.23	77.82
985.40	-1.64
985.56	-19.25
985.73	-44.24
985.89	-70.04
986.06	49.15
986.22	11.47
986.38	62.26
986.55	-49.15
986.71	71.68
986.88	-15.56
987.04	-48.33
987.21	-24.99
987.37	-37.68
987.54	1.64
987.70	-47.10
987.87	11.06
988.03	39.32
988.19	-17.61
988.36	26.62
988.52	-13.11
988.69	39.73
988.85	16.38
989.02	14.34
989.18	27.85
989.34	7.37
989.51	2.87
989.67	-14.75
989.84	56.52
990.00	77.00
990.16	67.58
990.33	6.96
990.49	55.30
990.66	45.87
990.82	-2.05
990.99	95.84
991.15	-2.05
991.31	-20.07
991.48	15.15
991.64	28.67
991.81	-93.80
991.97	22.94
992.13	-43.01
992.30	-79.05
992.46	-50.79
992.62	50.38
992.79	-41.37
992.95	-34.82
993.12	-57.75
993.28	-20.89
993.44	-38.09
993.61	7.37
993.77	-21.30
993.94	31.54
994.10	-38.50
994.26	-2.87
994.43	71.27
994.59	-47.10
994.75	-8.60
994.92	-56.11
995.08	40.55
995.24	22.94
995.41	38.09
995.57	-17.20
995.73	-24.17
995.90	10.24
996.06	189.23
996.23	-9.42
996.39	-36.45
996.55	-25.39
996.72	45.46
996.88	20.07
997.04	23.76
997.21	-20.07
997.37	-55.30
997.53	19.66
997.70	-67.17
997.86	-13.52
998.02	21.71
998.19	-49.56
998.35	21.30
998.51	-6.14
998.67	4.51
998.84	65.94
999.00	56.52
999.16	-13.11
999.33	47.92
999.49	11.06
999.65	-25.80
999.82	32.36
999.98	98.71
1000.14	24.17
1000.31	-30.31
1000.47	0.41
1000.63	-26.62
1000.79	64.31
1000.96	115.92
1001.12	-34.00
1001.28	23.76
1001.45	-41.78
1001.61	0.00
1001.77	-11.06
1001.93	0.82
1002.10	63.90
1002.26	49.15
1002.42	43.01
1002.59	-11.88
1002.75	-3.69
1002.91	15.56
1003.07	20.89
1003.24	83.56
1003.40	-98.30
1003.56	-22.53
1003.72	-51.61
1003.89	45.46
1004.05	-46.69
1004.21	4.10
1004.37	-83.15
1004.54	19.25
1004.70	-25.39
1004.86	1.23
1005.02	5.73
1005.19	-7.37
1005.35	70.86
1005.51	-38.91
1005.67	27.03
1005.84	-11.88
1006.00	27.85
1006.16	39.73
1006.32	2.05
1006.48	-36.86
1006.65	-45.06
1006.81	-37.27
1006.97	16.38
1007.13	13.11
1007.30	20.07
1007.46	57.34
1007.62	5.73
1007.78	-0.82
1007.94	47.51
1008.11	-43.42
1008.27	-31.13
1008.43	91.75
1008.59	7.78
1008.75	-17.20
1008.92	-62.67
1009.08	39.32
1009.24	-41.37
1009.40	-24.58
1009.56	59.39
1009.73	-31.54
1009.89	-52.43
1010.05	54.07
1010.21	-55.70
1010.37	-106.49
1010.54	-87.24
1010.70	19.66
1010.86	66.76
1011.02	-29.90
1011.18	-13.11
1011.34	-7.78
1011.51	-9.01
1011.67	16.79
1011.83	22.12
1011.99	-49.56
1012.15	47.51
1012.31	-36.04
1012.48	-24.99
1012.64	-30.72
1012.80	-18.43
1012.96	-12.29
1013.12	-49.15
1013.28	76.18
1013.44	-35.63
1013.61	119.60
1013.77	-33.18
1013.93	-51.20
1014.09	36.45
1014.25	-12.70
1014.41	-14.34
1014.57	56.11
1014.74	-5.32
1014.90	-17.61
1015.06	79.05
1015.22	-7.78
1015.38	-10.65
1015.54	86.42
1015.70	-40.14
1015.86	-9.01
1016.03	15.97
1016.19	16.79
1016.35	-20.48
1016.51	15.97
1016.67	55.70
1016.83	-11.47
1016.99	80.28
1017.15	-4.51
1017.31	-42.19
1017.47	-49.56
1017.64	-34.00
1017.80	-107.31
1017.96	-22.94
1018.12	-9.42
1018.28	27.03
1018.44	24.58
1018.60	21.30
1018.76	17.20
1018.92	58.98
1019.08	-69.63
1019.24	-20.48
1019.40	-63.49
1019.57	-79.87
1019.73	-67.58
1019.89	8.60
1020.05	17.61
1020.21	16.38
1020.37	10.24
1020.53	9.01
1020.69	18.84
1020.85	13.93
1021.01	-9.42
1021.17	-86.83
1021.33	2.46
1021.49	21.71
1021.65	4.51
1021.81	2.05
1021.97	-22.12
1022.13	11.47
1022.29	31.13
1022.46	22.12
1022.62	61.85
1022.78	22.53
1022.94	2.87
1023.10	-15.15
1023.26	78.23
1023.42	-0.82
1023.58	77.82
1023.74	-21.30
1023.90	-16.79
1024.06	42.19
1024.22	49.56
1024.38	-8.60
1024.54	4.10
1024.70	-47.92
1024.86	16.38
1025.02	-56.52
1025.18	9.42
1025.34	-3.28
1025.50	13.52
1025.66	-63.08
1025.82	-97.48
1025.98	84.79
1026.14	-27.44
1026.30	-58.98
1026.46	11.47
1026.62	47.10
1026.78	5.32
1026.94	-30.72
1027.10	-24.99
1027.26	54.48
1027.42	63.90
1027.58	-66.76
1027.74	18.43
1027.90	-47.51
1028.06	18.43
1028.22	4.10
1028.38	0.41
1028.54	6.55
1028.70	-13.93
1028.85	-9.01
1029.01	10.65
1029.17	-4.92
1029.33	17.61
1029.49	-61.85
1029.65	-12.70
1029.81	15.97
1029.97	-22.53
1030.13	1.23
1030.29	-54.48
1030.45	-8.60
1030.61	-13.11
1030.77	-6.55
1030.93	32.77
1031.09	48.74
1031.25	-31.13
1031.41	-18.43
1031.57	39.32
1031.72	8.19
1031.88	-23.76
1032.04	72.09
1032.20	-65.94
1032.36	45.06
1032.52	-5.73
1032.68	74.55
1032.84	-36.86
1033.00	6.96
1033.16	-28.67
1033.32	15.56
1033.48	1.64
1033.63	-15.15
1033.79	-2.46
1033.95	5.32
1034.11	27.44
1034.27	59.80
1034.43	-35.63
1034.59	-24.99
1034.75	52.43
1034.91	-47.51
1035.06	7.37
