-0.142133   1288.81   2.01066e-11   0
-0.141023   1282.69   1.83236e-11   0
-0.139912   1276.63   1.70933e-11   0
-0.138802   1270.62   2.65997e-11   0
-0.137692   1264.67   2.08985e-11   0
-0.136581   1258.77   1.52227e-11   0
-0.135471   1252.93   1.37684e-11   0
-0.13436   1247.14   4.57787e-11   0
-0.13325   1241.41   1.1631e-10   0
-0.132139   1235.73   1.57773e-10   0
-0.131029   1230.1   2.04948e-10   0
-0.129919   1224.52   1.83655e-10   0
-0.128808   1218.99   1.48075e-10   0
-0.127698   1213.51   5.9555e-11   0
-0.126587   1208.08   3.51706e-11   0
-0.125477   1202.7   1.34963e-11   0
-0.124367   1197.36   1.8618e-11   0
-0.123256   1192.08   2.52566e-11   0
-0.122146   1186.84   9.05059e-11   0
-0.121035   1181.64   1.96566e-10   0
-0.119925   1176.49   2.80382e-10   0
-0.118814   1171.39   2.0819e-10   0
-0.117704   1166.33   3.99698e-10   0
-0.116594   1161.31   4.34617e-10   0
-0.115483   1156.34   4.15149e-10   0
-0.114373   1151.41   3.68521e-09   0
-0.113262   1146.52   1.38495e-08   0
-0.112152   1141.67   2.85119e-08   0
-0.111042   1136.86   4.09665e-08   0
-0.109931   1132.09   5.70585e-08   0
-0.108821   1127.37   8.53536e-08   0
-0.10771   1122.68   1.29726e-07   0
-0.1066   1118.03   1.77615e-07   0
-0.105489   1113.42   2.07411e-07   0
-0.104379   1108.85   2.12755e-07   0
-0.103269   1104.31   2.09063e-07   0
-0.102158   1099.81   2.06525e-07   0
-0.101048   1095.35   1.95027e-07   0
-0.0999374   1090.93   1.63396e-07   0
-0.098827   1086.54   1.44247e-07   0
-0.0977166   1082.18   2.44282e-07   0
-0.0966062   1077.86   5.36463e-07   0
-0.0954958   1073.57   8.94958e-07   0
-0.0943853   1069.32   1.12999e-06   0
-0.0932749   1065.1   1.19525e-06   0
-0.0921645   1060.92   1.18399e-06   0
-0.0910541   1056.77   1.33838e-06   0
-0.0899437   1052.65   2.05653e-06   0
-0.0888333   1048.56   3.19625e-06   0
-0.0877228   1044.5   3.72627e-06   0
-0.0866124   1040.48   2.86196e-06   0
-0.085502   1036.48   1.4217e-06   0
-0.0843916   1032.52   1.74479e-06   0
-0.0832812   1028.58   5.36692e-06   0
-0.0821708   1024.68   1.17861e-05   0
-0.0810603   1020.81   2.01785e-05   0
-0.0799499   1016.96   3.05942e-05   0
-0.0788395   1013.14   4.22996e-05   0
-0.0777291   1009.36   5.14942e-05   0
-0.0766187   1005.6   5.40432e-05   0
-0.0755083   1001.87   4.9449e-05   0
-0.0743979   998.162   4.05615e-05   0
-0.0732874   994.485   3.06756e-05   0
-0.072177   990.835   2.6924e-05   0
-0.0710666   987.212   4.37924e-05   0
-0.0699562   983.616   9.40378e-05   0
-0.0688458   980.045   0.000164697   0
-0.0677354   976.501   0.000221778   0
-0.0666249   972.982   0.00024386   0
-0.0655145   969.488   0.000228393   0
-0.0644041   966.019   0.00018388   0
-0.0632937   962.575   0.000124875   0
-0.0621833   959.155   6.81225e-05   0
-0.0610729   955.76   3.05416e-05   0
-0.0599624   952.388   1.81985e-05   0
-0.058852   949.041   2.26481e-05   0
-0.0577416   945.716   3.91771e-05   0
-0.0566312   942.415   0.000116354   0
-0.0555208   939.137   0.000338912   0
-0.0544104   935.882   0.000752906   0
-0.0533   932.649   0.00136618   0
-0.0521895   929.438   0.00215111   0
-0.0510791   926.25   0.00300507   0
-0.0499687   923.083   0.00378958   0
-0.0488583   919.937   0.00447714   0
-0.0477479   916.814   0.00517389   0.768098
-0.0466375   913.711   0.0059945   0.76432
-0.045527   910.629   0.00693475   0.75289
-0.0444166   907.568   0.00790756   0.716947
-0.0433062   904.527   0.00890242   0.671438
-0.0421958   901.507   0.0100058   0.652653
-0.0410854   898.507   0.0114664   0.68351
-0.039975   895.527   0.0139083   0.755164
-0.0388646   892.566   0.0179958   0.83658
-0.0377541   889.625   0.023714   0.89905
-0.0366437   886.703   0.0303937   0.929336
-0.0355333   883.801   0.0377759   0.929757
-0.0344229   880.917   0.0470262   0.914597
-0.0333125   878.052   0.0603273   0.900704
-0.0322021   875.206   0.0794991   0.89363
-0.0310916   872.378   0.10487   0.888944
-0.0299812   869.568   0.133646   0.883198
-0.0288708   866.777   0.160087   0.875786
-0.0277604   864.003   0.179838   0.861321
-0.02665   861.247   0.194557   0.830758
-0.0255396   858.508   0.210256   0.778725
-0.0244291   855.787   0.231952   0.706397
-0.0233187   853.083   0.263519   0.619607
-0.0222083   850.396   0.309587   0.531615
-0.0210979   847.726   0.371231   0.460989
-0.0199875   845.072   0.44058   0.418472
-0.0188771   842.436   0.5026   0.401865
-0.0177667   839.815   0.538521   0.401972
-0.0166562   837.211   0.527189   0.406753
-0.0155458   834.623   0.457308   0.400245
-0.0144354   832.051   0.346531   0.358275
-0.013325   829.494   0.238331   0.242014
-0.0122146   826.954   0.174036   0.00943189
-0.0111042   824.429   0.176728   -0.296539
-0.00999374   821.919   0.256093   -0.521057
-0.00888333   819.424   0.408231   -0.608597
-0.00777291   816.945   0.606015   -0.602154
-0.00666249   814.48   0.802916   -0.542093
-0.00555208   812.031   0.949286   -0.450754
-0.00444166   809.596   1   -0.341055
-0.00333125   807.175   0.925178   -0.222761
-0.00222083   804.769   0.738654   -0.10811
-0.00111042   802.378   0.508518   -0.0189177
2.30371e-15   800   0.3149   0
0.00111042   797.637   0.202358   -0.125549
0.00222083   795.287   0.18255   -0.405602
0.00333125   792.951   0.252048   -0.662571
0.00444166   790.629   0.383424   -0.793705
0.00555208   788.321   0.52232   -0.833193
0.00666249   786.026   0.617848   -0.815134
0.00777291   783.744   0.649156   -0.758085
0.00888333   781.475   0.61977   -0.681491
0.00999374   779.22   0.541733   -0.610255
0.0111042   776.978   0.435556   -0.571755
0.0122146   774.748   0.336105   -0.594305
0.013325   772.531   0.277989   -0.693001
0.0144354   770.327   0.27615   -0.833074
0.0155458   768.135   0.320377   -0.945003
0.0166562   765.956   0.378734   -0.995664
0.0177667   763.789   0.415279   -0.991169
0.0188771   761.635   0.415588   -0.946998
0.0199875   759.492   0.390551   -0.88248
0.0210979   757.362   0.354124   -0.823229
0.0222083   755.243   0.309708   -0.79376
0.0233187   753.136   0.259778   -0.805342
0.0244291   751.041   0.214261   -0.854634
0.0255396   748.958   0.18436   -0.927482
0.02665   746.886   0.173775   -1.00088
0.0277604   744.825   0.176721   -1.05238
0.0288708   742.776   0.181178   -1.07118
0.0299812   740.738   0.175808   -1.05548
0.0310916   738.712   0.157381   -1.01112
0.0322021   736.696   0.130841   -0.955516
0.0333125   734.691   0.102358   -0.915756
0.0344229   732.698   0.0758484   -0.91593
0.0355333   730.715   0.0543035   -0.967655
0.0366437   728.742   0.039957   -1.07051
0.0377541   726.781   0.0331068   -1.2041
0.0388646   724.829   0.0317778   -1.32564
0.039975   722.889   0.0323368   -1.40198
0.0410854   720.958   0.0310729   -1.42792
0.0421958   719.038   0.0266923   -1.40935
0.0433062   717.128   0.0208736   -1.35843
0.0444166   715.229   0.0157086   -1.30251
0.045527   713.339   0.0117653   -1.28563
0.0466375   711.459   0.00879244   -1.33969
0.0477479   709.589   0.0066542   -1.4594
0.0488583   707.729   0.00527165   -1.60185
0.0499687   705.879   0.00442926   0
0.0510791   704.038   0.00386651   0
0.0521895   702.207   0.00336376   0
0.0533   700.386   0.00282677   0
0.0544104   698.573   0.00227259   0
0.0555208   696.771   0.00173198   0
0.0566312   694.977   0.00123228   0
0.0577416   693.193   0.000829345   0
0.058852   691.417   0.000573499   0
0.0599624   689.651   0.000433828   0
0.0610729   687.894   0.000349345   0
0.0621833   686.146   0.000293246   0
0.0632937   684.407   0.000261288   0
0.0644041   682.676   0.000238641   0
0.0655145   680.954   0.000201297   0
0.0666249   679.241   0.000145657   0
0.0677354   677.537   9.13095e-05   0
0.0688458   675.841   5.19701e-05   0
0.0699562   674.153   2.79106e-05   0
0.0710666   672.474   1.43811e-05   0
0.072177   670.803   8.20221e-06   0
0.0732874   669.141   8.01922e-06   0
0.0743979   667.486   1.03546e-05   0
0.0755083   665.84   1.12356e-05   0
0.0766187   664.202   9.64647e-06   0
0.0777291   662.572   6.96453e-06   0
0.0788395   660.95   4.46686e-06   0
0.0799499   659.336   2.48551e-06   0
0.0810603   657.73   1.10953e-06   0
0.0821708   656.131   4.10704e-07   0
0.0832812   654.541   2.3665e-07   0
0.0843916   652.958   2.30031e-07   0
0.085502   651.382   1.49847e-07   0
0.0866124   649.815   4.51667e-08   0
0.0877228   648.254   2.9784e-08   0
0.0888333   646.702   8.14999e-08   0
0.0899437   645.156   1.10069e-07   0
0.0910541   643.618   7.62364e-08   0
0.0921645   642.088   3.8606e-08   0
0.0932749   640.564   2.0492e-08   0
0.0943853   639.048   1.08582e-08   0
0.0954958   637.539   5.36287e-09   0
0.0966062   636.037   2.5044e-09   0
0.0977166   634.542   3.86763e-09   0
0.098827   633.054   7.29215e-09   0
0.0999374   631.574   1.12859e-08   0
0.101048   630.1   1.61256e-08   0
0.102158   628.632   1.83256e-08   0
0.103269   627.172   1.41614e-08   0
0.104379   625.719   7.10998e-09   0
0.105489   624.272   3.91121e-09   0
0.1066   622.832   3.87651e-09   0
0.10771   621.398   5.08449e-09   0
0.108821   619.971   5.50975e-09   0
0.109931   618.551   6.19043e-09   0
0.111042   617.137   6.33043e-09   0
0.112152   615.73   5.95084e-09   0
0.113262   614.329   5.05448e-09   0
0.114373   612.934   3.62593e-09   0
0.115483   611.546   1.89436e-09   0
0.116594   610.164   1.57313e-09   0
0.117704   608.788   1.66186e-09   0
0.118814   607.418   1.45118e-09   0
0.119925   606.055   6.96299e-10   0
0.121035   604.697   1.97947e-10   0
0.122146   603.346   9.4259e-11   0
0.123256   602.001   1.36632e-10   0
0.124367   600.661   1.48002e-10   0
0.125477   599.328   5.55788e-11   0
0.126587   598   2.08952e-11   0
0.127698   596.679   3.73881e-11   0
0.128808   595.363   6.33948e-11   0
0.129919   594.053   1.18065e-10   0
0.131029   592.749   2.37208e-10   0
0.132139   591.45   1.78378e-10   0
0.13325   590.158   3.09903e-10   0
0.13436   588.87   2.13755e-10   0
0.135471   587.589   2.24725e-10   0
0.136581   586.313   1.65129e-10   0
0.137692   585.042   1.96225e-10   0
0.138802   583.777   1.72754e-10   0
0.139912   582.518   1.24541e-10   0
0.141023   581.264   5.79261e-11   0
