593.39	-1.95
593.52	-1.95
593.65	-1.95
593.78	-6.98
593.91	-5.65
594.04	9.65
594.17	6.86
594.31	6.04
594.44	-0.54
594.57	-7.15
594.70	-6.01
594.83	-2.08
594.96	0.09
595.09	-14.96
595.22	-1.81
595.35	-7.82
595.49	-8.82
595.62	-1.76
595.75	-2.50
595.88	9.63
596.01	10.30
596.14	3.81
596.27	-0.64
596.40	5.20
596.53	-5.45
596.66	4.93
596.80	10.90
596.93	11.26
597.06	-4.70
597.19	-2.18
597.32	-13.50
597.45	2.42
597.58	7.32
597.71	-6.26
597.84	1.11
597.98	8.75
598.11	3.69
598.24	-2.89
598.37	-2.50
598.50	-2.58
598.63	-5.46
598.76	3.90
598.89	5.82
599.02	9.10
599.15	3.98
599.28	-19.22
599.42	-28.75
599.55	1.19
599.68	27.34
599.81	-5.21
599.94	-7.82
600.07	-1.93
600.20	-13.62
600.33	-21.68
600.46	-3.34
600.59	1.38
600.72	14.46
600.86	-6.68
600.99	10.25
601.12	-29.60
601.25	-20.52
601.38	-8.80
601.51	3.50
601.64	11.52
601.77	-0.37
601.90	6.37
602.03	-2.44
602.16	9.79
602.29	-5.40
602.43	3.83
602.56	-10.20
602.69	-20.51
602.82	2.11
602.95	-6.85
603.08	-0.68
603.21	-25.07
603.34	-1.80
603.47	-17.15
603.60	-2.08
603.73	-0.87
603.86	-8.03
604.00	-3.87
604.13	-8.04
604.26	2.93
604.39	1.62
604.52	9.51
604.65	-2.96
604.78	4.32
604.91	7.94
605.04	7.08
605.17	-10.71
605.30	-9.30
605.43	-2.42
605.56	2.69
605.69	0.11
605.83	-7.01
605.96	-7.08
606.09	2.44
606.22	-4.75
606.35	0.55
606.48	-11.67
606.61	-2.56
606.74	-22.12
606.87	0.91
607.00	1.62
607.13	-15.70
607.26	3.57
607.39	-5.23
607.52	-14.38
607.65	10.91
607.78	1.98
607.92	-0.76
608.05	-11.34
608.18	1.52
608.31	-12.86
608.44	4.38
608.57	-3.15
608.70	-2.19
608.83	-8.05
608.96	13.24
609.09	-4.29
609.22	9.57
609.35	-1.83
609.48	-8.89
609.61	-1.51
609.74	-3.72
609.87	2.40
610.00	11.16
610.13	15.84
610.27	10.91
610.40	8.67
610.53	7.13
610.66	6.94
610.79	0.37
610.92	-13.71
611.05	-11.83
611.18	-1.57
611.31	-18.33
611.44	-3.07
611.57	21.88
611.70	-2.34
611.83	-11.27
611.96	2.18
612.09	-6.92
612.22	16.42
612.35	-7.78
612.48	2.38
612.61	-5.80
612.74	12.12
612.87	9.32
613.00	5.03
613.14	-15.13
613.27	-8.40
613.40	-3.87
613.53	-3.60
613.66	-8.73
613.79	-15.25
613.92	-15.04
614.05	9.75
614.18	-3.44
614.31	-6.69
614.44	-7.87
614.57	-13.22
614.70	-25.07
614.83	-12.95
614.96	9.62
615.09	13.39
615.22	17.89
615.35	10.23
615.48	-6.93
615.61	-2.34
615.74	8.93
615.87	-8.44
616.00	-5.96
616.13	-6.56
616.26	-3.60
616.39	-1.92
616.52	-8.79
616.65	-4.54
616.78	-11.44
616.91	-7.03
617.04	-4.85
617.17	-16.17
617.30	-7.32
617.44	-5.17
617.57	-4.87
617.70	-6.88
617.83	11.35
617.96	3.47
618.09	-4.73
618.22	-10.39
618.35	-11.10
618.48	16.38
618.61	1.21
618.74	0.77
618.87	3.58
619.00	-5.08
619.13	-26.04
619.26	-12.66
619.39	-4.28
619.52	-7.03
619.65	-5.87
619.78	6.40
619.91	16.32
620.04	14.91
620.17	-4.88
620.30	-2.10
620.43	3.37
620.56	-0.53
620.69	-8.90
620.82	-5.56
620.95	10.53
621.08	-1.41
621.21	-8.76
621.34	-14.70
621.47	7.83
621.60	-14.40
621.73	-3.67
621.86	-6.75
621.99	-1.05
622.12	5.87
622.25	-8.07
622.38	-21.12
622.51	-8.48
622.64	1.08
622.77	10.85
622.90	-8.75
623.03	1.12
623.16	-5.14
623.29	4.13
623.42	0.76
623.55	-6.32
623.68	-7.64
623.81	1.37
623.94	31.68
624.07	6.73
624.20	4.76
624.33	10.30
624.46	1.24
624.59	10.44
624.72	-5.88
624.85	-0.71
624.98	0.72
625.11	8.45
625.24	-14.28
625.37	-7.31
625.50	8.06
625.63	-16.16
625.76	-15.19
625.89	-6.92
626.02	-10.51
626.15	4.40
626.28	13.44
626.41	-6.11
626.54	-16.00
626.67	-8.97
626.80	4.72
626.93	-6.14
627.06	-4.87
627.19	-13.66
627.32	-6.51
627.45	1.91
627.58	-5.41
627.71	-0.33
627.84	2.25
627.97	7.19
628.10	0.92
628.22	-0.12
628.35	-4.73
628.48	-3.92
628.61	-11.66
628.74	7.53
628.87	7.96
629.00	-0.45
629.13	1.88
629.26	-0.03
629.39	5.19
629.52	8.61
629.65	-5.64
629.78	-5.97
629.91	-2.19
630.04	-8.14
630.17	1.04
630.30	6.46
630.43	-18.18
630.56	2.48
630.69	4.01
630.82	-8.24
630.95	-9.71
631.08	0.49
631.21	-9.94
631.34	17.44
631.47	14.89
631.60	-6.10
631.73	9.51
631.86	15.54
631.99	8.40
632.12	10.33
632.25	-1.19
632.38	9.96
632.50	-1.78
632.63	-9.97
632.76	-12.62
632.89	-4.54
633.02	-11.39
633.15	-2.87
633.28	-22.75
633.41	1.03
633.54	5.15
633.67	-13.69
633.80	4.36
633.93	-10.30
634.06	-6.03
634.19	-0.91
634.32	-4.04
634.45	-14.81
634.58	-25.43
634.71	-0.52
634.84	4.40
634.97	2.90
635.10	-3.60
635.23	-11.23
635.35	-23.02
635.48	6.87
635.61	-11.48
635.74	2.25
635.87	8.32
636.00	12.60
636.13	8.02
636.26	-10.40
636.39	5.69
636.52	-10.32
636.65	-9.08
636.78	-1.56
636.91	-3.63
637.04	-4.06
637.17	-0.81
637.30	-0.15
637.43	-22.29
637.56	6.63
637.68	-2.00
637.81	-6.27
637.94	21.74
638.07	-22.76
638.20	-6.60
638.33	1.75
638.46	0.14
638.59	-18.45
638.72	-3.00
638.85	-12.03
638.98	-14.82
639.11	5.49
639.24	-1.51
639.37	7.47
639.50	9.82
639.62	14.45
639.75	17.15
639.88	12.59
640.01	0.69
640.14	17.19
640.27	6.17
640.40	9.62
640.53	-4.25
640.66	-8.65
640.79	-5.71
640.92	6.19
641.05	-18.48
641.18	6.57
641.31	5.56
641.43	-1.05
641.56	9.64
641.69	-21.64
641.82	-19.00
641.95	-0.68
642.08	-6.04
642.21	9.47
642.34	8.17
642.47	5.92
642.60	-14.14
642.73	-2.08
642.86	-18.95
642.99	-1.64
643.11	12.40
643.24	9.11
643.37	1.30
643.50	-7.09
643.63	-13.30
643.76	9.22
643.89	-4.67
644.02	-0.02
644.15	-3.06
644.28	-0.19
644.41	-5.97
644.54	4.16
644.66	14.54
644.79	0.50
644.92	-4.46
645.05	8.98
645.18	-1.88
645.31	0.37
645.44	-5.04
645.57	-0.56
645.70	-13.32
645.83	5.40
645.95	5.50
646.08	4.52
646.21	-5.61
646.34	-15.98
646.47	-7.66
646.60	-2.29
646.73	3.40
646.86	-9.36
646.99	0.43
647.12	-8.85
647.25	-1.13
647.37	3.15
647.50	1.04
647.63	-19.22
647.76	-2.33
647.89	-5.73
648.02	9.19
648.15	-5.50
648.28	-17.24
648.41	2.43
648.53	4.36
648.66	-8.27
648.79	3.82
648.92	-17.59
649.05	5.04
649.18	1.87
649.31	-2.68
649.44	6.06
649.57	7.27
649.70	-11.10
649.82	-8.09
649.95	0.28
650.08	-6.78
650.21	13.80
650.34	2.15
650.47	4.99
650.60	-19.20
650.73	-3.36
650.86	-14.21
650.98	-13.39
651.11	-1.20
651.24	-5.88
651.37	0.77
651.50	-5.93
651.63	2.23
651.76	-19.13
651.89	-6.39
652.01	3.83
652.14	14.80
652.27	-25.62
652.40	-3.17
652.53	-8.16
652.66	-9.11
652.79	-1.44
652.92	12.06
653.04	5.28
653.17	-1.68
653.30	0.35
653.43	4.02
653.56	-1.88
653.69	6.28
653.82	-13.47
653.95	-2.53
654.07	5.17
654.20	6.97
654.33	-12.13
654.46	-2.61
654.59	18.47
654.72	-5.16
654.85	-20.74
654.98	1.18
655.10	-1.48
655.23	-5.41
655.36	-6.40
655.49	-20.97
655.62	-2.64
655.75	-0.03
655.88	-4.82
656.00	-15.05
656.13	2.93
656.26	-8.13
656.39	-5.49
656.52	19.12
656.65	5.64
656.78	-1.44
656.91	18.82
657.03	0.32
657.16	1.26
657.29	1.33
657.42	1.06
657.55	0.76
657.68	6.35
657.81	4.16
657.93	-12.76
658.06	4.39
658.19	12.20
658.32	1.77
658.45	-7.04
658.58	9.32
658.71	7.10
658.83	-6.60
658.96	5.35
659.09	6.51
659.22	-9.02
659.35	5.98
659.48	13.09
659.60	6.28
659.73	3.29
659.86	-3.68
659.99	12.08
660.12	-1.82
660.25	-6.42
660.38	-11.18
660.50	-21.99
660.63	6.72
660.76	-5.04
660.89	-2.68
661.02	-6.00
661.15	15.20
661.27	14.38
661.40	-18.66
661.53	-21.75
661.66	-2.00
661.79	-7.87
661.92	9.32
662.05	-9.20
662.17	-16.24
662.30	9.00
662.43	-10.71
662.56	1.01
662.69	-6.51
662.82	3.96
662.94	-4.21
663.07	7.88
663.20	16.64
663.33	-4.13
663.46	-20.02
663.59	-20.45
663.71	12.08
663.84	-2.76
663.97	7.09
664.10	12.85
664.23	20.57
664.36	9.96
664.48	8.91
664.61	-13.42
664.74	-1.86
664.87	-9.48
665.00	19.72
665.12	10.23
665.25	6.94
665.38	-15.51
665.51	-18.69
665.64	-5.51
665.77	-9.30
665.89	-10.76
666.02	5.46
666.15	4.49
666.28	-3.78
666.41	4.56
666.54	-7.87
666.66	5.22
666.79	-2.20
666.92	-1.63
667.05	-6.58
667.18	7.73
667.30	-0.83
667.43	-16.50
667.56	-6.59
667.69	-9.46
667.82	0.54
667.95	-0.38
668.07	-4.71
668.20	-16.56
668.33	-10.99
668.46	-11.49
668.59	-1.38
668.71	-4.86
668.84	-5.13
668.97	-9.73
669.10	-11.33
669.23	3.71
669.35	16.13
669.48	2.67
669.61	1.30
669.74	-6.81
669.87	12.65
669.99	2.33
670.12	1.01
670.25	4.05
670.38	2.47
670.51	0.69
670.63	-12.07
670.76	-15.40
670.89	-8.52
671.02	-6.35
671.15	6.81
671.28	-11.60
671.40	21.39
671.53	-1.71
671.66	2.15
671.79	6.61
671.91	-8.10
672.04	0.01
672.17	-1.98
672.30	-13.01
672.43	6.57
672.55	1.41
672.68	10.42
672.81	4.07
672.94	-3.72
673.07	-8.84
673.19	-3.32
673.32	-2.51
673.45	11.52
673.58	-0.64
673.71	1.94
673.83	-17.20
673.96	-7.15
674.09	-3.80
674.22	5.35
674.35	-1.33
674.47	10.73
674.60	22.63
674.73	-17.11
674.86	12.43
674.98	2.04
675.11	-14.09
675.24	-3.06
675.37	5.80
675.50	5.38
675.62	4.11
675.75	1.89
675.88	8.01
676.01	-8.72
676.14	12.48
676.26	1.35
676.39	1.61
676.52	9.18
676.65	3.63
676.77	-9.98
676.90	-27.04
677.03	-14.14
677.16	-0.45
677.29	-2.38
677.41	-1.82
677.54	-6.10
677.67	0.53
677.80	1.29
677.92	-9.81
678.05	5.27
678.18	-10.34
678.31	-0.23
678.43	13.69
678.56	-4.32
678.69	1.54
678.82	5.36
678.95	-1.08
679.07	-23.40
679.20	23.76
679.33	2.50
679.46	-11.63
679.58	2.01
679.71	-8.81
679.84	-14.50
679.97	-11.51
680.09	0.15
680.22	0.86
680.35	0.79
680.48	8.81
680.60	-0.48
680.73	11.44
680.86	-10.15
680.99	2.92
681.12	-2.54
681.24	5.89
681.37	4.52
681.50	2.65
681.63	-3.47
681.75	1.29
681.88	8.63
682.01	-3.25
682.14	0.57
682.26	-4.82
682.39	-11.85
682.52	-21.37
682.65	8.10
682.77	5.23
682.90	8.24
683.03	-0.10
683.16	-0.66
683.28	13.90
683.41	1.48
683.54	-11.94
683.67	-0.43
683.79	-7.86
683.92	2.35
684.05	12.12
684.18	12.23
684.30	5.30
684.43	9.50
684.56	1.26
684.69	-9.36
684.81	-10.17
684.94	4.56
685.07	-11.42
685.19	-3.73
685.32	7.20
685.45	10.37
685.58	-6.63
685.70	-13.48
685.83	2.26
685.96	15.03
686.09	-12.15
686.21	-2.54
686.34	2.97
686.47	-1.52
686.60	-18.66
686.72	-5.39
686.85	-10.53
686.98	-19.06
687.11	2.44
687.23	6.31
687.36	-1.80
687.49	-8.04
687.61	-9.87
687.74	-10.98
687.87	0.79
688.00	1.61
688.12	-1.29
688.25	-10.64
688.38	2.45
688.51	12.04
688.63	-4.46
688.76	15.38
688.89	9.23
689.01	-21.70
689.14	-8.55
689.27	1.54
689.40	-1.16
689.52	5.09
689.65	-13.23
689.78	8.01
689.91	11.18
690.03	-10.29
690.16	-8.73
690.29	-0.18
690.41	8.20
690.54	24.83
690.67	-6.34
690.80	-13.94
690.92	-5.92
691.05	11.67
691.18	4.58
691.30	11.33
691.43	1.53
691.56	11.58
691.69	4.03
691.81	-4.97
691.94	3.37
692.07	-10.10
692.19	-1.29
692.32	-3.34
692.45	-6.03
692.58	-21.09
692.70	12.64
692.83	3.69
692.96	-6.16
693.08	6.70
693.21	10.05
693.34	4.00
693.47	5.80
693.59	-8.82
693.72	4.33
693.85	7.47
693.97	-0.43
694.10	-16.45
694.23	5.58
694.35	4.81
694.48	-0.38
694.61	1.10
694.74	11.16
694.86	7.88
694.99	5.10
695.12	-5.76
695.24	-3.23
695.37	-7.12
695.50	4.51
695.62	2.10
695.75	5.95
695.88	4.58
696.01	-2.30
696.13	-11.16
696.26	-0.44
696.39	-2.97
696.51	3.05
696.64	12.64
696.77	14.21
696.89	1.44
697.02	0.26
697.15	-1.94
697.27	-13.94
697.40	9.58
697.53	-2.15
697.66	-14.90
697.78	9.32
697.91	16.52
698.04	-19.07
698.16	-3.64
698.29	-11.12
698.42	3.97
698.54	-6.27
698.67	-4.19
698.80	-9.97
698.92	-10.91
699.05	11.05
699.18	-1.46
699.30	-13.92
699.43	13.20
699.56	5.72
699.68	-4.41
699.81	5.96
699.94	-9.50
700.06	-14.13
700.19	1.15
700.32	-5.42
700.45	-13.09
700.57	-11.73
700.70	8.83
700.83	-0.38
700.95	-14.40
701.08	-9.19
701.21	-8.30
701.33	3.09
701.46	4.94
701.59	-8.49
701.71	-13.87
701.84	10.72
701.97	-5.72
702.09	-10.32
702.22	6.37
702.35	1.47
702.47	-9.51
702.60	1.93
702.73	5.86
702.85	1.60
702.98	6.25
703.11	9.61
703.23	-3.19
703.36	0.31
703.49	6.01
703.61	1.14
703.74	-21.32
703.87	-5.81
703.99	4.35
704.12	7.42
704.25	-11.10
704.37	-7.34
704.50	-7.79
704.63	-7.51
704.75	5.92
704.88	-14.12
705.00	14.29
705.13	3.85
705.26	2.68
705.38	-4.14
705.51	2.71
705.64	-18.63
705.76	-7.69
705.89	-10.68
706.02	12.46
706.14	-3.62
706.27	-7.45
706.40	-4.82
706.52	-17.42
706.65	-9.39
706.78	-3.82
706.90	8.53
707.03	-5.39
707.16	18.79
707.28	2.37
707.41	0.99
707.53	-0.83
707.66	-8.91
707.79	-1.96
707.91	4.44
708.04	-7.85
708.17	1.06
708.29	2.61
708.42	1.90
708.55	-5.86
708.67	4.62
708.80	-7.93
708.93	20.06
709.05	-4.34
709.18	12.81
709.30	-13.24
709.43	-3.82
709.56	2.56
709.68	7.12
709.81	-5.44
709.94	-1.48
710.06	-9.01
710.19	5.79
710.32	15.49
710.44	5.23
710.57	-7.34
710.69	0.32
710.82	-0.11
710.95	-17.44
711.07	-11.56
711.20	-17.13
711.33	-18.85
711.45	-1.56
711.58	-10.54
711.70	-2.86
711.83	-4.19
711.96	5.62
712.08	-5.99
712.21	13.72
712.34	-5.48
712.46	0.18
712.59	-2.17
712.71	-3.77
712.84	5.39
712.97	10.27
713.09	13.75
713.22	-9.33
713.35	-8.30
713.47	-5.01
713.60	-1.25
713.72	2.02
713.85	5.83
713.98	-12.04
714.10	-16.93
714.23	-15.16
714.36	-6.77
714.48	-3.04
714.61	-5.90
714.73	-12.88
714.86	3.99
714.99	4.01
715.11	-7.72
715.24	-9.49
715.36	-2.95
715.49	12.78
715.62	-3.18
715.74	12.59
715.87	11.15
715.99	6.78
716.12	-3.47
716.25	3.49
716.37	18.52
716.50	-10.03
716.63	5.33
716.75	-12.11
716.88	-11.79
717.00	-21.12
717.13	6.60
717.26	2.75
717.38	-7.54
717.51	-1.12
717.63	17.22
717.76	-9.50
717.89	-1.70
718.01	10.93
718.14	-8.24
718.26	-9.86
718.39	-4.63
718.52	1.63
718.64	-9.59
718.77	-23.68
718.89	6.68
719.02	-21.44
719.15	3.32
719.27	7.96
719.40	16.36
719.52	-4.29
719.65	-9.05
719.77	-10.21
719.90	-7.72
720.03	-10.30
720.15	-1.10
720.28	17.48
720.40	8.44
720.53	7.77
720.66	-3.60
720.78	-0.50
720.91	20.54
721.03	0.92
721.16	-12.05
721.29	-0.27
721.41	-8.85
721.54	-2.30
721.66	-0.26
721.79	6.08
721.91	2.63
722.04	-5.26
722.17	10.56
722.29	-9.31
722.42	-13.32
722.54	-9.89
722.67	-1.13
722.80	-5.13
722.92	-5.25
723.05	-2.05
723.17	7.21
723.30	-8.51
723.42	2.16
723.55	-14.10
723.68	6.27
723.80	-8.98
723.93	-4.51
724.05	1.60
724.18	-1.09
724.30	-3.11
724.43	-6.20
724.56	-3.55
724.68	-8.22
724.81	-3.78
724.93	22.54
725.06	15.10
725.18	-13.75
725.31	2.15
725.44	10.30
725.56	-1.20
725.69	1.04
725.81	-8.97
725.94	-6.96
726.06	-7.12
726.19	5.58
726.32	-7.78
726.44	10.24
726.57	10.52
726.69	-15.42
726.82	-4.20
726.94	6.33
727.07	13.58
727.19	6.68
727.32	14.16
727.45	-10.05
727.57	5.58
727.70	-9.76
727.82	-10.20
727.95	-1.62
728.07	10.43
728.20	5.26
728.32	8.04
728.45	-10.06
728.58	4.71
728.70	-5.76
728.83	9.42
728.95	-8.57
729.08	-3.31
729.20	7.25
729.33	-4.40
729.45	-10.31
729.58	-21.26
729.71	5.65
729.83	7.91
729.96	6.54
730.08	5.26
730.21	-6.03
730.33	-6.37
730.46	3.16
730.58	-1.39
730.71	2.54
730.83	-4.05
730.96	-10.40
731.09	0.74
731.21	15.54
731.34	6.88
731.46	8.57
731.59	1.97
731.71	14.27
731.84	-3.11
731.96	-9.27
732.09	6.50
732.21	11.25
732.34	1.56
732.46	-4.50
732.59	6.60
732.72	2.03
732.84	0.46
732.97	-8.44
733.09	-6.37
733.22	-6.74
733.34	12.69
733.47	1.08
733.59	-2.10
733.72	-7.63
733.84	2.70
733.97	9.46
734.09	6.92
734.22	-0.28
734.34	12.49
734.47	-2.75
734.59	10.65
734.72	2.24
734.85	8.71
734.97	-21.62
735.10	-0.95
735.22	13.59
735.35	-12.40
735.47	5.49
735.60	16.94
735.72	13.88
735.85	-7.05
735.97	-7.81
736.10	0.99
736.22	10.00
736.35	4.26
736.47	-4.86
736.60	4.08
736.72	5.51
736.85	3.07
736.97	-1.23
737.10	3.69
737.22	-5.55
737.35	8.09
737.47	5.18
737.60	-22.38
737.72	-7.57
737.85	26.17
737.97	-11.06
738.10	-9.00
738.23	2.45
738.35	4.26
738.48	-0.65
738.60	-12.67
738.73	10.01
738.85	-9.11
738.98	23.85
739.10	-3.50
739.23	-6.97
739.35	-5.04
739.48	3.63
739.60	-11.06
739.73	-10.56
739.85	5.97
739.98	-8.13
740.10	-5.88
740.23	-12.55
740.35	25.01
740.48	7.17
740.60	-16.93
740.73	13.26
740.85	-19.29
740.98	-4.87
741.10	13.79
741.23	2.06
741.35	13.70
741.48	13.22
741.60	-2.32
741.73	1.45
741.85	-6.82
741.98	-0.30
742.10	-2.43
742.23	1.63
742.35	-16.28
742.48	-2.82
742.60	4.66
742.73	6.43
742.85	-6.14
742.97	-13.90
743.10	-12.69
743.22	2.96
743.35	1.19
743.47	13.86
743.60	-1.04
743.72	6.47
743.85	9.62
743.97	-1.29
744.10	-8.00
744.22	-21.70
744.35	10.96
744.47	4.14
744.60	-14.79
744.72	-8.84
744.85	3.39
744.97	19.42
745.10	12.38
745.22	0.64
745.35	-9.42
745.47	17.25
745.60	-6.76
745.72	-2.08
745.85	-10.08
745.97	-4.83
746.10	-12.50
746.22	2.97
746.34	2.75
746.47	4.18
746.59	5.43
746.72	18.52
746.84	7.43
746.97	-3.55
747.09	-3.14
747.22	-2.64
747.34	-1.18
747.47	4.38
747.59	16.13
747.72	-2.52
747.84	-1.72
747.97	2.84
748.09	-2.36
748.22	-2.57
748.34	-8.31
748.46	-5.56
748.59	-2.54
748.71	0.68
748.84	7.34
748.96	11.36
749.09	16.23
749.21	-1.71
749.34	-2.07
749.46	0.29
749.59	1.51
749.71	6.95
749.84	1.57
749.96	2.03
750.08	4.83
750.21	4.57
750.33	6.81
750.46	0.97
750.58	4.40
750.71	1.73
750.83	9.85
750.96	0.09
751.08	18.28
751.21	12.18
751.33	9.87
751.45	5.94
751.58	12.94
751.70	5.43
751.83	13.04
751.95	17.22
752.08	-10.85
752.20	14.12
752.33	5.81
752.45	13.03
752.57	-2.40
752.70	15.78
752.82	6.04
752.95	10.88
753.07	-1.82
753.20	-2.43
753.32	17.16
753.45	5.92
753.57	-9.28
753.69	7.43
753.82	9.53
753.94	6.96
754.07	3.58
754.19	4.47
754.32	-15.36
754.44	-2.20
754.57	20.20
754.69	5.68
754.81	25.26
754.94	8.30
755.06	6.17
755.19	1.08
755.31	13.32
755.44	6.57
755.56	21.03
755.68	14.00
755.81	15.62
755.93	7.57
756.06	-0.67
756.18	11.26
756.31	13.04
756.43	3.26
756.55	26.30
756.68	23.60
756.80	5.54
756.93	18.43
757.05	5.12
757.18	11.50
757.30	2.22
757.42	14.90
757.55	5.58
757.67	17.58
757.80	18.88
757.92	39.64
758.05	38.04
758.17	47.75
758.29	36.57
758.42	27.91
758.54	39.43
758.67	40.44
758.79	52.34
758.92	44.54
759.04	52.54
759.16	61.42
759.29	74.15
759.41	86.86
759.54	81.67
759.66	90.37
759.78	83.10
759.91	71.86
760.03	98.86
760.16	77.96
760.28	93.60
760.40	92.41
760.53	91.19
760.65	81.42
760.78	74.03
760.90	81.96
761.03	84.15
761.15	72.48
761.27	89.01
761.40	83.51
761.52	64.55
761.65	55.49
761.77	68.36
761.89	51.57
762.02	68.71
762.14	72.83
762.27	73.19
762.39	61.74
762.51	59.25
762.64	54.42
762.76	70.74
762.89	66.07
763.01	64.39
763.13	36.15
763.26	31.46
763.38	44.92
763.51	72.44
763.63	40.13
763.75	41.20
763.88	29.05
764.00	48.10
764.13	45.46
764.25	33.65
764.37	29.41
764.50	18.47
764.62	34.43
764.75	50.25
764.87	10.45
764.99	6.45
765.12	17.61
765.24	4.27
765.36	27.72
765.49	30.64
765.61	17.76
765.74	26.46
765.86	30.01
765.98	41.01
766.11	38.62
766.23	47.39
766.36	42.95
766.48	45.85
766.60	54.24
766.73	69.90
766.85	92.66
766.97	103.95
767.10	88.95
767.22	113.47
767.35	139.34
767.47	129.99
767.59	127.33
767.72	140.20
767.84	134.48
767.96	151.02
768.09	169.68
768.21	179.74
768.34	167.61
768.46	166.99
768.58	164.57
768.71	165.58
768.83	145.00
768.95	166.90
769.08	193.37
769.20	189.86
769.33	185.01
769.45	200.34
769.57	199.74
769.70	207.61
769.82	200.57
769.94	201.32
770.07	216.33
770.19	213.85
770.32	221.60
770.44	211.99
770.56	215.40
770.69	233.93
770.81	241.79
770.93	251.85
771.06	274.86
771.18	309.06
771.30	307.40
771.43	310.08
771.55	311.07
771.68	274.54
771.80	289.35
771.92	310.96
772.05	322.72
772.17	340.89
772.29	352.55
772.42	339.10
772.54	349.65
772.66	347.48
772.79	361.14
772.91	375.29
773.03	365.68
773.16	385.37
773.28	390.33
773.40	402.15
773.53	429.67
773.65	413.61
773.78	445.45
773.90	449.59
774.02	458.08
774.15	467.88
774.27	472.19
774.39	464.76
774.52	452.44
774.64	443.85
774.76	447.20
774.89	450.78
775.01	423.37
775.13	405.43
775.26	415.76
775.38	408.10
775.50	387.61
775.63	381.45
775.75	361.90
775.87	396.98
776.00	397.91
776.12	374.12
776.24	352.08
776.37	325.87
776.49	315.72
776.61	322.15
776.74	339.58
776.86	346.24
776.98	358.29
777.11	360.24
777.23	384.22
777.35	387.08
777.48	426.17
777.60	458.56
777.72	463.04
777.85	486.59
777.97	509.01
778.09	523.47
778.22	531.47
778.34	527.56
778.46	527.14
778.59	527.67
778.71	538.36
778.83	581.93
778.96	587.25
779.08	595.55
779.20	622.87
779.33	680.59
779.45	698.98
779.57	673.96
779.70	666.76
779.82	641.20
779.94	595.71
780.07	585.44
780.19	554.86
780.31	528.48
780.44	486.93
780.56	437.78
780.68	409.75
780.81	387.36
780.93	392.44
781.05	409.39
781.17	423.52
781.30	449.12
781.42	430.97
781.54	449.38
781.67	456.17
781.79	451.63
781.91	426.52
782.04	454.90
782.16	488.26
782.28	541.81
782.41	577.26
782.53	623.28
782.65	641.66
782.78	667.41
782.90	692.55
783.02	737.24
783.14	760.25
783.27	750.81
783.39	756.61
783.51	773.23
783.64	778.05
783.76	772.57
783.88	755.26
784.01	750.96
784.13	766.63
784.25	778.82
784.37	736.49
784.50	705.14
784.62	676.56
784.74	589.99
784.87	652.12
784.99	627.93
785.11	614.08
785.24	605.23
785.36	605.84
785.48	628.19
785.60	618.46
785.73	609.43
785.85	640.45
785.97	681.86
786.10	673.64
786.22	684.60
786.34	696.83
786.47	733.48
786.59	742.51
786.71	748.41
786.83	767.10
786.96	788.88
787.08	846.08
787.20	929.87
787.33	973.27
787.45	1013.78
787.57	981.94
787.69	1010.14
787.82	1031.54
787.94	957.53
788.06	946.45
788.19	975.07
788.31	966.88
788.43	991.41
788.55	1014.59
788.68	1053.14
788.80	1064.65
788.92	1076.01
789.05	1088.63
789.17	1079.63
789.29	1101.03
789.41	1145.27
789.54	1149.69
789.66	1130.46
789.78	1141.32
789.90	1096.85
790.03	1114.74
790.15	1057.49
790.27	988.54
790.40	953.09
790.52	927.47
790.64	977.84
790.76	986.09
790.89	931.81
791.01	925.28
791.13	975.81
791.25	990.48
791.38	958.03
791.50	919.11
791.62	900.52
791.75	886.32
791.87	885.39
791.99	895.73
792.11	891.72
792.24	890.69
792.36	864.41
792.48	877.91
792.60	841.70
792.73	858.48
792.85	875.92
792.97	829.52
793.09	807.02
793.22	819.53
793.34	835.55
793.46	832.96
793.58	880.24
793.71	906.17
793.83	922.40
793.95	996.04
794.07	1054.97
794.20	1087.11
794.32	1146.84
794.44	1191.56
794.56	1236.91
794.69	1233.34
794.81	1209.24
794.93	1185.12
795.05	1236.29
795.18	1294.10
795.30	1337.62
795.42	1310.87
795.54	1262.78
795.67	1231.52
795.79	1170.49
795.91	1082.25
796.03	1070.59
796.16	1033.43
796.28	992.14
796.40	957.24
796.52	927.26
796.65	857.74
796.77	833.84
796.89	764.51
797.01	778.35
797.14	831.87
797.26	889.94
797.38	911.60
797.50	984.16
797.63	1006.55
797.75	1040.50
797.87	1079.93
797.99	1050.15
798.12	997.47
798.24	977.58
798.36	924.70
798.48	863.28
798.61	893.93
798.73	964.52
798.85	961.75
798.97	958.87
799.09	983.07
799.22	1008.72
799.34	1001.00
799.46	1006.12
799.58	980.68
799.71	935.50
799.83	951.00
799.95	907.38
800.07	860.44
800.20	743.83
800.32	702.71
800.44	667.15
800.56	644.89
800.68	640.31
800.81	689.27
800.93	728.18
801.05	727.93
801.17	735.83
801.30	755.99
801.42	786.75
801.54	826.98
801.66	839.59
801.78	760.69
801.91	699.55
802.03	664.11
802.15	739.02
802.27	788.41
802.40	818.28
802.52	885.43
802.64	956.20
802.76	937.45
802.88	943.52
803.01	939.32
803.13	931.27
803.25	944.02
803.37	905.23
803.49	823.15
803.62	775.04
803.74	751.79
803.86	733.70
803.98	728.90
804.10	743.48
804.23	706.38
804.35	684.98
804.47	644.91
804.59	617.73
804.72	596.01
804.84	603.69
804.96	597.14
805.08	559.32
805.20	554.16
805.33	534.67
805.45	530.55
805.57	549.62
805.69	576.84
805.81	552.10
805.94	574.76
806.06	586.32
806.18	595.92
806.30	593.00
806.42	602.29
806.55	599.11
806.67	569.49
806.79	517.59
806.91	516.80
807.03	519.40
807.16	526.29
807.28	527.85
807.40	590.48
807.52	644.75
807.64	689.99
807.76	684.62
807.89	733.52
808.01	804.96
808.13	832.17
808.25	799.18
808.37	840.80
808.50	884.40
808.62	780.93
808.74	727.80
808.86	686.26
808.98	710.34
809.11	717.19
809.23	710.67
809.35	682.86
809.47	622.87
809.59	599.93
809.71	576.68
809.84	568.32
809.96	526.17
810.08	512.93
810.20	503.19
810.32	458.67
810.45	443.57
810.57	435.96
810.69	397.65
810.81	391.17
810.93	375.35
811.05	397.06
811.18	407.54
811.30	417.07
811.42	428.50
811.54	464.47
811.66	475.46
811.78	513.45
811.91	524.26
812.03	505.76
812.15	503.25
812.27	496.16
812.39	442.99
812.52	441.15
812.64	438.38
812.76	464.63
812.88	514.53
813.00	560.81
813.12	613.39
813.25	678.50
813.37	748.62
813.49	795.44
813.61	795.78
813.73	821.94
813.85	799.60
813.97	737.14
814.10	682.84
814.22	648.13
814.34	610.65
814.46	610.71
814.58	603.17
814.70	580.43
814.83	530.85
814.95	536.39
815.07	577.83
815.19	575.85
815.31	634.27
815.43	629.02
815.56	632.06
815.68	643.02
815.80	660.63
815.92	630.23
816.04	567.88
816.16	522.82
816.28	477.81
816.41	446.47
816.53	445.83
816.65	431.36
816.77	440.23
816.89	445.93
817.01	456.05
817.13	439.00
817.26	432.58
817.38	403.94
817.50	356.12
817.62	310.88
817.74	316.72
817.86	323.60
817.99	336.92
818.11	369.45
818.23	408.26
818.35	463.77
818.47	501.97
818.59	561.54
818.71	633.56
818.83	654.83
818.96	704.43
819.08	706.97
819.20	738.18
819.32	695.47
819.44	689.19
819.56	679.60
819.68	609.75
819.81	642.64
819.93	694.37
820.05	698.80
820.17	649.86
820.29	659.66
820.41	610.54
820.53	590.55
820.66	613.73
820.78	617.38
820.90	593.65
821.02	575.80
821.14	576.95
821.26	533.79
821.38	483.88
821.50	485.55
821.63	480.66
821.75	409.15
821.87	377.17
821.99	344.38
822.11	346.71
822.23	377.20
822.35	392.61
822.47	394.82
822.60	387.95
822.72	395.30
822.84	361.13
822.96	319.60
823.08	301.01
823.20	319.66
823.32	367.49
823.44	422.45
823.56	450.21
823.69	466.05
823.81	493.01
823.93	550.84
824.05	603.52
824.17	599.08
824.29	630.13
824.41	672.92
824.53	657.73
824.65	673.52
824.78	652.06
824.90	609.97
825.02	550.26
825.14	543.15
825.26	558.94
825.38	497.59
825.50	460.30
825.62	444.43
825.74	404.39
825.87	369.84
825.99	353.95
826.11	332.66
826.23	314.88
826.35	299.88
826.47	268.80
826.59	267.05
826.71	236.00
826.83	220.41
826.95	220.19
827.08	221.16
827.20	228.57
827.32	226.33
827.44	215.18
827.56	199.60
827.68	195.06
827.80	204.61
827.92	196.80
828.04	212.20
828.16	219.10
828.29	223.02
828.41	233.49
828.53	236.02
828.65	255.51
828.77	242.73
828.89	240.82
829.01	238.72
829.13	266.11
829.25	279.75
829.37	364.54
829.49	408.58
829.62	469.59
829.74	566.10
829.86	590.73
829.98	564.23
830.10	580.06
830.22	588.03
830.34	579.56
830.46	537.78
830.58	520.58
830.70	554.22
830.82	506.85
830.94	493.91
831.07	467.14
831.19	412.16
831.31	380.50
831.43	360.79
831.55	381.01
831.67	363.33
831.79	354.55
831.91	323.34
832.03	300.58
832.15	265.30
832.27	230.28
832.39	218.61
832.51	189.73
832.64	160.85
832.76	151.18
832.88	135.82
833.00	118.20
833.12	113.75
833.24	94.93
833.36	90.29
833.48	87.49
833.60	76.47
833.72	91.38
833.84	83.15
833.96	74.01
834.08	66.43
834.20	54.50
834.32	61.98
834.45	73.00
834.57	73.97
834.69	70.56
834.81	83.81
834.93	80.09
835.05	108.94
835.17	98.41
835.29	116.71
835.41	140.20
835.53	158.63
835.65	166.86
835.77	161.73
835.89	162.28
836.01	153.58
836.13	157.65
836.25	167.53
836.37	142.35
836.50	144.25
836.62	156.31
836.74	162.83
836.86	144.96
836.98	163.87
837.10	157.45
837.22	169.94
837.34	142.98
837.46	118.52
837.58	127.52
837.70	120.59
837.82	125.91
837.94	132.26
838.06	118.80
838.18	112.14
838.30	107.92
838.42	114.78
838.54	105.08
838.66	110.69
838.78	103.83
838.90	78.25
839.03	71.73
839.15	97.62
839.27	98.70
839.39	73.63
839.51	83.84
839.63	59.84
839.75	67.87
839.87	80.07
839.99	77.25
840.11	85.95
840.23	73.48
840.35	55.14
840.47	69.57
840.59	79.14
840.71	61.99
840.83	79.94
840.95	74.36
841.07	78.36
841.19	83.01
841.31	92.73
841.43	99.83
841.55	102.80
841.67	95.63
841.79	88.72
841.91	83.18
842.03	84.27
842.15	76.84
842.27	93.04
842.39	82.06
842.51	90.76
842.64	85.22
842.76	67.09
842.88	80.00
843.00	87.45
843.12	81.72
843.24	76.32
843.36	62.49
843.48	59.14
843.60	75.55
843.72	70.28
843.84	81.17
843.96	87.41
844.08	61.59
844.20	55.87
844.32	70.38
844.44	50.64
844.56	60.57
844.68	61.10
844.80	40.96
844.92	52.86
845.04	57.71
845.16	51.93
845.28	48.42
845.40	51.53
845.52	61.81
845.64	62.25
845.76	59.52
845.88	53.27
846.00	33.51
846.12	44.59
846.24	51.84
846.36	55.44
846.48	33.07
846.60	27.93
846.72	43.79
846.84	45.64
846.96	47.12
847.08	54.99
847.20	47.19
847.32	38.01
847.44	28.66
847.56	35.46
847.68	30.15
847.80	43.91
847.92	21.04
848.04	17.06
848.16	27.04
848.28	29.03
848.40	28.21
848.52	26.75
848.64	35.67
848.76	22.42
848.88	13.86
849.00	27.71
849.12	22.59
849.24	1.34
849.36	7.14
849.48	14.40
849.60	14.03
849.72	9.23
849.84	16.35
849.96	5.52
850.08	10.75
850.20	7.66
850.32	9.82
850.44	1.32
850.56	-0.48
850.68	11.32
850.80	11.25
850.92	8.94
851.04	11.89
851.16	18.91
851.28	28.00
851.40	1.73
851.52	23.39
851.64	5.82
851.76	12.43
851.88	-8.17
852.00	5.45
852.12	16.45
852.24	10.48
852.35	11.48
852.47	5.49
852.59	17.86
852.71	0.92
852.83	4.91
852.95	15.98
853.07	8.56
853.19	15.28
853.31	20.17
853.43	-0.03
853.55	4.54
853.67	3.67
853.79	11.43
853.91	6.00
854.03	5.33
854.15	9.03
854.27	8.44
854.39	11.85
854.51	11.17
854.63	4.57
854.75	9.83
854.87	7.86
854.99	3.96
855.11	-0.87
855.23	19.83
855.35	18.25
855.47	8.12
855.59	7.51
855.71	1.31
855.83	5.96
855.95	-4.23
856.06	5.30
856.18	12.18
856.30	10.24
856.42	22.44
856.54	10.30
856.66	13.47
856.78	12.20
856.90	5.29
857.02	-3.24
857.14	3.78
857.26	9.86
857.38	12.53
857.50	6.75
857.62	1.39
857.74	0.29
857.86	10.01
857.98	4.98
858.10	29.25
858.22	13.87
858.34	-5.55
858.46	3.77
858.57	4.36
858.69	-2.44
858.81	7.04
858.93	21.82
859.05	11.88
859.17	-0.40
859.29	4.28
859.41	7.30
859.53	10.07
859.65	-10.88
859.77	12.04
859.89	11.85
860.01	3.92
860.13	15.19
860.25	-8.95
860.37	15.40
860.49	2.08
860.60	22.13
860.72	23.51
860.84	2.36
860.96	4.51
861.08	-3.73
861.20	-10.73
861.32	5.82
861.44	11.81
861.56	0.20
861.68	3.11
861.80	6.47
861.92	7.85
862.04	14.65
862.16	3.41
862.27	7.69
862.39	-7.34
862.51	8.80
862.63	15.19
862.75	8.73
862.87	0.90
862.99	10.90
863.11	13.02
863.23	-2.66
863.35	-13.30
863.47	5.84
863.59	18.32
863.71	-8.53
863.82	21.70
863.94	-0.36
864.06	-9.58
864.18	4.52
864.30	10.16
864.42	11.19
864.54	4.28
864.66	14.36
864.78	1.28
864.90	-2.85
865.02	-1.83
865.14	16.01
865.25	12.97
865.37	13.42
865.49	13.58
865.61	1.51
865.73	5.32
865.85	-2.56
865.97	-0.35
866.09	10.53
866.21	0.62
866.33	3.93
866.45	0.15
866.56	6.21
866.68	24.72
866.80	-1.07
866.92	-8.40
867.04	-6.14
867.16	-3.32
867.28	18.02
867.40	-1.66
867.52	10.97
867.64	-3.12
867.75	-3.19
867.87	8.62
867.99	-0.70
868.11	13.89
868.23	-8.26
868.35	-24.22
868.47	-3.08
868.59	6.56
868.71	-5.59
868.83	3.55
868.94	-12.31
869.06	14.52
869.18	1.70
869.30	9.22
869.42	-3.68
869.54	2.67
869.66	5.70
869.78	1.40
869.90	9.02
870.01	-7.33
870.13	-12.15
870.25	0.35
870.37	11.72
870.49	-7.52
870.61	-4.55
870.73	-0.50
870.85	10.99
870.97	6.85
871.08	5.77
871.20	4.14
871.32	3.55
871.44	-4.44
871.56	11.06
871.68	16.24
871.80	30.47
871.92	32.15
872.03	7.41
872.15	22.31
872.27	-7.80
872.39	-5.02
872.51	9.27
872.63	20.19
872.75	14.78
872.87	-8.99
872.99	1.54
873.10	-1.84
873.22	5.25
873.34	-10.73
873.46	-4.54
873.58	4.73
873.70	6.21
873.82	4.01
873.93	-0.29
874.05	0.72
874.17	-10.71
874.29	13.37
874.41	-2.89
874.53	-1.02
874.65	0.21
874.77	10.08
874.88	17.57
875.00	0.43
875.12	3.82
875.24	-4.58
875.36	3.84
875.48	-5.31
875.60	-16.10
875.71	2.68
875.83	-0.64
875.95	9.21
876.07	-5.71
876.19	2.87
876.31	-0.84
876.43	-2.42
876.54	2.20
876.66	-5.55
876.78	-12.77
876.90	-9.28
877.02	-0.02
877.14	-1.04
877.26	12.32
877.37	4.93
877.49	-2.17
877.61	14.20
877.73	-6.26
877.85	-26.68
877.97	2.06
878.09	-1.53
878.20	-13.47
878.32	-1.98
878.44	11.77
878.56	6.18
878.68	-0.77
878.80	-0.84
878.91	-2.54
879.03	-3.87
879.15	13.05
879.27	-14.20
879.39	0.15
879.51	4.92
879.62	11.45
879.74	-6.12
879.86	-11.47
879.98	2.27
880.10	-14.05
880.22	3.25
880.34	-13.47
880.45	-0.16
880.57	0.06
880.69	-3.02
880.81	2.57
880.93	-1.58
881.05	18.91
881.16	7.93
881.28	-5.68
881.40	-7.85
881.52	4.11
881.64	5.97
881.76	-14.05
881.87	-2.01
881.99	-5.36
882.11	-8.50
882.23	5.59
882.35	6.13
882.46	-3.20
882.58	13.29
882.70	6.74
882.82	5.89
882.94	-6.78
883.06	-5.11
883.17	15.61
883.29	14.42
883.41	1.01
883.53	2.20
883.65	-4.20
883.77	-5.68
883.88	10.82
884.00	1.23
884.12	6.99
884.24	-9.93
884.36	0.96
884.47	-13.06
884.59	9.96
884.71	-4.30
884.83	-5.93
884.95	7.59
885.06	-3.17
885.18	-1.88
885.30	-10.68
885.42	-2.59
885.54	-11.41
885.66	-8.52
885.77	6.54
885.89	0.18
886.01	-9.35
886.13	-4.87
886.25	-11.96
886.36	-9.36
886.48	-10.72
886.60	8.97
886.72	-12.62
886.84	-2.67
886.95	4.56
887.07	1.75
887.19	3.49
887.31	-4.26
887.43	-0.21
887.54	-9.02
887.66	-13.28
887.78	-2.22
887.90	0.16
888.02	-3.67
888.13	-9.54
888.25	-7.47
888.37	5.89
888.49	-21.44
888.61	7.53
888.72	-1.14
888.84	1.25
888.96	4.04
889.08	4.69
889.20	5.23
889.31	9.44
889.43	7.16
889.55	5.60
889.67	8.38
889.79	-0.57
889.90	1.05
890.02	-3.16
890.14	12.98
890.26	-6.73
890.37	-7.29
890.49	-9.39
890.61	1.46
890.73	-25.88
890.85	-15.85
890.96	-12.48
891.08	-14.31
891.20	-23.09
891.32	4.81
891.44	-5.24
891.55	2.84
891.67	-0.68
891.79	1.38
891.91	-17.49
892.02	4.21
892.14	-4.84
892.26	-6.99
892.38	-3.27
892.50	-2.05
892.61	4.79
892.73	-10.09
892.85	1.74
892.97	-9.04
893.08	-4.47
893.20	-7.53
893.32	4.03
893.44	-8.29
893.55	-23.76
893.67	5.77
893.79	-5.07
893.91	17.78
894.03	-2.11
894.14	-12.61
894.26	-3.22
894.38	8.66
894.50	4.90
894.61	-11.66
894.73	-13.66
894.85	-5.42
894.97	13.27
895.08	6.33
895.20	2.54
895.32	-10.63
895.44	-8.70
895.55	7.51
895.67	18.67
895.79	-8.04
895.91	10.90
896.02	-5.04
896.14	2.33
896.26	-6.79
896.38	1.17
896.50	-9.35
896.61	6.06
896.73	5.78
896.85	-3.66
896.97	-9.33
897.08	8.85
897.20	9.48
897.32	-2.41
897.44	-0.47
897.55	-0.21
897.67	-13.21
897.79	-5.61
897.91	-14.51
898.02	-6.48
898.14	-1.17
898.26	-23.99
898.37	-18.80
898.49	-3.98
898.61	6.02
898.73	-3.34
898.84	-3.93
898.96	-1.26
899.08	-4.64
899.20	11.12
899.31	11.33
899.43	-2.08
899.55	-0.72
899.67	-9.15
899.78	-3.69
899.90	-6.80
900.02	-32.35
900.14	8.01
900.25	-10.11
900.37	-9.88
900.49	-11.40
900.61	-4.65
900.72	-7.61
900.84	-2.58
900.96	-8.82
901.07	-18.64
901.19	-9.44
901.31	0.53
901.43	-7.76
901.54	12.68
901.66	-7.74
901.78	7.88
901.90	14.25
902.01	-4.99
902.13	8.52
902.25	13.27
902.36	-17.64
902.48	-12.63
902.60	-5.90
902.72	8.91
902.83	-4.12
902.95	0.81
903.07	14.82
903.19	-5.40
903.30	-9.66
903.42	-12.41
903.54	5.07
903.65	-0.24
903.77	5.93
903.89	8.94
904.01	-6.40
904.12	1.19
904.24	-2.23
904.36	2.67
904.47	8.15
904.59	-9.53
904.71	-6.79
904.83	-10.60
904.94	-15.23
905.06	-2.16
905.18	-15.96
905.29	-1.08
905.41	-5.53
905.53	-6.05
905.65	-13.28
905.76	-2.41
905.88	10.85
906.00	4.12
906.11	-0.70
906.23	-13.41
906.35	-17.42
906.46	-8.69
906.58	-14.94
906.70	-2.87
906.82	-7.31
906.93	1.73
907.05	1.69
907.17	-14.56
907.28	-8.36
907.40	-6.12
907.52	-2.00
907.63	9.54
907.75	-7.53
907.87	-4.58
907.99	-0.50
908.10	1.74
908.22	-5.55
908.34	-5.45
908.45	-24.30
908.57	-7.04
908.69	-11.81
908.80	-13.24
908.92	-1.47
909.04	3.12
909.15	4.91
909.27	-2.87
909.39	1.14
909.51	-14.32
909.62	3.00
909.74	-1.99
909.86	-11.96
909.97	5.88
910.09	-0.23
910.21	-13.86
910.32	-3.20
910.44	-14.23
910.56	2.12
910.67	14.20
910.79	-10.92
910.91	-13.30
911.02	-23.80
911.14	-10.20
911.26	4.82
911.37	-15.23
911.49	-3.77
911.61	-4.26
911.72	-11.02
911.84	-11.28
911.96	-5.29
912.07	-21.25
912.19	-21.83
912.31	-1.12
912.43	3.57
912.54	-5.57
912.66	-2.88
912.78	10.73
912.89	-9.01
913.01	-3.41
913.13	-4.09
913.24	-0.29
913.36	4.43
913.48	-0.63
913.59	-2.44
913.71	4.33
913.83	-9.97
913.94	-13.37
914.06	-21.09
914.18	-18.75
914.29	-18.50
914.41	-1.92
914.53	-11.65
914.64	-3.60
914.76	-12.03
914.87	-9.89
914.99	5.42
915.11	-6.02
915.22	-6.99
915.34	7.89
915.46	11.28
915.57	-5.44
915.69	-4.63
915.81	-1.79
915.92	-6.94
916.04	-13.31
916.16	13.79
916.27	-24.43
916.39	-21.02
916.51	-2.02
916.62	8.77
916.74	-22.29
916.86	-14.67
916.97	-0.79
917.09	-8.82
917.21	0.40
917.32	-4.77
917.44	-23.18
917.55	4.81
917.67	-5.67
917.79	-2.58
917.90	-6.92
918.02	3.95
918.14	3.90
918.25	-1.47
918.37	16.24
918.49	-16.90
918.60	2.62
918.72	-13.10
918.84	2.54
918.95	-0.90
919.07	-11.04
919.18	-6.37
919.30	-4.92
919.42	-4.85
919.53	-10.59
919.65	-7.75
919.77	9.73
919.88	-3.38
920.00	0.41
920.12	-10.87
920.23	-19.64
920.35	5.50
920.46	-6.80
920.58	4.11
920.70	-7.81
920.81	-19.56
920.93	-8.56
921.05	-4.25
921.16	-14.08
921.28	-1.45
921.39	-4.26
921.51	-1.08
921.63	10.01
921.74	0.78
921.86	8.93
921.98	-7.12
922.09	-11.22
922.21	-11.43
922.32	-3.83
922.44	9.53
922.56	3.20
922.67	8.02
922.79	4.90
922.91	3.54
923.02	-8.29
923.14	1.44
923.25	-12.50
923.37	9.43
923.49	4.32
923.60	3.73
923.72	-7.45
923.83	-10.02
923.95	-9.78
924.07	3.18
924.18	-8.42
924.30	-9.47
924.42	2.09
924.53	-3.20
924.65	-10.40
924.76	-11.69
924.88	17.77
925.00	-8.80
925.11	-15.91
925.23	0.80
925.34	-16.78
925.46	-1.40
925.58	7.97
925.69	6.83
925.81	7.07
925.92	-11.14
926.04	0.44
926.16	-0.05
926.27	12.42
926.39	5.92
926.50	-5.84
926.62	-4.79
926.74	-6.55
926.85	-6.48
926.97	-14.98
927.08	9.78
927.20	-12.25
927.32	0.68
927.43	-11.53
927.55	-11.22
927.66	-7.73
927.78	1.89
927.90	-3.50
928.01	16.78
928.13	-0.73
928.24	9.83
928.36	8.21
928.47	-4.23
928.59	-2.28
928.71	-6.71
928.82	-1.84
928.94	-7.96
929.05	8.14
929.17	10.08
929.29	-15.28
929.40	3.59
929.52	3.97
929.63	2.90
929.75	0.04
929.86	-2.12
929.98	-6.54
930.10	-0.07
930.21	15.26
930.33	12.96
930.44	1.04
930.56	-11.10
930.68	-14.67
930.79	0.45
930.91	-2.19
931.02	13.94
931.14	5.93
931.25	-5.43
931.37	3.30
931.49	-1.84
931.60	-4.92
931.72	-8.35
931.83	5.96
931.95	-13.76
932.06	-4.01
932.18	3.10
932.30	-7.25
932.41	-9.43
932.53	-0.24
932.64	1.40
932.76	-6.57
932.87	-17.30
932.99	1.37
933.10	-9.04
933.22	-8.35
933.34	3.11
933.45	-4.46
933.57	-7.14
933.68	-11.70
933.80	1.73
933.91	-0.38
934.03	-6.66
934.15	-8.81
934.26	-1.58
934.38	-1.33
934.49	0.85
934.61	-0.97
934.72	-10.39
934.84	-5.52
934.95	-2.44
935.07	-5.93
935.19	11.25
935.30	3.93
935.42	8.28
935.53	-12.18
935.65	-5.97
935.76	-3.73
935.88	10.90
935.99	-1.47
936.11	-1.84
936.22	18.71
936.34	20.74
936.46	-0.82
936.57	-11.44
936.69	-15.11
936.80	-13.48
936.92	0.30
937.03	-2.88
937.15	0.53
937.26	4.00
937.38	-2.67
937.49	-4.14
937.61	-5.06
937.73	8.60
937.84	-6.43
937.96	7.79
938.07	4.31
938.19	-1.63
938.30	-0.63
938.42	-8.12
938.53	-8.07
938.65	8.42
938.76	1.58
938.88	5.24
938.99	4.45
939.11	-11.38
939.22	-3.70
939.34	13.41
939.46	-4.63
939.57	2.30
939.69	3.23
939.80	-3.21
939.92	4.70
940.03	15.31
940.15	-8.06
940.26	-7.12
940.38	-6.40
940.49	-2.04
940.61	-8.03
940.72	-3.28
940.84	11.99
940.95	4.95
941.07	0.82
941.18	-15.91
941.30	4.31
941.41	-6.05
941.53	-6.51
941.65	-5.07
941.76	-2.68
941.88	15.20
941.99	-2.47
942.11	-18.46
942.22	-9.02
942.34	-5.33
942.45	-6.99
942.57	0.78
942.68	-4.83
942.80	-8.34
942.91	5.14
943.03	-1.44
943.14	3.42
943.26	0.42
943.37	7.70
943.49	-2.88
943.60	-4.66
943.72	3.88
943.83	-4.37
943.95	-6.26
944.06	-0.99
944.18	9.99
944.29	6.77
944.41	-6.75
944.52	-4.22
944.64	-1.97
944.75	-6.87
944.87	5.12
944.98	0.45
945.10	-1.65
945.21	-5.95
945.33	-5.92
945.44	2.26
945.56	-2.71
945.67	1.38
945.79	-7.79
945.90	4.94
946.02	-10.15
946.13	-1.27
946.25	-1.36
946.36	6.52
946.48	0.63
946.59	-5.52
946.71	1.08
946.82	9.30
946.94	6.71
947.05	25.75
947.17	6.84
947.28	1.52
947.40	-6.52
947.51	7.57
947.63	11.70
947.74	20.22
947.86	9.22
947.97	5.64
948.09	-4.76
948.20	8.31
948.32	1.30
948.43	3.72
948.54	8.21
948.66	2.34
948.77	5.02
948.89	-1.23
949.00	-3.60
949.12	-5.67
949.23	-2.08
949.35	3.80
949.46	-0.64
949.58	0.45
949.69	18.26
949.81	12.47
949.92	6.55
950.04	10.01
950.15	10.25
950.27	-9.63
950.38	-10.10
950.50	-6.07
950.61	-1.91
950.73	4.60
950.84	10.33
950.95	-2.80
951.07	5.37
951.18	3.74
951.30	-5.45
951.41	-13.86
951.53	10.99
951.64	2.22
951.76	11.62
951.87	15.02
951.99	-3.56
952.10	13.10
952.22	7.56
952.33	2.76
952.44	-5.81
952.56	-22.02
952.67	0.62
952.79	-14.31
952.90	2.89
953.02	6.40
953.13	6.13
953.25	-3.19
953.36	-14.56
953.48	7.12
953.59	10.29
953.70	14.50
953.82	3.74
953.93	12.51
954.05	20.11
954.16	-4.55
954.28	0.53
954.39	7.75
954.51	-4.25
954.62	6.46
954.74	1.50
954.85	-0.17
954.96	-2.85
955.08	8.12
955.19	8.28
955.31	6.96
955.42	12.38
955.54	9.25
955.65	-6.47
955.77	-6.90
955.88	4.84
955.99	-9.80
956.11	14.85
956.22	-14.50
956.34	12.06
956.45	3.39
956.57	2.67
956.68	2.11
956.79	2.46
956.91	-0.83
957.02	12.35
957.14	-10.85
957.25	13.69
957.37	11.58
957.48	11.34
957.60	-3.70
957.71	9.12
957.82	4.90
957.94	9.59
958.05	-3.84
958.17	11.61
958.28	2.45
958.40	-7.25
958.51	3.42
958.62	8.00
958.74	2.11
958.85	13.18
958.97	7.70
959.08	9.25
959.20	-1.70
959.31	22.39
959.42	6.66
959.54	8.66
959.65	-0.81
959.77	1.39
959.88	10.01
959.99	10.72
960.11	-9.75
960.22	-8.54
960.34	-8.39
960.45	0.66
960.57	-6.83
960.68	-3.38
960.79	4.70
960.91	-4.92
961.02	5.03
961.14	1.80
961.25	4.21
961.36	12.28
961.48	15.09
961.59	0.10
961.71	0.84
961.82	7.50
961.94	20.37
962.05	9.46
962.16	4.98
962.28	4.43
962.39	7.31
962.51	13.14
962.62	1.40
962.73	10.87
962.85	-2.58
962.96	12.95
963.08	0.18
963.19	-4.67
963.30	4.18
963.42	2.57
963.53	9.33
963.65	-8.22
963.76	-4.50
963.87	5.97
963.99	6.97
964.10	-10.36
964.22	-4.18
964.33	0.51
964.44	6.50
964.56	-16.84
964.67	2.02
964.79	6.95
964.90	-11.28
965.01	7.46
965.13	6.70
965.24	4.19
965.35	-3.10
965.47	-6.82
965.58	7.19
965.70	-10.31
965.81	2.37
965.92	5.32
966.04	-5.33
966.15	-3.38
966.27	7.24
966.38	14.60
966.49	2.16
966.61	0.97
966.72	-9.84
966.83	4.76
966.95	2.85
967.06	1.72
967.18	6.11
967.29	4.75
967.40	9.43
967.52	-5.10
967.63	-16.57
967.75	9.74
967.86	13.23
967.97	-0.01
968.09	6.41
968.20	-6.79
968.31	-3.37
968.43	3.07
968.54	2.65
968.66	5.95
968.77	16.50
968.88	8.67
969.00	-5.04
969.11	-12.05
969.22	-5.46
969.34	14.18
969.45	4.55
969.56	-2.01
969.68	-10.28
969.79	-13.24
969.91	-5.11
970.02	-2.68
970.13	1.49
970.25	-0.62
970.36	7.07
970.47	6.59
970.59	-7.29
970.70	-0.01
970.81	-11.97
970.93	-10.90
971.04	0.74
971.16	-6.82
971.27	-11.75
971.38	-3.93
971.50	6.55
971.61	-15.81
971.72	-10.72
971.84	-8.66
971.95	17.05
972.06	3.56
972.18	10.68
972.29	0.54
972.40	-0.24
972.52	1.39
972.63	-6.87
972.74	-1.26
972.86	-7.19
972.97	-0.01
973.09	2.07
973.20	2.75
973.31	14.27
973.43	5.09
973.54	3.31
973.65	2.62
973.77	-5.49
973.88	7.07
973.99	25.31
974.11	3.80
974.22	-5.83
974.33	7.16
974.45	1.66
974.56	10.10
974.67	10.03
974.79	4.02
974.90	1.50
975.01	4.15
975.13	9.70
975.24	0.81
975.35	4.20
975.47	8.98
975.58	-1.74
975.69	-13.47
975.81	2.87
975.92	4.66
976.03	-1.66
976.15	-9.01
976.26	-3.96
976.37	-7.33
976.49	-3.98
976.60	4.47
976.71	9.54
976.83	21.40
976.94	5.69
977.05	-8.63
977.17	-14.20
977.28	-7.70
977.39	-4.37
977.51	19.27
977.62	8.26
977.73	-1.93
977.85	-7.98
977.96	0.92
978.07	-12.25
978.19	-1.83
978.30	1.44
978.41	-3.43
978.52	0.40
978.64	-9.43
978.75	2.84
978.86	-14.68
978.98	-8.83
979.09	-1.77
979.20	-3.05
979.32	-8.71
979.43	-1.77
979.54	2.79
979.66	-6.03
979.77	-1.91
979.88	1.77
980.00	-6.80
980.11	-0.65
980.22	-6.32
980.33	2.60
980.45	1.00
980.56	-1.36
980.67	2.02
980.79	7.61
980.90	5.67
981.01	-1.34
981.13	5.26
981.24	5.65
981.35	10.91
981.47	6.15
981.58	6.64
981.69	-12.07
981.80	-21.57
981.92	-13.30
982.03	-1.95
982.14	15.61
982.26	-10.13
982.37	-11.52
982.48	19.22
982.59	-2.09
982.71	-3.10
982.82	-25.94
982.93	4.91
983.05	-6.68
983.16	-6.16
983.27	-4.69
983.39	-0.17
983.50	1.58
983.61	-8.82
983.72	8.54
983.84	10.47
983.95	-4.90
984.06	-3.23
984.18	6.43
984.29	-11.82
984.40	0.51
984.51	-7.76
984.63	6.76
984.74	-4.86
984.85	-6.41
984.97	-15.47
985.08	3.31
985.19	-5.08
985.30	-1.75
985.42	3.20
985.53	0.64
985.64	2.08
985.75	-4.90
985.87	-9.65
985.98	-7.29
986.09	-4.14
986.21	-1.44
986.32	-8.41
986.43	-6.05
986.54	-14.45
986.66	-13.99
986.77	-6.02
986.88	5.82
987.00	-0.23
987.11	-7.39
987.22	-9.96
987.33	-8.71
987.45	-5.59
987.56	-6.86
987.67	-24.04
987.78	-2.46
987.90	5.48
988.01	15.13
988.12	-12.13
988.23	-9.16
988.35	-1.18
988.46	-6.58
988.57	-12.27
988.68	-13.73
988.80	-10.92
988.91	-0.18
989.02	-0.78
989.14	-3.42
989.25	-0.19
989.36	-5.10
989.47	9.97
989.59	2.18
989.70	7.76
989.81	0.48
989.92	-1.95
990.04	8.97
990.15	3.68
990.26	2.01
990.37	4.29
990.49	7.04
990.60	-1.58
990.71	-3.03
990.82	-0.01
990.94	8.18
991.05	-15.26
991.16	1.33
991.27	-3.48
991.39	-17.55
991.50	12.38
991.61	18.98
991.72	5.94
991.84	17.00
991.95	-23.92
992.06	-1.09
992.17	4.46
992.29	2.99
992.40	-5.73
992.51	-2.34
992.62	-12.97
992.73	-4.58
992.85	-1.04
992.96	-18.57
993.07	-11.43
993.18	-14.17
993.30	-3.87
993.41	-0.66
993.52	-2.18
993.63	-10.77
993.75	2.65
993.86	0.47
993.97	-3.64
994.08	-21.52
994.19	-19.66
994.31	-33.95
994.42	-6.99
994.53	-5.40
994.64	14.65
994.76	-1.33
994.87	-3.69
994.98	-9.41
995.09	-5.09
995.21	-1.14
995.32	-9.18
995.43	-10.61
995.54	-5.56
995.65	-3.00
995.77	7.77
995.88	7.92
995.99	-6.55
996.10	-8.64
996.22	3.71
996.33	-13.65
996.44	-1.97
996.55	3.37
996.66	-7.31
996.78	9.59
996.89	-9.48
997.00	-9.47
997.11	-6.92
997.22	4.33
997.34	-7.07
997.45	-20.60
997.56	-9.44
997.67	3.54
997.79	-1.39
997.90	-2.09
998.01	3.06
998.12	-6.18
998.23	6.22
998.35	-4.64
998.46	8.14
998.57	4.06
998.68	-14.00
998.79	-8.91
998.91	1.21
999.02	-17.61
999.13	-10.03
999.24	-9.77
999.35	-14.34
999.47	-5.56
999.58	-10.52
999.69	3.39
999.80	-0.50
999.91	-26.10
1000.03	4.45
1000.14	2.04
1000.25	0.98
1000.36	-1.94
1000.47	-22.71
1000.59	-15.33
1000.70	-2.94
1000.81	-3.72
1000.92	-11.23
1001.03	-0.84
1001.15	-7.90
1001.26	1.86
1001.37	1.23
1001.48	-12.18
1001.59	-2.96
1001.70	-5.35
1001.82	4.01
1001.93	-4.42
1002.04	6.13
1002.15	4.73
1002.26	-7.64
1002.38	-2.68
1002.49	4.04
1002.60	-9.60
1002.71	-5.22
1002.82	10.09
1002.93	-8.62
1003.05	-13.02
1003.16	0.86
1003.27	0.64
1003.38	-9.69
1003.49	-19.21
1003.61	-7.32
1003.72	4.87
1003.83	-0.69
1003.94	-13.32
1004.05	-4.44
1004.16	-1.37
1004.28	-21.89
1004.39	-5.12
1004.50	1.88
1004.61	3.30
1004.72	6.16
1004.83	-5.39
1004.95	-11.92
1005.06	5.12
1005.17	6.64
1005.28	-4.99
1005.39	-6.00
1005.50	-10.85
1005.62	-15.00
1005.73	2.64
1005.84	-15.04
1005.95	-3.49
1006.06	1.83
1006.17	2.14
1006.29	7.95
1006.40	7.01
1006.51	-1.25
1006.62	-18.31
1006.73	-8.75
1006.84	-15.57
1006.96	-19.72
1007.07	5.32
1007.18	7.96
1007.29	-10.14
1007.40	-28.47
1007.51	-2.97
1007.62	5.50
1007.74	-2.63
1007.85	-13.46
1007.96	7.45
1008.07	-5.42
1008.18	-12.14
1008.29	4.25
1008.41	-5.61
1008.52	8.12
1008.63	-6.72
1008.74	-1.81
1008.85	-15.47
1008.96	-1.01
1009.07	-7.39
1009.19	13.85
1009.30	-9.99
1009.41	-10.74
1009.52	-10.53
1009.63	-4.44
1009.74	6.10
1009.85	-9.68
1009.97	-22.61
1010.08	-1.06
1010.19	-7.50
1010.30	-1.61
1010.41	4.31
1010.52	8.58
1010.63	11.93
1010.75	3.19
1010.86	-2.65
1010.97	-6.67
1011.08	7.58
1011.19	-14.52
1011.30	-1.96
1011.41	-8.33
1011.52	-5.22
1011.64	0.27
1011.75	-15.33
1011.86	-3.82
1011.97	-5.84
1012.08	-2.19
1012.19	-18.61
1012.30	-0.42
1012.42	-11.93
1012.53	4.75
1012.64	-11.09
1012.75	-5.96
1012.86	6.85
1012.97	-2.72
1013.08	-0.02
1013.19	-10.43
1013.30	-2.03
1013.42	2.16
1013.53	-11.41
1013.64	-29.28
1013.75	1.69
1013.86	0.79
1013.97	-22.60
1014.08	1.12
1014.19	5.36
1014.31	-12.64
1014.42	-4.27
1014.53	-11.90
1014.64	-4.78
1014.75	-9.48
1014.86	0.52
1014.97	-5.64
1015.08	10.63
1015.19	-8.09
1015.31	3.66
1015.42	11.05
1015.53	-9.78
1015.64	15.72
1015.75	-5.74
1015.86	-15.65
1015.97	-12.70
1016.08	-12.09
1016.19	-12.45
1016.31	1.65
1016.42	1.39
1016.53	-22.13
1016.64	0.38
1016.75	-11.60
1016.86	1.72
1016.97	-8.99
1017.08	-6.17
1017.19	5.10
1017.30	2.46
1017.42	1.78
1017.53	-6.82
1017.64	-14.16
1017.75	4.82
1017.86	-9.57
1017.97	-14.60
1018.08	-7.00
1018.19	-0.77
1018.30	-1.64
1018.41	-11.49
1018.52	-6.46
1018.64	13.16
1018.75	-1.08
1018.86	2.90
1018.97	-5.60
1019.08	1.38
1019.19	-2.79
1019.30	-17.26
1019.41	4.64
1019.52	-5.35
1019.63	-6.37
1019.74	4.85
1019.86	-6.87
1019.97	2.99
1020.08	4.32
1020.19	-6.24
1020.30	12.26
1020.41	8.04
1020.52	-13.82
1020.63	-2.08
1020.74	5.25
1020.85	-5.99
1020.96	-4.02
1021.07	-13.09
1021.18	-5.75
1021.30	-8.32
1021.41	-8.66
1021.52	-2.77
1021.63	-17.04
1021.74	2.60
1021.85	-9.16
1021.96	4.75
1022.07	-17.12
1022.18	3.30
1022.29	-1.77
1022.40	4.90
1022.51	-0.48
1022.62	-2.98
1022.73	-2.32
1022.85	-5.55
1022.96	9.04
1023.07	-3.11
1023.18	-12.54
1023.29	-3.09
1023.40	-1.69
1023.51	-5.37
1023.62	5.63
1023.73	3.84
1023.84	8.13
1023.95	-5.77
1024.06	5.79
1024.17	3.31
1024.28	-5.46
1024.39	6.11
1024.50	4.29
1024.62	20.86
1024.73	1.54
1024.84	-0.70
1024.95	-1.73
1025.06	13.66
1025.17	10.57
1025.28	-2.63
1025.39	-4.66
1025.50	-9.38
1025.61	-5.06
1025.72	13.06
1025.83	-1.62
1025.94	6.00
1026.05	3.63
1026.16	-9.30
1026.27	-18.62
1026.38	-4.39
1026.49	-4.66
1026.60	12.72
1026.71	2.81
1026.83	6.29
1026.94	1.70
1027.05	-6.69
1027.16	-8.71
1027.27	-4.14
1027.38	-4.62
1027.49	3.12
1027.60	5.42
1027.71	-9.99
1027.82	-7.59
1027.93	10.69
1028.04	-6.64
1028.15	1.70
1028.26	10.14
1028.37	4.00
1028.48	3.32
1028.59	-5.66
1028.70	8.92
1028.81	12.48
1028.92	-4.55
1029.03	-4.40
1029.14	0.24
1029.25	-3.69
1029.36	-2.28
1029.47	4.72
1029.58	7.51
1029.69	7.43
1029.80	-10.37
1029.91	-10.25
1030.02	10.27
1030.14	0.60
1030.25	-12.65
1030.36	10.31
1030.47	2.35
1030.58	-5.13
1030.69	5.76
1030.80	-4.75
1030.91	-17.83
1031.02	-7.14
1031.13	0.86
1031.24	-18.09
1031.35	2.65
1031.46	4.76
1031.57	3.09
1031.68	-2.90
1031.79	-7.41
1031.90	-0.10
1032.01	-3.84
1032.12	-2.53
1032.23	8.72
1032.34	-13.41
1032.45	-8.27
1032.56	6.26
1032.67	9.52
1032.78	5.90
1032.89	2.84
1033.00	9.86
1033.11	0.41
1033.22	-5.39
1033.33	-6.07
1033.44	2.22
1033.55	-4.47
1033.66	12.03
1033.77	-9.26
1033.88	-7.35
1033.99	-6.36
1034.10	4.73
1034.21	8.23
1034.32	6.86
1034.43	-6.61
1034.54	-2.90
