-450.282   -0.000329103   -0.000752595
-446.764   2.2065e-06   0.000361598
-443.246   0.000557876   -0.000440526
-439.728   0.000302467   0.000254971
-436.21   0.0011215   0.000315019
-432.693   -7.42939e-05   -0.000483619
-429.175   0.000907132   0.000220829
-425.657   0.000126535   -0.000217855
-422.139   0.000192995   -3.26623e-06
-418.621   0.00017404   0.000241139
-415.104   5.66452e-05   -0.000104976
-411.586   0.000367469   0.000208824
-408.068   0.000315607   0.000387577
-404.55   -0.000235963   0.000342471
-401.032   -4.28739e-05   7.58846e-06
-397.514   9.80007e-06   0.000417756
-393.997   0.000139922   0.000231953
-390.479   -0.000211213   4.36789e-06
-386.961   -5.53924e-06   -5.20868e-05
-383.443   -3.20718e-05   -0.000244403
-379.925   -0.000104798   -0.000309185
-376.407   -0.000125585   0.000151128
-372.89   4.99256e-05   -0.000229465
-369.372   -0.000396291   -0.000281756
-365.854   -0.000535043   5.16389e-05
-362.336   -0.000511265   0.000216296
-358.818   -3.81131e-05   -0.000592986
-355.3   -0.000210927   -0.000691175
-351.783   -0.000350354   -0.00024902
-348.265   -0.000102249   0.000206266
-344.747   0.000789558   -0.000359712
-341.229   0.000936341   -0.000349674
-337.711   0.000853634   -1.42265e-05
-334.194   0.000431303   0.000715946
-330.676   0.000295998   0.000646792
-327.158   -4.12989e-05   0.000684404
-323.64   0.000165934   0.00092717
-320.122   0.00067816   0.000934098
-316.604   0.00109948   0.000533824
-313.087   0.000176683   0.000881597
-309.569   -0.000860741   0.00145701
-306.051   -0.000986864   0.000980204
-302.533   -0.000455251   0.000183196
-299.015   -8.88326e-06   0.00107224
-295.497   -0.00125413   0.00192354
-291.98   -0.00257718   0.00280959
-288.462   -0.00186774   0.00329209
-284.944   -0.00124581   0.00235385
-281.426   -0.000787899   0.0010465
-277.908   0.000312981   0.00100188
-274.39   0.00079908   0.000797257
-270.873   0.00114253   0.00218156
-267.355   0.00308957   0.0036636
-263.837   0.00391121   0.00458558
-260.319   0.00297277   0.00539227
-256.801   0.0011615   0.00722867
-253.284   -0.00120128   0.0065337
-249.766   -0.00419028   0.00322949
-246.248   -0.00520842   0.00264536
-242.73   -0.000195729   0.00946528
-239.212   0.00671467   0.0207382
-235.694   0.00279289   0.036805
-232.177   -0.0147096   0.0504345
-228.659   -0.0517001   0.0511152
-225.141   -0.104781   0.0224313
-221.623   -0.147062   -0.0512099
-218.105   -0.147244   -0.151486
-214.587   -0.101818   -0.228794
-211.07   -0.0458715   -0.251556
-207.552   -0.0236715   -0.220582
-204.034   -0.0403156   -0.162954
-200.516   -0.0700315   -0.109321
-196.998   -0.0771991   -0.0788565
-193.48   -0.0385403   -0.0790948
-189.963   0.0166667   -0.111336
-186.445   0.00959543   -0.130789
-182.927   -0.0854963   -0.0680786
-179.409   -0.194203   0.0903925
-175.891   -0.217969   0.261328
-172.374   -0.15387   0.336262
-168.856   -0.0772658   0.304499
-165.338   -0.0355592   0.246343
-161.82   -0.016566   0.211453
-158.302   0.0327689   0.144474
-154.784   0.151704   -0.0965477
-151.267   0.394452   -0.515383
-147.749   0.744072   -0.958286
-144.231   1.04726   -1.36526
-140.713   1.27454   -1.84724
-137.195   1.55707   -2.35111
-133.677   1.96046   -2.48878
-130.16   2.22391   -1.99144
-126.642   2.0023   -1.16982
-123.124   1.37292   -0.681013
-119.606   0.713864   -0.77283
-116.088   0.220766   -1.12429
-112.57   -0.20387   -1.41318
-109.053   -0.660885   -1.59415
-105.535   -1.40958   -1.62908
-102.017   -2.58553   -1.31544
-98.4991   -3.15555   -0.996535
-94.9813   -1.73376   -2.32593
-91.4635   0.372084   -7.31226
-87.9457   -1.16456   -15.8282
-84.4278   -9.02405   -24.8348
-80.91   -21.0759   -30.9157
-77.3922   -32.6385   -33.162
-73.8744   -40.268   -33.895
-70.3565   -42.9226   -36.676
-66.8387   -40.0311   -43.3337
-63.3209   -30.5723   -51.4386
-59.8031   -16.3793   -55.2102
-56.2852   -3.09588   -51.9116
-52.7674   5.77047   -45.1512
-49.2496   11.4793   -38.3762
-45.7317   14.713   -31.6146
-42.2139   14.8192   -25.6916
-38.6961   13.4394   -22.4003
-35.1783   12.867   -21.5226
-31.6604   13.6275   -21.5813
-28.1426   14.8496   -21.5482
-24.6248   15.8845   -21.454
-21.107   18.4989   -21.3614
-17.5891   25.2747   -19.8994
-14.0713   35.114   -16.4944
-10.5535   43.6507   -10.5973
-7.03565   46.8165   5.83012
-3.51783   43.1906   45.8009
4.43379e-12   37.662   111.82
3.51783   41.2583   187.291
7.03565   60.3537   240.421
10.5535   82.6384   239.332
14.0713   81.8306   177.577
17.5891   48.5937   86.3321
21.107   5.64255   12.5548
24.6248   -19.5615   -19.4912
28.1426   -21.6813   -20.8711
31.6604   -11.8509   -14.3903
35.1783   -0.718305   -11.0073
38.6961   7.37856   -9.64208
42.2139   11.4058   -7.77552
45.7317   11.4533   -5.42656
49.2496   8.15642   -2.8077
52.7674   2.74062   -0.954982
56.2852   -1.47318   -1.12855
59.8031   -2.10886   -1.94664
63.3209   -1.11458   -1.84609
66.8387   -0.825208   -1.50616
70.3565   -0.883309   -1.31258
73.8744   -0.41758   -0.58165
77.3922   0.322106   0.634518
80.91   0.433022   1.29375
84.4278   -0.233448   0.959118
87.9457   -0.534877   0.620297
91.4635   0.113834   1.00478
94.9813   0.613691   1.72879
98.4991   0.0579373   2.38833
102.017   -0.646503   2.85347
105.535   -0.314601   2.83758
109.053   0.679747   2.10353
112.57   1.37198   1.06987
116.088   1.48505   0.569647
119.606   1.14811   0.675441
123.124   0.559197   0.688072
126.642   0.0596291   0.331271
130.16   -0.133896   -0.043679
133.677   -0.0994605   -0.167609
137.195   -0.00252273   -0.125804
140.713   0.0480866   -0.0754484
144.231   0.0168948   -0.0552566
147.749   -0.038689   -0.0515322
151.267   -0.0644604   -0.0742501
154.784   -0.0612987   -0.134721
158.302   -0.0296014   -0.197893
161.82   0.034306   -0.20195
165.338   0.0903216   -0.133254
168.856   0.0893377   -0.0350173
172.374   0.0358544   0.0225727
175.891   -0.0103285   0.0184397
179.409   -0.014643   0.00470833
182.927   -0.00832894   0.011861
186.445   -0.0199467   0.0174374
189.963   -0.0258861   0.00842506
193.48   -0.0106246   -0.00349534
196.998   0.00734507   -0.00467857
200.516   0.0113661   -0.00127001
204.034   0.0070044   1.63948e-05
207.552   0.00183317   0.000332503
211.07   -0.0018704   -0.000956846
214.587   -0.00327787   -0.00226599
218.105   -0.000889777   -0.00231669
221.623   0.000874299   -0.00413507
225.141   0.00201659   -0.0039035
228.659   0.00257071   -0.000613635
232.177   0.00140822   0.00123636
235.694   -0.000295402   0.0015126
239.212   -0.00127373   0.000970582
242.73   -0.0016572   9.92459e-05
246.248   -0.000379425   -0.000367649
249.766   -0.000378875   -0.000187977
253.284   -0.00111067   0.00059795
256.801   -0.00153023   0.000145182
260.319   -0.0014016   -0.000608968
263.837   -0.000991973   -0.000342166
267.355   0.00035317   0.000193176
270.873   0.000685962   0.000188473
274.39   9.88779e-05   0.000803576
277.908   -0.000577047   0.000358963
281.426   -0.000676869   -0.000905605
284.944   -0.000882182   -0.0011468
288.462   -0.000457431   -0.000412318
291.98   -0.000428403   0.000144487
295.497   -0.00034237   0.000398752
299.015   0.000110648   0.000168499
302.533   0.000302432   -0.000367905
306.051   -0.000512463   -0.000440676
309.569   -0.00029387   -9.31694e-05
313.087   -0.000263686   -0.0001517
316.604   -7.01028e-05   -0.000540879
320.122   0.000519001   -0.000682584
323.64   0.00069616   -3.50786e-05
327.158   -0.000219477   0.000589191
330.676   -4.90904e-05   -9.63647e-05
334.194   -0.00010392   -0.000762022
337.711   -0.000295008   -0.000590764
341.229   -0.000277117   -0.000361809
344.747   -0.000271833   -0.000171816
348.265   -0.000862649   0.000119871
351.783   -0.000761227   0.000538204
355.3   -0.000318314   0.000531974
358.818   0.000140014   7.75829e-06
362.336   -3.74254e-06   -0.000272792
365.854   -1.04322e-05   -0.000229158
369.372   -0.000131508   1.31448e-05
372.89   -5.60986e-05   -5.37497e-05
376.407   -0.000247806   -0.00034413
379.925   -0.000325863   -0.00032417
383.443   -0.000665176   9.96246e-05
386.961   -0.000360266   0.000396843
390.479   0.000199701   0.000101449
393.997   0.000201023   -0.000173313
397.514   -0.000346804   -0.000170023
401.032   -0.000428374   -0.00034578
404.55   -7.95959e-05   -0.000381481
408.068   0.000210563   -0.00067977
411.586   0.000140821   -0.000595938
415.104   0.000328158   -0.000566324
418.621   6.34206e-05   -0.000203114
422.139   0.000144595   0.000113789
425.657   -1.06882e-05   0.000280173
429.175   0.000132466   0.000136528
432.693   -0.000289964   9.74473e-05
436.21   -0.000543566   0.000241918
439.728   -0.000486705   -7.78241e-05
443.246   -0.000189858   -0.00022835
446.764   8.48969e-05   -0.000184278
