-450.282   2.41226e-12   0
-446.764   2.15416e-13   0
-443.246   3.26644e-12   0
-439.728   1.41786e-11   0
-436.21   2.22919e-12   0
-432.693   3.59845e-12   0
-429.175   3.5186e-12   0
-425.657   3.1061e-12   0
-422.139   4.72183e-12   0
-418.621   2.89788e-12   0
-415.104   3.24905e-12   0
-411.586   5.64078e-13   0
-408.068   2.40751e-12   0
-404.55   7.83868e-12   0
-401.032   8.84264e-12   0
-397.514   7.35706e-12   0
-393.997   1.52226e-12   0
-390.479   9.35668e-13   0
-386.961   7.60143e-14   0
-383.443   5.21625e-12   0
-379.925   6.79239e-12   0
-376.407   8.9643e-13   0
-372.89   3.526e-12   0
-369.372   3.42371e-13   0
-365.854   1.39672e-12   0
-362.336   1.79481e-12   0
-358.818   1.63574e-12   0
-355.3   2.97277e-12   0
-351.783   1.53882e-12   0
-348.265   4.67075e-12   0
-344.747   6.13643e-12   0
-341.229   5.3508e-12   0
-337.711   7.17904e-12   0
-334.194   1.45919e-12   0
-330.676   2.59991e-12   0
-327.158   2.12785e-12   0
-323.64   4.79759e-12   0
-320.122   5.90933e-12   0
-316.604   2.33825e-11   0
-313.087   4.159e-11   0
-309.569   5.10798e-11   0
-306.051   3.73493e-11   0
-302.533   4.64374e-12   0
-299.015   8.54774e-12   0
-295.497   1.11543e-11   0
-291.98   2.2801e-11   0
-288.462   1.06643e-10   0
-284.944   1.62985e-10   0
-281.426   2.15467e-10   0
-277.908   3.21479e-10   0
-274.39   2.48678e-10   0
-270.873   1.93021e-10   0
-267.355   4.95105e-10   0
-263.837   1.13481e-09   0
-260.319   2.3197e-09   0
-256.801   4.00509e-09   0
-253.284   5.12251e-09   0
-249.766   4.52909e-09   0
-246.248   1.12535e-09   0
-242.73   1.06763e-08   0
-239.212   1.09702e-07   0
-235.694   3.96702e-07   0
-232.177   7.56227e-07   0
-228.659   9.2201e-07   0
-225.141   8.80195e-07   0
-221.623   7.11114e-07   0
-218.105   5.04351e-07   0
-214.587   3.40154e-07   0
-211.07   2.32213e-07   0
-207.552   1.73341e-07   0
-204.034   1.42991e-07   0
-200.516   8.95665e-08   0
-196.998   3.87777e-08   0
-193.48   2.06306e-08   0
-189.963   1.82648e-08   0
-186.445   5.38834e-09   0
-182.927   1.1654e-07   0
-179.409   6.22899e-07   0
-175.891   9.86452e-07   0
-172.374   7.67466e-07   0
-168.856   1.17971e-07   0
-165.338   6.01968e-07   0
-161.82   3.15918e-06   0
-158.302   5.01249e-06   0
-154.784   4.65352e-06   0
-151.267   7.1907e-06   0
-147.749   3.89842e-05   0
-144.231   0.000104876   0
-140.713   0.000141097   0
-137.195   0.000112341   0
-133.677   5.28225e-05   0
-130.16   1.71425e-05   0
-126.642   6.83242e-06   0
-123.124   4.48753e-06   0
-119.606   5.90872e-06   0
-116.088   1.36184e-05   0
-112.57   4.1137e-05   0
-109.053   9.23983e-05   0
-105.535   0.0001382   0
-102.017   0.000153412   0
-98.4991   0.000206522   0
-94.9813   0.000581804   0
-91.4635   0.00252369   0
-87.9457   0.00846102   2.39
-84.4278   0.0185787   2.5715
-80.91   0.0319206   2.80515
-77.3922   0.0474278   2.94731
-73.8744   0.0536329   2.93743
-70.3565   0.0430493   2.84647
-66.8387   0.0278052   2.77163
-63.3209   0.0198412   2.71663
-59.8031   0.0182702   2.59171
-56.2852   0.0178045   2.42633
-52.7674   0.0158536   2.27932
-49.2496   0.0135495   2.134
-45.7317   0.0116502   1.97807
-42.2139   0.00974675   1.86681
-38.6961   0.00855012   1.89324
-35.1783   0.00984364   2.01257
-31.6604   0.0127404   2.03973
-28.1426   0.0135633   1.98075
-24.6248   0.0126891   1.90964
-21.107   0.013951   1.81086
-17.5891   0.0201486   1.67436
-14.0713   0.0331761   1.53682
-10.5535   0.0518659   1.33021
-7.03565   0.0755683   0.922412
-3.51783   0.1492   0.367735
4.43379e-12   0.378175   0
3.51783   0.753573   -0.131808
7.03565   1   -0.12251
10.5535   0.839654   -0.0270332
14.0713   0.400442   0.137812
17.5891   0.0766704   0.414757
21.107   0.00187643   0
24.6248   0.0173746   -2.69603
28.1426   0.0166784   -2.36885
31.6604   0.00526176   -2.24966
35.1783   0.000567709   0
38.6961   0.00210118   0
42.2139   0.00327333   0
45.7317   0.00278503   0
49.2496   0.00119008   0
52.7674   0.000119631   0
56.2852   0.000116467   0
59.8031   0.000227644   0
63.3209   0.000197251   0
66.8387   0.00014803   0
70.3565   6.48382e-05   0
73.8744   9.02393e-06   0
77.3922   1.03831e-05   0
80.91   7.27536e-06   0
84.4278   7.04486e-06   0
87.9457   2.17023e-05   0
91.4635   3.32765e-05   0
94.9813   1.8199e-05   0
98.4991   1.13924e-05   0
102.017   2.57358e-05   0
105.535   5.77071e-05   0
109.053   9.27869e-05   0
112.57   0.00010068   0
116.088   6.39979e-05   0
119.606   2.81068e-05   0
123.124   9.6197e-06   0
126.642   5.12979e-06   0
130.16   5.48091e-06   0
133.677   3.61555e-06   0
137.195   3.98653e-06   0
140.713   8.33589e-06   0
144.231   1.23869e-05   0
147.749   9.12952e-06   0
151.267   3.15543e-06   0
154.784   1.09587e-06   0
158.302   1.24493e-06   0
161.82   8.15177e-07   0
165.338   5.85781e-07   0
168.856   5.91856e-07   0
172.374   2.70745e-07   0
175.891   2.25119e-08   0
179.409   1.69854e-08   0
182.927   4.85048e-08   0
186.445   4.15115e-08   0
189.963   2.15928e-08   0
193.48   3.19417e-09   0
196.998   4.44029e-10   0
200.516   2.87817e-09   0
204.034   2.15046e-09   0
207.552   3.62294e-10   0
211.07   2.55667e-11   0
214.587   4.21142e-11   0
218.105   4.97732e-11   0
221.623   1.06226e-10   0
225.141   1.90238e-10   0
228.659   3.3118e-10   0
232.177   4.41446e-10   0
235.694   7.28181e-10   0
239.212   8.92171e-10   0
242.73   4.27031e-10   0
246.248   1.49457e-10   0
249.766   1.5831e-10   0
253.284   1.37116e-10   0
256.801   5.81092e-11   0
260.319   4.3306e-11   0
263.837   3.5786e-11   0
267.355   6.5623e-11   0
270.873   4.68461e-11   0
274.39   1.37064e-11   0
277.908   3.28501e-12   0
281.426   3.52706e-12   0
284.944   8.12283e-12   0
288.462   6.80608e-12   0
291.98   1.46636e-12   0
295.497   5.97464e-14   0
299.015   1.1563e-11   0
302.533   1.25628e-11   0
306.051   1.21809e-12   0
309.569   2.10736e-12   0
313.087   5.14366e-12   0
316.604   1.0874e-12   0
320.122   1.12853e-11   0
323.64   3.11876e-12   0
327.158   1.67023e-11   0
330.676   6.06978e-12   0
334.194   5.83805e-12   0
337.711   5.55831e-13   0
341.229   7.96293e-13   0
344.747   4.7222e-12   0
348.265   2.20421e-11   0
351.783   2.97947e-12   0
355.3   7.56344e-12   0
358.818   3.96567e-12   0
362.336   2.34137e-12   0
365.854   7.78251e-12   0
369.372   5.79274e-12   0
372.89   5.27813e-13   0
376.407   3.21409e-12   0
379.925   2.71782e-12   0
383.443   1.94432e-12   0
386.961   1.10817e-12   0
390.479   1.06395e-12   0
393.997   3.72152e-12   0
397.514   1.25324e-12   0
401.032   1.36401e-12   0
404.55   3.33355e-13   0
408.068   5.30307e-12   0
411.586   2.53535e-12   0
415.104   5.15243e-12   0
418.621   6.48838e-12   0
422.139   1.14607e-12   0
425.657   6.18086e-13   0
429.175   1.17447e-12   0
432.693   5.98805e-13   0
436.21   6.85418e-12   0
439.728   2.53763e-12   0
443.246   8.72007e-13   0
446.764   1.34396e-12   0
