-450.282   1.49816e-06   4.09615e-07
-446.764   4.6338e-07   2.63647e-08
-443.246   1.80702e-06   3.33349e-08
-439.728   2.98533e-06   2.29486e-06
-436.21   3.37642e-07   1.45437e-06
-432.693   1.82535e-06   5.163e-07
-429.175   -1.74064e-06   -6.99119e-07
-425.657   -1.26669e-06   -1.2254e-06
-422.139   -9.95335e-07   -1.93161e-06
-418.621   -3.61156e-07   -1.66356e-06
-415.104   1.78921e-06   2.1855e-07
-411.586   6.47917e-07   -3.79844e-07
-408.068   -1.5331e-06   -2.38965e-07
-404.55   -2.62218e-06   9.8126e-07
-401.032   -2.97332e-06   4.48573e-08
-397.514   -2.71079e-06   -9.31563e-08
-393.997   -1.18645e-06   3.3851e-07
-390.479   8.15657e-07   -5.19973e-07
-386.961   9.12518e-08   -2.60168e-07
-383.443   -2.15789e-06   7.48157e-07
-379.925   -2.51769e-06   6.73527e-07
-376.407   1.73781e-07   9.30715e-07
-372.89   1.30312e-06   1.35199e-06
-369.372   5.06438e-07   2.93073e-07
-365.854   2.90328e-07   -1.14561e-06
-362.336   4.67572e-07   -1.25546e-06
-358.818   3.19296e-07   -1.23846e-06
-355.3   5.03124e-07   -1.64913e-06
-351.783   5.39441e-07   -1.11706e-06
-348.265   3.87885e-07   2.1261e-06
-344.747   1.56485e-07   2.47224e-06
-341.229   2.21438e-06   -6.6883e-07
-337.711   2.3327e-06   -1.31816e-06
-334.194   -1.20616e-06   6.5995e-08
-330.676   -1.49348e-06   -6.0781e-07
-327.158   1.22645e-06   -7.89736e-07
-323.64   1.99977e-06   -8.93604e-07
-320.122   2.42301e-06   1.95847e-07
-316.604   1.56769e-06   4.57437e-06
-313.087   2.25407e-06   6.04228e-06
-309.569   6.08834e-06   3.74325e-06
-306.051   5.58273e-06   2.48645e-06
-302.533   1.78077e-07   2.14756e-06
-299.015   -1.18815e-06   2.67133e-06
-295.497   2.50956e-07   3.33036e-06
-291.98   1.96641e-06   4.35135e-06
-288.462   3.6493e-06   9.66052e-06
-284.944   4.03267e-06   1.21129e-05
-281.426   6.56887e-06   1.3127e-05
-277.908   7.12291e-06   1.64543e-05
-274.39   2.38546e-06   1.55881e-05
-270.873   1.84976e-06   1.37695e-05
-267.355   6.98542e-06   2.1126e-05
-263.837   2.08879e-05   2.64293e-05
-260.319   4.24804e-05   2.26962e-05
-256.801   6.18608e-05   1.33538e-05
-253.284   7.15654e-05   -9.47744e-07
-249.766   6.67772e-05   -8.36066e-06
-246.248   3.16725e-05   1.10543e-05
-242.73   -5.18584e-05   8.937e-05
-239.212   -0.000127234   0.0003058
-235.694   -9.37203e-06   0.000629773
-232.177   0.000358834   0.000792127
-228.659   0.000755106   0.000593148
-225.141   0.000920464   0.000181497
-221.623   0.000824964   -0.00017478
-218.105   0.000607958   -0.000367067
-214.587   0.000408071   -0.000416692
-211.07   0.000308531   -0.000370165
-207.552   0.000307181   -0.000281035
-204.034   0.000313385   -0.000211615
-200.516   0.000236019   -0.000184015
-196.998   9.97551e-05   -0.000169784
-193.48   5.36115e-05   -0.000133253
-189.963   0.000115768   -6.9732e-05
-186.445   6.01885e-05   4.20201e-05
-182.927   -0.000290309   0.000179614
-179.409   -0.000767945   0.0001821
-175.891   -0.000987592   -0.000105427
-172.374   -0.000745177   -0.000460627
-168.856   -0.000133564   -0.000316435
-165.338   0.000660965   0.000406316
-161.82   0.00144108   0.00104041
-158.302   0.00197136   0.00106124
-154.784   0.00191466   0.000993777
-151.267   0.00106909   0.00245921
-147.749   0.000356969   0.00623352
-144.231   0.00169453   0.0100997
-140.713   0.00482922   0.0108524
-137.195   0.00640547   0.0084446
-133.677   0.00468473   0.00555661
-130.16   0.00186022   0.00369893
-126.642   0.000407448   0.00258194
-123.124   0.000293854   0.0020979
-119.606   5.22583e-05   0.00243022
-116.088   -0.00149775   0.0033727
-112.57   -0.0042656   0.00478974
-109.053   -0.00688427   0.00670859
-105.535   -0.00849026   0.00813114
-102.017   -0.00989104   0.00745515
-98.4991   -0.0129195   0.0062936
-94.9813   -0.0212268   0.0114554
-91.4635   -0.0418155   0.0278415
-87.9457   -0.0793244   0.0465689
-84.4278   -0.12807   0.0466565
-80.91   -0.177469   0.0206272
-77.3922   -0.217703   -0.00575929
-73.8744   -0.231556   -0.00383729
-70.3565   -0.206909   0.0154215
-66.8387   -0.164896   0.0247919
-63.3209   -0.137931   0.0285686
-59.8031   -0.127911   0.043691
-56.2852   -0.117447   0.0633304
-52.7674   -0.100876   0.0753494
-49.2496   -0.082188   0.0824297
-45.7317   -0.0634159   0.0873418
-42.2139   -0.0487759   0.0858351
-38.6961   -0.0477922   0.0791582
-35.1783   -0.0610269   0.0782263
-31.6604   -0.0718191   0.0870773
-28.1426   -0.068677   0.0940575
-24.6248   -0.0597954   0.0954652
-21.107   -0.0525203   0.105795
-17.5891   -0.04523   0.134547
-14.0713   -0.0338193   0.178976
-10.5535   0.00452246   0.227696
-7.03565   0.11401   0.25014
-3.51783   0.321292   0.214409
4.43379e-12   0.600039   0.134641
3.51783   0.864656   0.0770908
7.03565   0.99518   0.0980634
10.5535   0.89919   0.176383
14.0713   0.592564   0.222058
17.5891   0.222839   0.164356
21.107   -0.0307794   0.0304805
24.6248   -0.10362   -0.0814704
28.1426   -0.0704854   -0.108213
31.6604   -0.0320814   -0.065058
35.1783   -0.0235335   -0.00372623
38.6961   -0.031062   0.0337096
42.2139   -0.0383707   0.0424384
45.7317   -0.0349647   0.0395285
49.2496   -0.0202295   0.0279437
52.7674   -0.00801546   0.00744201
56.2852   -0.00670505   -0.00845634
59.8031   -0.00936572   -0.0118291
63.3209   -0.0106046   -0.00920831
66.8387   -0.0105499   -0.00606051
70.3565   -0.0072593   -0.00348436
73.8744   -0.00142153   -0.00264635
77.3922   0.00215727   -0.00239359
80.91   0.00238259   -0.00126438
84.4278   0.0026014   -0.000526841
87.9457   0.00439567   -0.00154283
91.4635   0.00515665   -0.00258562
94.9813   0.00390314   -0.00172176
98.4991   0.00337391   -9.55999e-05
102.017   0.00487799   0.0013932
105.535   0.00638285   0.00411902
109.053   0.00565259   0.00779969
112.57   0.00352375   0.00939484
116.088   0.00248019   0.0076057
119.606   0.00237197   0.00474137
123.124   0.0010131   0.00293144
126.642   -0.00111955   0.00196885
130.16   -0.00196937   0.00126589
133.677   -0.00173545   0.000777024
137.195   -0.00192607   0.000526095
140.713   -0.00285403   0.000436338
144.231   -0.00349327   0.000428833
147.749   -0.00300455   0.000319647
151.267   -0.00177333   -0.000103688
154.784   -0.000726831   -0.000753384
158.302   -0.000113602   -0.00110997
161.82   0.000313265   -0.000846783
165.338   0.000668381   -0.000372892
168.856   0.000761873   -0.000106792
172.374   0.000519508   -2.92797e-05
175.891   0.000149496   1.27597e-05
179.409   -0.000123527   4.15501e-05
182.927   -0.000217467   3.48241e-05
186.445   -0.000203558   8.70148e-06
189.963   -0.00014548   -2.07003e-05
193.48   -5.40973e-05   -1.63601e-05
196.998   1.80216e-05   1.09203e-05
200.516   4.58625e-05   2.78353e-05
204.034   3.77503e-05   2.69328e-05
207.552   1.55838e-05   1.09288e-05
211.07   4.04647e-06   3.03195e-06
214.587   -1.09268e-06   6.39689e-06
218.105   -6.64459e-06   -2.3712e-06
221.623   -1.03327e-06   -1.02547e-05
225.141   1.05693e-05   -8.86157e-06
228.659   1.29323e-05   -1.28037e-05
232.177   7.87721e-06   -1.94781e-05
235.694   2.33421e-06   -2.68837e-05
239.212   -1.28823e-06   -2.98414e-05
242.73   1.09901e-06   -2.06355e-05
246.248   5.69206e-06   -1.08193e-05
249.766   5.70749e-06   -1.12131e-05
253.284   4.53831e-06   -1.07944e-05
256.801   6.5824e-06   -3.84462e-06
260.319   6.57964e-06   1.20027e-07
263.837   4.7959e-06   -3.57566e-06
267.355   4.78857e-06   -6.53395e-06
270.873   3.55614e-06   -5.84807e-06
274.39   2.54253e-07   -3.69347e-06
277.908   -1.27973e-06   -1.28347e-06
281.426   -1.83138e-06   -4.16073e-07
284.944   -2.18232e-06   -1.83311e-06
288.462   -1.69397e-07   -2.60334e-06
291.98   1.70521e-07   -1.19887e-06
295.497   -8.59131e-08   -2.28835e-07
299.015   2.87885e-06   1.80977e-06
302.533   2.36275e-06   2.642e-06
306.051   -1.06703e-06   -2.82039e-07
309.569   -2.26851e-07   -1.43384e-06
313.087   2.25384e-06   -2.52743e-07
316.604   9.15584e-07   4.9911e-07
320.122   -1.8941e-06   2.77447e-06
323.64   -1.01997e-06   1.44167e-06
327.158   1.58324e-06   -3.76771e-06
330.676   1.94551e-06   -1.51155e-06
334.194   2.31248e-07   2.40511e-06
337.711   2.33766e-08   7.45174e-07
341.229   7.75263e-07   -4.41883e-07
344.747   -1.76152e-06   -1.2725e-06
348.265   -3.92496e-06   -2.57619e-06
351.783   -8.81429e-07   -1.4841e-06
355.3   2.6931e-06   5.57337e-07
358.818   1.59097e-06   1.1977e-06
362.336   -1.31387e-06   7.84287e-07
365.854   -2.06167e-06   1.87937e-06
369.372   -1.18586e-06   2.09439e-06
372.89   5.74971e-07   4.44096e-07
376.407   1.79123e-06   -7.47032e-08
379.925   1.47711e-06   -7.321e-07
383.443   5.7781e-07   -1.26904e-06
386.961   -8.78053e-07   5.8068e-07
390.479   -6.06772e-07   8.34131e-07
393.997   9.1549e-07   1.69806e-06
397.514   5.54475e-07   9.7252e-07
401.032   8.18048e-07   8.33553e-07
404.55   5.45662e-07   1.88702e-07
408.068   1.60967e-06   -1.64682e-06
411.586   1.42787e-06   -7.04644e-07
415.104   2.23686e-06   -3.85841e-07
418.621   2.52078e-06   3.66101e-07
422.139   1.00026e-06   -3.81508e-07
425.657   -7.54162e-07   -2.22094e-07
429.175   -8.98707e-07   -6.05638e-07
432.693   -2.39274e-07   7.35903e-07
436.21   -1.90736e-06   1.79336e-06
439.728   -8.46431e-07   1.34951e-06
443.246   -1.84191e-07   9.15467e-07
446.764   -5.90312e-07   -9.97741e-07
