-0.142133   1288.81   2.03006e-11   0
-0.141023   1282.69   3.85039e-11   0
-0.139912   1276.63   8.99472e-11   0
-0.138802   1270.62   1.12549e-10   0
-0.137692   1264.67   1.03904e-10   0
-0.136581   1258.77   1.06587e-10   0
-0.135471   1252.93   1.49158e-10   0
-0.13436   1247.14   1.57267e-10   0
-0.13325   1241.41   1.75071e-10   0
-0.132139   1235.73   2.02662e-10   0
-0.131029   1230.1   2.52735e-10   0
-0.129919   1224.52   3.75466e-10   0
-0.128808   1218.99   6.33865e-10   0
-0.127698   1213.51   8.14522e-10   0
-0.126587   1208.08   8.66327e-10   0
-0.125477   1202.7   6.96e-10   0
-0.124367   1197.36   6.19467e-10   0
-0.123256   1192.08   9.0234e-10   0
-0.122146   1186.84   1.36055e-09   0
-0.121035   1181.64   2.04381e-09   0
-0.119925   1176.49   2.6402e-09   0
-0.118814   1171.39   3.69907e-09   0
-0.117704   1166.33   4.19179e-09   0
-0.116594   1161.31   4.11333e-09   0
-0.115483   1156.34   4.44909e-09   0
-0.114373   1151.41   6.99146e-09   0
-0.113262   1146.52   9.94645e-09   0
-0.112152   1141.67   1.25084e-08   0
-0.111042   1136.86   1.51625e-08   0
-0.109931   1132.09   1.72447e-08   0
-0.108821   1127.37   2.13715e-08   0
-0.10771   1122.68   3.11111e-08   0
-0.1066   1118.03   5.75726e-08   0
-0.105489   1113.42   1.20931e-07   0
-0.104379   1108.85   2.4994e-07   0
-0.103269   1104.31   4.56417e-07   0
-0.102158   1099.81   6.85275e-07   0
-0.101048   1095.35   8.21696e-07   0
-0.0999374   1090.93   7.55507e-07   0
-0.098827   1086.54   4.54768e-07   0
-0.0977166   1082.18   1.13816e-07   0
-0.0966062   1077.86   2.3218e-07   0
-0.0954958   1073.57   1.22809e-06   0
-0.0943853   1069.32   3.0302e-06   0
-0.0932749   1065.1   5.10568e-06   0
-0.0921645   1060.92   6.70799e-06   0
-0.0910541   1056.77   7.05139e-06   0
-0.0899437   1052.65   5.87449e-06   0
-0.0888333   1048.56   3.64145e-06   0
-0.0877228   1044.5   1.90657e-06   0
-0.0866124   1040.48   3.44888e-06   0
-0.085502   1036.48   9.14403e-06   0
-0.0843916   1032.52   1.47589e-05   0
-0.0832812   1028.58   1.41261e-05   0
-0.0821708   1024.68   6.91823e-06   0
-0.0810603   1020.81   2.96839e-06   0
-0.0799499   1016.96   1.83548e-05   0
-0.0788395   1013.14   6.18102e-05   0
-0.0777291   1009.36   0.000123616   0
-0.0766187   1005.6   0.00018173   0
-0.0755083   1001.87   0.000214351   0
-0.0743979   998.162   0.000209277   0
-0.0732874   994.485   0.00017085   0
-0.072177   990.835   0.000119659   0
-0.0710666   987.212   7.93052e-05   0
-0.0699562   983.616   5.96536e-05   0
-0.0688458   980.045   5.56558e-05   0
-0.0677354   976.501   6.22957e-05   0
-0.0666249   972.982   8.62506e-05   0
-0.0655145   969.488   0.000121618   0
-0.0644041   966.019   0.000134984   0
-0.0632937   962.575   0.000109606   0
-0.0621833   959.155   8.3975e-05   0
-0.0610729   955.76   0.000114622   0
-0.0599624   952.388   0.000196441   0
-0.058852   949.041   0.000252344   0
-0.0577416   945.716   0.000221523   0
-0.0566312   942.415   0.000149288   0
-0.0555208   939.137   0.000128746   0
-0.0544104   935.882   0.000171307   0
-0.0533   932.649   0.000233458   0
-0.0521895   929.438   0.000285321   0
-0.0510791   926.25   0.0002873   0
-0.0499687   923.083   0.000282537   0
-0.0488583   919.937   0.000489118   0
-0.0477479   916.814   0.00114609   0
-0.0466375   913.711   0.00233304   0
-0.045527   910.629   0.00408025   0
-0.0444166   907.568   0.00632028   0.338612
-0.0433062   904.527   0.00853871   0.427271
-0.0421958   901.507   0.0099222   0.507171
-0.0410854   898.507   0.0102137   0.548361
-0.039975   895.527   0.0100024   0.531679
-0.0388646   892.566   0.0101418   0.462633
-0.0377541   889.625   0.0113071   0.369289
-0.0366437   886.703   0.0139329   0.291017
-0.0355333   883.801   0.0179361   0.252597
-0.0344229   880.917   0.0228229   0.243395
-0.0333125   878.052   0.0289314   0.240077
-0.0322021   875.206   0.0379439   0.240854
-0.0310916   872.378   0.0510531   0.258457
-0.0299812   869.568   0.0670271   0.287025
-0.0288708   866.777   0.0830389   0.301111
-0.0277604   864.003   0.0973009   0.277749
-0.02665   861.247   0.110467   0.208635
-0.0255396   858.508   0.126448   0.100094
-0.0244291   855.787   0.153047   -0.0227831
-0.0233187   853.083   0.197521   -0.120236
-0.0222083   850.396   0.258958   -0.171279
-0.0210979   847.726   0.327848   -0.186705
-0.0199875   845.072   0.392524   -0.186094
-0.0188771   842.436   0.441616   -0.1804
-0.0177667   839.815   0.463444   -0.17437
-0.0166562   837.211   0.4517   -0.175768
-0.0155458   834.623   0.412888   -0.19806
-0.0144354   832.051   0.363931   -0.258211
-0.013325   829.494   0.326652   -0.372348
-0.0122146   826.954   0.327742   -0.535836
-0.0111042   824.429   0.393492   -0.692857
-0.00999374   821.919   0.529345   -0.777134
-0.00888333   819.424   0.705008   -0.777536
-0.00777291   816.945   0.868384   -0.718107
-0.00666249   814.48   0.974659   -0.622308
-0.00555208   812.031   1   -0.504312
-0.00444166   809.596   0.939081   -0.373206
-0.00333125   807.175   0.802936   -0.238441
-0.00222083   804.769   0.617158   -0.113257
-0.00111042   802.378   0.415062   -0.0186502
2.30371e-15   800   0.232912   0
0.00111042   797.637   0.109184   -0.181272
0.00222083   795.287   0.0743619   -0.717126
0.00333125   792.951   0.129389   -1.13668
0.00444166   790.629   0.238546   -1.21996
0.00555208   788.321   0.350915   -1.16237
0.00666249   786.026   0.425854   -1.06338
0.00777291   783.744   0.441449   -0.971249
0.00888333   781.475   0.396165   -0.918177
0.00999374   779.22   0.311762   -0.931412
0.0111042   776.978   0.225726   -1.03592
0.0122146   774.748   0.170222   -1.23799
0.013325   772.531   0.157025   -1.47948
0.0144354   770.327   0.180135   -1.65635
0.0155458   768.135   0.225686   -1.72828
0.0166562   765.956   0.276441   -1.7227
0.0177667   763.789   0.311886   -1.67802
0.0188771   761.635   0.313913   -1.62255
0.0199875   759.492   0.278858   -1.57828
0.0210979   757.362   0.222104   -1.56935
0.0222083   755.243   0.167401   -1.62423
0.0233187   753.136   0.132194   -1.75918
0.0244291   751.041   0.122001   -1.94436
0.0255396   748.958   0.132969   -2.11198
0.02665   746.886   0.156417   -2.22119
0.0277604   744.825   0.181889   -2.2757
0.0288708   742.776   0.199023   -2.29743
0.0299812   740.738   0.199705   -2.30937
0.0310916   738.712   0.181702   -2.33141
0.0322021   736.696   0.15113   -2.38199
0.0333125   734.691   0.119821   -2.47777
0.0344229   732.698   0.0981058   -2.62372
0.0355333   730.715   0.0899208   -2.79494
0.0366437   728.742   0.092695   -2.94579
0.0377541   726.781   0.0998484   -3.04958
0.0388646   724.829   0.10382   -3.10936
0.039975   722.889   0.0993806   -3.1421
0.0410854   720.958   0.0859685   -3.16833
0.0421958   719.038   0.0675688   -3.20985
0.0433062   717.128   0.0497219   -3.2871
0.0444166   715.229   0.0362744   -3.41101
0.045527   713.339   0.0280404   -3.5703
0.0466375   711.459   0.0236831   -3.73204
0.0477479   709.589   0.0212718   -3.86512
0.0488583   707.729   0.0192495   -3.95922
0.0499687   705.879   0.0166832   -4.02143
0.0510791   704.038   0.0133515   -4.06959
0.0521895   702.207   0.00971567   -4.12974
0.0533   700.386   0.00655982   -4.23038
0.0544104   698.573   0.00441585   0
0.0555208   696.771   0.00324244   0
0.0566312   694.977   0.00266428   0
0.0577416   693.193   0.00233483   0
0.058852   691.417   0.0020602   0
0.0599624   689.651   0.00173516   0
0.0610729   687.894   0.00131232   0
0.0621833   686.146   0.000843822   0
0.0632937   684.407   0.000462157   0
0.0644041   682.676   0.000262746   0
0.0655145   680.954   0.000211636   0
0.0666249   679.241   0.00020378   0
0.0677354   677.537   0.000180149   0
0.0688458   675.841   0.00014508   0
0.0699562   674.153   0.000109784   0
0.0710666   672.474   7.4165e-05   0
0.072177   670.803   4.12506e-05   0
0.0732874   669.141   1.9058e-05   0
0.0743979   667.486   1.12168e-05   0
0.0755083   665.84   1.22045e-05   0
0.0766187   664.202   1.41278e-05   0
0.0777291   662.572   1.3477e-05   0
0.0788395   660.95   1.13631e-05   0
0.0799499   659.336   9.04654e-06   0
0.0810603   657.73   6.50724e-06   0
0.0821708   656.131   3.78989e-06   0
0.0832812   654.541   1.78279e-06   0
0.0843916   652.958   1.08057e-06   0
0.085502   651.382   1.14048e-06   0
0.0866124   649.815   1.20921e-06   0
0.0877228   648.254   1.09657e-06   0
0.0888333   646.702   9.05723e-07   0
0.0899437   645.156   8.06991e-07   0
0.0910541   643.618   8.17885e-07   0
0.0921645   642.088   8.33176e-07   0
0.0932749   640.564   7.67756e-07   0
0.0943853   639.048   6.29769e-07   0
0.0954958   637.539   4.70125e-07   0
0.0966062   636.037   3.20719e-07   0
0.0977166   634.542   1.9442e-07   0
0.098827   633.054   1.08716e-07   0
0.0999374   631.574   5.79848e-08   0
0.101048   630.1   4.33864e-08   0
0.102158   628.632   5.70649e-08   0
0.103269   627.172   7.74126e-08   0
0.104379   625.719   8.90659e-08   0
0.105489   624.272   8.19088e-08   0
0.1066   622.832   6.08939e-08   0
0.10771   621.398   3.8383e-08   0
0.108821   619.971   2.0138e-08   0
0.109931   618.551   8.65113e-09   0
0.111042   617.137   4.28559e-09   0
0.112152   615.73   3.89181e-09   0
0.113262   614.329   6.09936e-09   0
0.114373   612.934   6.80258e-09   0
0.115483   611.546   6.27958e-09   0
0.116594   610.164   4.47515e-09   0
0.117704   608.788   3.68104e-09   0
0.118814   607.418   2.18761e-09   0
0.119925   606.055   1.34325e-09   0
0.121035   604.697   4.44426e-10   0
0.122146   603.346   4.24731e-10   0
0.123256   602.001   6.5689e-10   0
0.124367   600.661   1.18343e-09   0
0.125477   599.328   1.40932e-09   0
0.126587   598   1.01398e-09   0
0.127698   596.679   3.40937e-10   0
0.128808   595.363   9.38951e-12   0
0.129919   594.053   1.02077e-10   0
0.131029   592.749   1.19627e-10   0
0.132139   591.45   4.49107e-11   0
0.13325   590.158   5.85381e-11   0
0.13436   588.87   2.09423e-10   0
0.135471   587.589   4.1572e-10   0
0.136581   586.313   4.35485e-10   0
0.137692   585.042   4.13434e-10   0
0.138802   583.777   3.05884e-10   0
0.139912   582.518   2.27806e-10   0
0.141023   581.264   8.90605e-11   0
