345,77	42,19
345,98	42,19
346,19	42,19
346,41	68,63
346,62	-54,64
346,84	110,59
347,05	44,87
347,26	53,55
347,48	124,97
347,69	-21,57
347,91	26,56
348,12	80,36
348,33	94,41
348,55	101,62
348,76	92,88
348,97	98,40
349,19	57,47
349,40	110,96
349,62	73,30
349,83	196,42
350,04	55,81
350,26	23,26
350,47	25,27
350,69	89,25
350,90	80,12
351,11	68,07
351,33	80,65
351,54	99,51
351,75	-11,96
351,97	101,74
352,18	95,11
352,40	25,33
352,61	125,56
352,82	44,65
353,04	97,46
353,25	54,91
353,46	59,70
353,68	149,77
353,89	54,80
354,10	146,74
354,32	110,34
354,53	22,92
354,75	-9,83
354,96	33,67
355,17	16,85
355,39	58,59
355,60	84,17
355,81	124,82
356,03	27,36
356,24	138,36
356,45	35,53
356,67	59,58
356,88	18,39
357,09	101,80
357,31	17,35
357,52	129,53
357,73	94,04
357,95	58,76
358,16	90,32
358,37	67,54
358,59	57,08
358,80	72,50
359,02	112,33
359,23	93,08
359,44	84,50
359,66	97,73
359,87	48,13
360,08	130,74
360,30	129,68
360,51	41,98
360,72	155,03
360,93	90,36
361,15	83,25
361,36	77,39
361,57	74,96
361,79	4,67
362,00	156,24
362,21	69,79
362,43	23,86
362,64	20,60
362,85	93,78
363,07	114,58
363,28	74,01
363,49	98,30
363,71	88,14
363,92	75,00
364,13	88,90
364,35	52,04
364,56	103,73
364,77	105,08
364,98	28,02
365,20	121,40
365,41	55,19
365,62	35,84
365,84	46,14
366,05	70,92
366,26	5,35
366,48	78,27
366,69	-53,10
366,90	99,18
367,11	88,27
367,33	-20,97
367,54	103,73
367,75	33,96
367,97	74,53
368,18	33,07
368,39	38,60
368,60	125,50
368,82	65,21
369,03	105,57
369,24	37,85
369,46	-27,89
369,67	110,65
369,88	78,83
370,09	57,18
370,31	133,98
370,52	117,12
370,73	104,08
370,95	57,18
371,16	73,56
371,37	107,13
371,58	57,51
371,80	-1,13
372,01	31,76
372,22	107,68
372,43	88,66
372,65	17,86
372,86	18,21
373,07	53,64
373,29	113,36
373,50	129,47
373,71	20,97
373,92	98,73
374,14	94,88
374,35	106,64
374,56	31,66
374,77	27,65
374,99	72,13
375,20	36,23
375,41	30,51
375,62	43,60
375,84	55,79
376,05	107,17
376,26	109,71
376,47	86,79
376,69	75,59
376,90	53,41
377,11	85,34
377,32	101,19
377,54	105,33
377,75	34,43
377,96	133,30
378,17	117,16
378,38	75,08
378,60	141,15
378,81	9,40
379,02	88,53
379,23	-10,94
379,45	68,32
379,66	39,10
379,87	77,17
380,08	160,23
380,30	103,61
380,51	62,65
380,72	115,24
380,93	20,68
381,14	88,25
381,36	88,43
381,57	35,06
381,78	55,58
381,99	47,78
382,20	96,52
382,42	89,31
382,63	64,84
382,84	114,97
383,05	121,30
383,27	98,49
383,48	40,73
383,69	26,07
383,90	4,42
384,11	118,82
384,33	70,45
384,54	127,34
384,75	60,33
384,96	29,76
385,17	99,02
385,39	52,71
385,60	77,97
385,81	61,73
386,02	69,04
386,23	91,28
386,45	134,22
386,66	102,83
386,87	86,10
387,08	11,18
387,29	80,98
387,50	96,15
387,72	87,08
387,93	85,56
388,14	93,90
388,35	151,28
388,56	137,91
388,78	44,20
388,99	48,89
389,20	84,09
389,41	40,45
389,62	153,47
389,83	11,02
390,05	139,73
390,26	49,97
390,47	43,89
390,68	21,75
390,89	164,08
391,10	112,90
391,32	-9,93
391,53	141,54
391,74	54,09
391,95	90,91
392,16	94,31
392,37	40,16
392,59	76,80
392,80	-13,54
393,01	147,31
393,22	24,02
393,43	95,01
393,64	115,89
393,86	91,89
394,07	86,55
394,28	94,35
394,49	84,56
394,70	62,87
394,91	166,75
395,12	55,97
395,34	149,15
395,55	78,91
395,76	-4,63
395,97	90,05
396,18	73,83
396,39	49,62
396,60	65,78
396,82	70,65
397,03	95,25
397,24	82,35
397,45	94,94
397,66	103,55
397,87	22,08
398,08	137,30
398,29	127,14
398,51	105,96
398,72	203,81
398,93	101,37
399,14	79,67
399,35	28,96
399,56	121,55
399,77	63,06
399,98	73,73
400,20	47,45
400,41	64,14
400,62	50,99
400,83	78,19
401,04	31,99
401,25	98,65
401,46	85,83
401,67	129,21
401,88	135,15
402,10	47,68
402,31	131,36
402,52	42,37
402,73	2,38
402,94	114,44
403,15	81,90
403,36	53,02
403,57	86,20
403,78	86,90
403,99	98,57
404,21	49,07
404,42	11,24
404,63	133,73
404,84	22,88
405,05	106,35
405,26	90,15
405,47	134,49
405,68	66,60
405,89	35,78
406,10	33,10
406,31	95,15
406,53	32,85
406,74	60,66
406,95	88,02
407,16	20,44
407,37	-7,19
407,58	61,48
407,79	71,72
408,00	11,63
408,21	52,08
408,42	102,99
408,63	70,65
408,84	59,62
409,05	82,41
409,27	95,68
409,48	46,86
409,69	52,04
409,90	47,43
410,11	-35,00
410,32	133,10
410,53	78,81
410,74	47,80
410,95	2,40
411,16	67,40
411,37	58,82
411,58	127,71
411,79	114,01
412,00	104,49
412,21	76,70
412,42	44,97
412,63	68,16
412,84	91,11
413,06	25,05
413,27	16,22
413,48	100,06
413,69	110,32
413,90	105,22
414,11	25,85
414,32	74,65
414,53	97,09
414,74	30,23
414,95	91,73
415,16	19,87
415,37	95,80
415,58	90,95
415,79	152,80
416,00	70,59
416,21	34,94
416,42	100,15
416,63	96,68
416,84	129,57
417,05	47,80
417,26	124,07
417,47	45,96
417,68	86,44
417,89	62,59
418,10	129,74
418,31	69,39
418,52	111,10
418,73	57,04
418,94	77,04
419,15	80,55
419,36	25,93
419,57	74,05
419,78	117,41
419,99	119,62
420,20	139,08
420,41	68,79
420,62	107,38
420,83	92,96
421,04	20,46
421,25	33,28
421,46	57,53
421,67	57,26
421,88	126,03
422,09	71,19
422,30	57,06
422,51	-31,76
422,72	61,95
422,93	70,14
423,14	128,04
423,35	47,78
423,56	31,83
423,77	109,48
423,98	76,43
424,19	133,30
424,40	24,66
424,61	59,96
424,82	55,19
425,03	157,37
425,24	125,19
425,45	67,71
425,66	13,41
425,87	119,99
426,08	13,89
426,29	72,44
426,50	45,59
426,71	30,21
426,92	123,59
427,13	104,73
427,34	102,52
427,55	114,67
427,76	111,04
427,97	41,23
428,18	114,58
428,39	129,64
428,60	43,42
428,81	97,34
429,02	73,03
429,23	39,77
429,44	2,42
429,65	147,37
429,85	59,02
430,06	75,65
430,27	60,91
430,48	-27,77
430,69	40,73
430,90	106,74
431,11	48,97
431,32	100,02
431,53	41,10
431,74	121,69
431,95	47,25
432,16	67,71
432,37	36,76
432,58	92,94
432,79	43,91
433,00	60,23
433,21	54,80
433,42	159,33
433,62	137,89
433,83	-19,56
434,04	41,00
434,25	99,53
434,46	76,31
434,67	93,39
434,88	52,69
435,09	107,07
435,30	128,26
435,51	110,18
435,72	122,20
435,93	61,52
436,14	71,23
436,34	96,13
436,55	183,68
436,76	7,54
436,97	83,11
437,18	104,02
437,39	10,85
437,60	104,24
437,81	74,73
438,02	76,61
438,23	69,63
438,44	67,71
438,64	122,22
438,85	109,81
439,06	55,81
439,27	85,73
439,48	117,08
439,69	28,30
439,90	49,95
440,11	64,65
440,32	7,72
440,53	68,61
440,73	80,34
440,94	153,33
441,15	54,68
441,36	94,33
441,57	102,28
441,78	97,38
441,99	30,90
442,20	67,62
442,40	59,51
442,61	111,25
442,82	84,11
443,03	153,13
443,24	129,06
443,45	137,40
443,66	92,32
443,87	59,27
444,07	34,06
444,28	121,36
444,49	16,77
444,70	116,63
444,91	177,66
445,12	57,96
445,33	65,58
445,54	141,04
445,74	3,13
445,95	112,97
446,16	138,36
446,37	146,86
446,58	51,49
446,79	54,48
447,00	131,85
447,20	89,27
447,41	82,78
447,62	24,76
447,83	122,28
448,04	8,70
448,25	17,33
448,46	138,91
448,66	168,73
448,87	53,35
449,08	92,08
449,29	76,63
449,50	76,20
449,71	89,09
449,91	80,32
450,12	117,41
450,33	1,58
450,54	64,55
450,75	87,65
450,96	165,76
451,16	129,06
451,37	75,14
451,58	24,15
451,79	57,32
452,00	119,93
452,21	60,56
452,41	112,52
452,62	69,20
452,83	98,75
453,04	93,65
453,25	98,04
453,45	81,37
453,66	70,80
453,87	24,25
454,08	-41,43
454,29	100,31
454,50	118,62
454,70	20,46
454,91	48,91
455,12	39,75
455,33	58,55
455,54	79,65
455,74	154,66
455,95	75,96
456,16	85,97
456,37	96,58
456,58	76,08
456,78	53,19
456,99	148,07
457,20	95,87
457,41	-4,87
457,62	148,17
457,82	119,87
458,03	18,21
458,24	110,65
458,45	109,10
458,66	32,38
458,86	98,61
459,07	129,17
459,28	43,07
459,49	87,94
459,69	148,85
459,90	59,84
460,11	143,32
460,32	10,75
460,53	77,07
460,73	31,40
460,94	62,38
461,15	99,67
461,36	47,55
461,56	47,29
461,77	117,12
461,98	53,27
462,19	122,71
462,39	10,40
462,60	97,09
462,81	137,77
463,02	136,78
463,23	17,80
463,43	98,61
463,64	27,28
463,85	55,58
464,06	90,70
464,26	58,31
464,47	34,30
464,68	136,05
464,89	94,51
465,09	10,36
465,30	91,26
465,51	56,01
465,72	73,85
465,92	94,39
466,13	60,48
466,34	16,51
466,55	28,12
466,75	86,32
466,96	143,30
467,17	59,76
467,37	108,44
467,58	103,57
467,79	-3,46
468,00	64,59
468,20	27,52
468,41	22,51
468,62	39,20
468,83	34,34
469,03	31,85
469,24	89,23
469,45	125,13
469,65	49,17
469,86	84,56
470,07	59,86
470,28	84,62
470,48	58,12
470,69	76,55
470,90	133,40
471,11	85,89
471,31	102,75
471,52	70,16
471,73	96,54
471,93	177,33
472,14	66,17
472,35	29,90
472,55	88,62
472,76	23,14
472,97	67,89
473,18	93,80
473,38	19,97
473,59	72,27
473,80	67,56
474,00	62,16
474,21	-11,63
474,42	64,31
474,62	106,82
474,83	32,85
475,04	79,81
475,25	89,50
475,45	133,43
475,66	133,26
475,87	138,71
476,07	57,32
476,28	76,41
476,49	82,84
476,69	10,69
476,90	29,74
477,11	111,25
477,31	81,35
477,52	75,53
477,73	70,65
477,93	122,06
478,14	35,90
478,35	64,70
478,55	116,59
478,76	119,23
478,97	87,33
479,17	85,75
479,38	115,89
479,59	58,47
479,79	120,99
480,00	80,30
480,21	95,95
480,41	112,90
480,62	78,99
480,83	54,52
481,03	80,14
481,24	100,82
481,45	6,74
481,65	119,91
481,86	95,46
482,07	70,57
482,27	7,86
482,48	95,29
482,69	107,11
482,89	56,03
483,10	181,43
483,30	120,73
483,51	109,26
483,72	101,29
483,92	45,65
484,13	83,17
484,34	82,08
484,54	85,50
484,75	79,50
484,96	98,24
485,16	104,04
485,37	129,96
485,57	44,56
485,78	118,29
485,99	108,19
486,19	121,16
486,40	42,13
486,61	98,51
486,81	61,13
487,02	51,06
487,22	42,00
487,43	61,81
487,64	53,98
487,84	45,59
488,05	99,51
488,25	127,79
488,46	110,04
488,67	162,01
488,87	29,80
489,08	59,49
489,28	34,61
489,49	58,24
489,70	70,47
489,90	66,58
490,11	6,72
490,31	120,17
490,52	46,49
490,73	80,63
490,93	91,11
491,14	41,18
491,34	72,48
491,55	75,94
491,76	98,36
491,96	116,94
492,17	84,36
492,37	108,24
492,58	50,15
492,79	65,47
492,99	49,93
493,20	106,60
493,40	93,88
493,61	68,16
493,81	66,11
494,02	88,96
494,23	37,35
494,43	134,39
494,64	105,04
494,84	99,84
495,05	88,08
495,25	51,28
495,46	120,01
495,67	128,65
495,87	141,74
496,08	111,10
496,28	98,43
496,49	44,69
496,69	107,05
496,90	154,36
497,11	60,66
497,31	107,38
497,52	32,42
497,72	75,08
497,93	53,72
498,13	124,39
498,34	91,50
498,54	128,94
498,75	59,37
498,95	111,59
499,16	61,40
499,37	10,61
499,57	69,59
499,78	81,75
499,98	92,14
500,19	58,47
500,39	84,27
500,60	112,13
500,80	97,38
501,01	110,71
501,21	73,73
501,42	71,66
501,62	122,57
501,83	137,30
502,04	138,46
502,24	93,72
502,45	99,49
502,65	100,35
502,86	76,43
503,06	93,08
503,27	117,98
503,47	93,53
503,68	115,98
503,88	82,25
504,09	45,63
504,29	95,50
504,50	-18,06
504,70	62,71
504,91	139,96
505,11	62,83
505,32	100,56
505,52	47,94
505,73	173,59
505,93	44,79
506,14	68,59
506,34	82,98
506,55	40,24
506,75	81,12
506,96	93,88
507,16	20,11
507,37	96,73
507,57	49,25
507,78	111,12
507,98	71,72
508,19	16,83
508,39	98,88
508,60	22,86
508,80	159,86
509,01	13,05
509,21	74,48
509,42	85,81
509,62	76,12
509,83	93,04
510,03	62,69
510,24	62,05
510,44	91,20
510,65	63,41
510,85	49,19
511,05	77,31
511,26	86,90
511,46	107,31
511,67	89,17
511,87	-1,88
512,08	61,15
512,28	159,33
512,49	26,69
512,69	74,94
512,90	62,03
513,10	71,52
513,31	105,20
513,51	107,93
513,71	122,06
513,92	95,21
514,12	50,13
514,33	20,42
514,53	97,63
514,74	127,69
514,94	153,33
515,15	68,44
515,35	88,53
515,55	76,55
515,76	53,31
515,96	78,44
516,17	71,23
516,37	88,12
516,58	157,67
516,78	93,39
516,99	114,38
517,19	62,42
517,39	114,26
517,60	51,90
517,80	89,64
518,01	140,90
518,21	58,94
518,42	154,05
518,62	83,11
518,82	48,80
519,03	102,71
519,23	72,11
519,44	11,06
519,64	59,64
519,84	45,83
520,05	52,33
520,25	136,15
520,46	51,67
520,66	96,05
520,87	90,07
521,07	148,17
521,27	81,63
521,48	37,17
521,68	74,98
521,89	160,09
522,09	107,89
522,29	84,72
522,50	64,10
522,70	78,64
522,91	56,38
523,11	157,96
523,31	78,50
523,52	42,09
523,72	33,26
523,93	118,31
524,13	89,97
524,33	52,96
524,54	94,80
524,74	53,02
524,94	111,90
525,15	115,30
525,35	73,44
525,56	71,00
525,76	153,72
525,96	108,17
526,17	142,40
526,37	113,44
526,58	43,72
526,78	57,18
526,98	57,10
527,19	39,91
527,39	113,60
527,59	81,88
527,80	96,68
528,00	113,66
528,20	118,54
528,41	76,43
528,61	71,35
528,82	115,48
529,02	46,43
529,22	75,16
529,43	153,72
529,63	78,46
529,83	104,82
530,04	107,13
530,24	88,04
530,44	56,05
530,65	-16,71
530,85	100,04
531,05	11,80
531,26	102,77
531,46	139,06
531,66	13,05
531,87	124,23
532,07	76,12
532,27	146,10
532,48	93,35
532,68	114,38
532,88	101,83
533,09	103,52
533,29	106,56
533,49	96,75
533,70	153,50
533,90	120,22
534,10	138,22
534,31	137,97
534,51	102,28
534,71	145,88
534,92	64,27
535,12	27,20
535,32	69,67
535,53	74,20
535,73	96,85
535,93	130,56
536,14	123,47
536,34	84,21
536,54	-21,65
536,75	5,08
536,95	95,82
537,15	21,32
537,35	100,99
537,56	16,14
537,76	135,51
537,96	89,97
538,17	148,58
538,37	173,61
538,57	29,00
538,78	112,00
538,98	38,99
539,18	110,04
539,38	139,00
539,59	57,34
539,79	151,18
539,99	73,56
540,20	-3,95
540,40	70,74
540,60	168,59
540,80	92,49
541,01	78,15
541,21	74,30
541,41	121,94
541,62	76,92
541,82	130,44
542,02	64,41
542,22	99,86
542,43	44,46
542,63	66,31
542,83	27,69
543,03	116,10
543,24	26,50
543,44	34,94
543,64	94,78
543,84	54,39
544,05	45,10
544,25	86,75
544,45	42,47
544,66	-10,55
544,86	133,20
545,06	69,32
545,26	43,23
545,47	83,31
545,67	96,34
545,87	102,46
546,07	119,13
546,28	127,71
546,48	81,57
546,68	90,11
546,88	63,84
547,09	77,52
547,29	112,15
547,49	75,24
547,69	48,39
547,89	77,64
548,10	83,45
548,30	13,52
548,50	72,66
548,70	119,83
548,91	62,98
549,11	1,45
549,31	115,32
549,51	71,00
549,72	58,53
549,92	78,27
550,12	142,33
550,32	56,56
550,52	81,45
550,73	100,29
550,93	128,20
551,13	111,76
551,33	76,96
551,54	55,21
551,74	53,27
551,94	91,97
552,14	131,87
552,34	67,46
552,55	95,84
552,75	122,63
552,95	88,66
553,15	113,40
553,35	69,32
553,56	24,27
553,76	80,98
553,96	48,05
554,16	112,76
554,36	108,44
554,57	160,68
554,77	74,57
554,97	44,91
555,17	51,34
555,37	127,08
555,57	22,90
555,78	67,77
555,98	85,38
556,18	118,72
556,38	140,45
556,58	109,38
556,79	28,84
556,99	111,02
557,19	163,43
557,39	106,21
557,59	73,21
557,79	67,77
558,00	146,12
558,20	85,11
558,40	83,88
558,60	40,08
558,80	139,57
559,00	7,15
559,21	117,41
559,41	60,62
559,61	62,81
559,81	57,69
560,01	104,49
560,21	55,56
560,42	151,14
560,62	96,07
560,82	121,06
561,02	66,27
561,22	110,53
561,42	196,99
561,62	127,26
561,83	47,35
562,03	76,98
562,23	50,01
562,43	191,85
562,63	124,64
562,83	152,64
563,03	121,40
563,24	45,36
563,44	176,17
563,64	96,56
563,84	99,59
564,04	179,98
564,24	118,13
564,44	85,89
564,64	98,34
564,85	78,46
565,05	80,22
565,25	81,98
565,45	96,68
565,65	84,66
565,85	86,69
566,05	77,88
566,25	135,25
566,46	101,19
566,66	67,05
566,86	133,73
567,06	57,40
567,26	117,72
567,46	101,46
567,66	110,47
567,86	94,58
568,06	74,75
568,27	96,99
568,47	135,62
568,67	107,78
568,87	116,12
569,07	111,14
569,27	147,52
569,47	179,69
569,67	178,19
569,87	117,88
570,07	66,74
570,27	103,16
570,48	117,49
570,68	91,36
570,88	110,24
571,08	126,83
571,28	133,86
571,48	94,53
571,68	139,41
571,88	73,73
572,08	56,50
572,28	111,00
572,48	130,37
572,68	188,64
572,89	151,37
573,09	70,39
573,29	105,04
573,49	103,83
573,69	71,74
573,89	80,71
574,09	135,53
574,29	113,21
574,49	116,32
574,69	126,69
574,89	140,49
575,09	48,56
575,29	114,05
575,49	129,88
575,69	156,42
575,89	57,22
576,09	73,07
576,30	117,72
576,50	102,32
576,70	142,56
576,90	87,80
577,10	161,36
577,30	87,30
577,50	27,12
577,70	140,33
577,90	132,87
578,10	152,37
578,30	76,31
578,50	147,00
578,70	137,71
578,90	168,67
579,10	123,55
579,30	187,49
579,50	161,85
579,70	109,34
579,90	136,27
580,10	112,70
580,30	167,50
580,50	195,52
580,70	25,62
580,90	95,44
581,10	52,53
581,30	209,18
581,50	63,51
581,70	144,32
581,90	146,90
582,10	119,83
582,30	77,60
582,50	80,57
582,70	76,06
582,90	58,80
583,10	121,38
583,30	189,70
583,50	129,39
583,70	129,88
583,90	150,12
584,10	114,26
584,30	152,27
584,50	101,21
584,70	123,53
584,90	190,17
585,10	129,82
585,30	130,68
585,50	108,05
585,70	166,36
585,90	122,26
586,10	159,15
586,30	130,93
586,50	110,10
586,70	170,80
586,90	76,08
587,10	167,99
587,30	128,69
587,50	110,08
587,70	148,87
587,90	137,17
588,10	76,96
588,30	139,22
588,50	108,34
588,70	141,15
588,90	196,79
589,10	108,91
589,30	106,06
589,50	116,61
589,70	207,21
589,90	177,72
590,10	151,28
590,30	125,99
590,50	140,33
590,69	114,32
590,89	216,61
591,09	207,09
591,29	134,22
591,49	108,13
591,69	125,29
591,89	101,83
592,09	184,77
592,29	193,57
592,49	120,60
592,69	222,33
592,89	101,21
593,09	81,67
593,29	201,87
593,49	238,53
593,69	144,67
593,89	120,38
594,08	207,54
594,28	172,21
594,48	99,14
594,68	136,33
594,88	120,77
595,08	141,60
595,28	151,96
595,48	137,77
595,68	118,82
595,88	154,62
596,08	92,45
596,28	190,54
596,47	129,78
596,67	203,10
596,87	136,39
597,07	187,55
597,27	145,53
597,47	140,53
597,67	141,17
597,87	172,54
598,07	81,41
598,27	138,42
598,47	232,30
598,66	91,85
598,86	142,97
599,06	94,25
599,26	177,44
599,46	93,14
599,66	210,92
599,86	115,61
600,06	159,43
600,26	117,96
600,45	112,88
600,65	170,70
600,85	205,92
601,05	64,59
601,25	191,42
601,45	239,49
601,65	203,28
601,85	153,47
602,04	150,32
602,24	189,46
602,44	218,89
602,64	113,23
602,84	166,17
603,04	148,46
603,24	182,21
603,43	139,16
603,63	220,77
603,83	162,22
604,03	173,11
604,23	178,83
604,43	214,83
604,63	158,21
604,82	198,39
605,02	220,81
605,22	171,80
605,42	205,35
605,62	101,87
605,82	292,90
606,02	134,02
606,21	169,31
606,41	200,23
606,61	159,00
606,81	176,02
607,01	200,66
607,21	148,09
607,40	163,47
607,60	96,19
607,80	259,07
608,00	121,94
608,20	176,10
608,40	172,13
608,59	121,24
608,79	225,52
608,99	160,13
609,19	162,06
609,39	165,29
609,59	236,85
609,78	186,84
609,98	233,96
610,18	219,89
610,38	182,70
610,58	180,41
610,77	149,65
610,97	126,07
611,17	210,04
611,37	211,10
611,57	178,15
611,76	158,68
611,96	211,58
612,16	170,49
612,36	174,90
612,56	291,96
612,75	180,30
612,95	200,33
613,15	202,67
613,35	230,07
613,55	213,21
613,74	209,12
613,94	241,23
614,14	138,67
614,34	178,32
614,54	271,89
614,73	217,72
614,93	279,83
615,13	267,67
615,33	187,78
615,53	152,51
615,72	206,97
615,92	272,61
616,12	234,92
616,32	265,62
616,51	208,71
616,71	249,52
616,91	175,33
617,11	200,43
617,30	236,68
617,50	175,04
617,70	230,07
617,90	210,57
618,10	222,10
618,29	276,25
618,49	194,99
618,69	206,29
618,89	232,42
619,08	239,78
619,28	256,32
619,48	245,67
619,68	190,36
619,87	262,96
620,07	206,44
620,27	230,68
620,47	249,50
620,66	218,97
620,86	204,49
621,06	201,64
621,25	180,96
621,45	268,08
621,65	239,16
621,85	222,82
622,04	240,57
622,24	149,91
622,44	302,18
622,64	294,03
622,83	264,31
623,03	214,89
623,23	261,16
623,43	174,73
623,62	270,39
623,82	292,68
624,02	279,06
624,21	285,22
624,41	294,93
624,61	180,16
624,81	207,21
625,00	243,75
625,20	267,16
625,40	159,82
625,59	276,78
625,79	318,83
625,99	202,54
626,18	194,35
626,38	259,66
626,58	221,14
626,78	261,77
626,97	297,69
627,17	250,88
627,37	255,07
627,56	255,81
627,76	235,05
627,96	260,91
628,15	235,29
628,35	341,23
628,55	311,64
628,74	234,06
628,94	279,04
629,14	340,76
629,34	255,75
629,53	310,53
629,73	257,92
629,93	289,71
630,12	229,17
630,32	237,11
630,52	273,01
630,71	209,61
630,91	294,31
631,11	313,44
631,30	237,61
631,50	296,93
631,70	253,56
631,89	249,59
632,09	254,83
632,29	340,60
632,48	282,68
632,68	300,48
632,88	261,89
633,07	302,16
633,27	306,38
633,46	380,43
633,66	309,65
633,86	325,16
634,05	335,42
634,25	367,63
634,45	264,00
634,64	321,98
634,84	284,95
635,04	354,85
635,23	204,02
635,43	307,48
635,63	328,27
635,82	331,89
636,02	309,90
636,21	295,64
636,41	236,38
636,61	352,03
636,80	275,00
637,00	312,87
637,20	323,60
637,39	230,70
637,59	324,91
637,78	253,93
637,98	323,93
638,18	301,52
638,37	339,66
638,57	351,41
638,77	310,59
638,96	423,62
639,16	259,58
639,35	440,05
639,55	390,77
639,75	367,67
639,94	381,76
640,14	305,35
640,33	319,73
640,53	416,25
640,73	362,57
640,92	348,40
641,12	295,15
641,31	334,41
641,51	314,12
641,71	415,55
641,90	359,91
642,10	382,62
642,29	347,13
642,49	353,25
642,68	366,57
642,88	409,76
643,08	340,04
643,27	394,60
643,47	296,91
643,66	384,75
643,86	316,14
644,06	362,24
644,25	401,34
644,45	378,32
644,64	371,81
644,84	346,07
645,03	336,56
645,23	381,07
645,43	379,63
645,62	386,06
645,82	366,40
646,01	371,50
646,21	418,44
646,40	462,06
646,60	333,00
646,79	370,97
646,99	347,93
647,19	397,74
647,38	378,94
647,58	413,18
647,77	418,58
647,97	439,62
648,16	406,56
648,36	435,75
648,55	421,78
648,75	426,74
648,94	458,03
649,14	429,89
649,33	455,06
649,53	370,58
649,73	410,47
649,92	400,03
650,12	486,04
650,31	414,86
650,51	426,80
650,70	375,21
650,90	433,15
651,09	391,63
651,29	464,85
651,48	427,94
651,68	430,40
651,87	375,60
652,07	520,04
652,26	391,76
652,46	417,46
652,65	437,12
652,85	391,35
653,04	471,61
653,24	462,23
653,43	535,50
653,63	476,32
653,82	492,72
654,02	419,87
654,21	444,80
654,41	432,31
654,60	399,33
654,80	461,26
654,99	485,55
655,19	455,92
655,38	470,17
655,58	508,33
655,77	423,54
655,97	494,34
656,16	458,38
656,36	483,16
656,55	476,48
656,75	455,94
656,94	452,09
657,14	516,83
657,33	454,49
657,53	434,15
657,72	472,84
657,92	424,61
658,11	522,48
658,31	501,65
658,50	463,89
658,69	478,14
658,89	477,83
659,08	468,82
659,28	567,53
659,47	511,03
659,67	510,39
659,86	519,12
660,06	578,26
660,25	581,27
660,45	379,00
660,64	442,26
660,84	546,68
661,03	451,43
661,22	583,83
661,42	432,74
661,61	447,87
661,81	500,34
662,00	462,08
662,20	492,23
662,39	528,33
662,59	478,04
662,78	483,05
662,97	586,07
663,17	516,68
663,36	511,36
663,56	493,31
663,75	496,00
663,95	480,47
664,14	546,09
664,33	475,33
664,53	497,66
664,72	528,27
664,92	467,10
665,11	531,49
665,30	454,71
665,50	452,72
665,69	511,21
665,89	495,32
666,08	517,54
666,28	551,40
666,47	514,20
666,66	479,20
666,86	498,52
667,05	535,79
667,25	577,73
667,44	508,78
667,63	474,62
667,83	569,25
668,02	576,36
668,22	513,53
668,41	419,98
668,60	481,48
668,80	515,80
668,99	532,62
669,19	435,75
669,38	546,50
669,57	472,63
669,77	542,59
669,96	540,64
670,15	553,28
670,35	505,40
670,54	488,91
670,74	580,46
670,93	542,18
671,12	560,59
671,32	467,31
671,51	572,98
671,70	541,03
671,90	575,42
672,09	582,22
672,29	518,05
672,48	443,06
672,67	545,66
672,87	589,45
673,06	457,23
673,25	531,28
673,45	545,70
673,64	483,30
673,83	507,83
674,03	518,22
674,22	577,88
674,41	545,25
674,61	492,62
674,80	594,73
674,99	578,98
675,19	445,72
675,38	569,58
675,57	458,56
675,77	501,40
675,96	517,85
676,15	426,35
676,35	505,48
676,54	568,58
676,73	485,57
676,93	489,24
677,12	589,79
677,31	463,82
677,51	551,35
677,70	542,90
677,89	516,44
678,09	472,69
678,28	487,50
678,47	523,46
678,67	526,96
678,86	478,86
679,05	531,82
679,25	545,62
679,44	459,42
679,63	572,08
679,83	607,84
680,02	544,33
680,21	576,73
680,40	628,66
680,60	557,27
680,79	515,04
680,98	543,47
681,18	451,33
681,37	538,25
681,56	505,81
681,76	517,32
681,95	521,25
682,14	515,74
682,33	498,76
682,53	581,95
682,72	565,83
682,91	469,37
683,11	519,16
683,30	589,59
683,49	554,65
683,68	571,71
683,88	546,75
684,07	562,54
684,26	575,81
684,46	542,14
684,65	514,51
684,84	503,29
685,03	559,26
685,23	584,41
685,42	573,10
685,61	552,85
685,80	610,29
686,00	575,50
686,19	551,99
686,38	548,94
686,57	552,62
686,77	595,88
686,96	549,88
687,15	509,02
687,34	565,87
687,54	586,95
687,73	572,26
687,92	610,11
688,11	554,61
688,31	581,87
688,50	549,72
688,69	484,47
688,88	533,33
689,08	547,65
689,27	611,71
689,46	612,38
689,65	500,73
689,85	562,33
690,04	550,39
690,23	574,17
690,42	617,97
690,61	517,58
690,81	550,60
691,00	576,91
691,19	600,63
691,38	525,45
691,58	566,24
691,77	578,94
691,96	646,26
692,15	592,68
692,34	609,66
692,54	616,25
692,73	548,92
692,92	514,68
693,11	558,01
693,30	521,56
693,50	609,31
693,69	566,51
693,88	542,81
694,07	566,08
694,26	681,22
694,46	565,36
694,65	636,71
694,84	628,58
695,03	645,72
695,22	590,78
695,42	629,01
695,61	568,91
695,80	586,09
695,99	559,98
696,18	628,83
696,37	644,52
696,57	634,67
696,76	684,16
696,95	718,80
697,14	684,12
697,33	530,10
697,53	634,42
697,72	642,08
697,91	744,44
698,10	607,65
698,29	670,36
698,48	708,13
698,68	641,32
698,87	654,96
699,06	697,78
699,25	655,78
699,44	690,55
699,63	679,70
699,82	699,83
700,02	625,72
700,21	653,51
700,40	741,92
700,59	714,72
700,78	766,31
700,97	666,86
701,16	697,68
701,36	695,72
701,55	727,52
701,74	647,79
701,93	733,58
702,12	722,03
702,31	700,06
702,50	731,15
702,70	755,48
702,89	778,66
703,08	782,77
703,27	819,62
703,46	768,75
703,65	823,75
703,84	739,97
704,03	800,49
704,23	833,05
704,42	733,28
704,61	687,44
704,80	745,75
704,99	711,20
705,18	744,35
705,37	751,38
705,56	730,55
705,75	668,60
705,95	711,83
706,14	737,90
706,33	808,66
706,52	797,58
706,71	830,29
706,90	785,91
707,09	811,96
707,28	823,96
707,47	736,96
707,66	873,56
707,86	842,66
708,05	772,68
708,24	765,47
708,43	880,24
708,62	817,26
708,81	806,24
709,00	733,85
709,19	785,42
709,38	897,52
709,57	732,35
709,76	829,67
709,95	946,10
710,15	753,59
710,34	900,47
710,53	789,80
710,72	832,25
710,91	830,74
711,10	877,41
711,29	839,18
711,48	848,00
711,67	869,32
711,86	844,34
712,05	851,28
712,24	777,70
712,43	869,06
712,62	941,59
712,81	898,83
713,00	859,29
713,19	870,76
713,39	879,85
713,58	889,72
713,77	794,12
713,96	866,05
714,15	879,85
714,34	858,59
714,53	877,21
714,72	881,69
714,91	794,20
715,10	896,50
715,29	872,78
715,48	890,44
715,67	875,61
715,86	877,25
716,05	899,84
716,24	916,53
716,43	849,68
716,62	838,95
716,81	865,68
717,00	881,34
717,19	934,98
717,38	835,90
717,57	936,86
717,76	868,89
717,95	936,93
718,14	930,35
718,33	896,13
718,52	960,03
718,71	949,85
718,90	879,95
719,09	870,61
719,28	880,81
719,47	981,92
719,66	903,69
719,85	932,67
720,04	891,99
720,23	929,70
720,42	872,29
720,61	968,67
720,80	966,23
720,99	872,31
721,18	913,87
721,37	1002,91
721,56	941,10
721,75	1021,47
721,94	931,87
722,13	967,58
722,32	954,84
722,51	927,55
722,70	860,47
722,89	959,80
723,08	969,94
723,27	918,04
723,46	955,40
723,65	930,58
723,84	970,53
724,03	1058,10
724,22	942,82
724,41	971,60
724,60	974,30
724,79	986,67
724,97	960,17
725,16	942,09
725,35	973,40
725,54	970,98
725,73	963,20
725,92	999,84
726,11	1006,17
726,30	979,73
726,49	966,11
726,68	1055,48
726,87	989,17
727,06	996,89
727,25	1001,52
727,44	980,94
727,63	1041,23
727,82	995,05
728,01	1014,22
728,19	1081,49
728,38	1048,33
728,57	1081,74
728,76	1062,10
728,95	995,80
729,14	1056,63
729,33	1016,90
729,52	991,61
729,71	1034,06
729,90	1019,72
730,09	984,99
730,28	965,74
730,46	1016,90
730,65	967,73
730,84	1007,38
731,03	1048,07
731,22	1007,46
731,41	965,86
731,60	993,10
731,79	1083,27
731,98	1051,82
732,17	979,05
732,35	1016,61
732,54	1024,23
732,73	1023,37
732,92	1107,60
733,11	1034,04
733,30	1017,66
733,49	999,96
733,68	988,60
733,87	987,08
734,05	972,85
734,24	1024,09
734,43	963,79
734,62	1021,28
734,81	1054,58
735,00	987,96
735,19	865,80
735,38	970,72
735,56	1012,29
735,75	940,35
735,94	999,43
736,13	986,04
736,32	864,71
736,51	902,25
736,70	986,12
736,88	847,29
737,07	948,29
737,26	878,89
737,45	888,88
737,64	925,58
737,83	907,72
738,02	996,73
738,20	999,65
738,39	949,79
738,58	958,29
738,77	891,15
738,96	892,26
739,15	915,93
739,33	888,65
739,52	919,11
739,71	921,34
739,90	892,89
740,09	919,17
740,28	804,34
740,46	870,02
740,65	914,44
740,84	891,46
741,03	966,93
741,22	893,28
741,41	942,41
741,59	828,38
741,78	846,61
741,97	852,67
742,16	921,42
742,35	835,98
742,53	889,39
742,72	882,55
742,91	937,58
743,10	890,85
743,29	888,72
743,48	856,44
743,66	963,61
743,85	855,85
744,04	883,06
744,23	855,68
744,42	903,65
744,60	835,96
744,79	834,34
744,98	883,76
745,17	817,22
745,35	903,36
745,54	837,60
745,73	906,08
745,92	899,82
746,11	865,39
746,29	823,57
746,48	806,43
746,67	853,74
746,86	780,91
747,05	835,24
747,23	846,75
747,42	841,37
747,61	804,81
747,80	754,76
747,98	708,66
748,17	835,10
748,36	769,85
748,55	716,58
748,73	729,61
748,92	776,96
749,11	787,30
749,30	848,15
749,48	817,57
749,67	840,83
749,86	719,51
750,05	739,81
750,23	697,25
750,42	787,12
750,61	722,13
750,80	809,83
750,98	802,46
751,17	759,47
751,36	652,01
751,55	681,79
751,73	700,00
751,92	789,23
752,11	825,93
752,30	727,48
752,48	730,72
752,67	698,11
752,86	726,62
753,04	700,61
753,23	727,58
753,42	725,74
753,61	763,67
753,79	710,05
753,98	749,62
754,17	664,77
754,35	753,92
754,54	786,03
754,73	668,44
754,92	731,74
755,10	748,43
755,29	702,94
755,48	730,26
755,66	695,82
755,85	716,60
756,04	604,68
756,23	637,43
756,41	752,61
756,60	665,77
756,79	642,02
756,97	705,87
757,16	706,16
757,35	712,34
757,53	660,08
757,72	738,35
757,91	624,00
758,09	731,10
758,28	724,74
758,47	758,30
758,65	703,80
758,84	611,11
759,03	654,16
759,21	649,37
759,40	674,68
759,59	591,21
759,77	597,04
759,96	654,55
760,15	634,13
760,33	606,94
760,52	571,51
760,71	538,41
760,89	656,37
761,08	529,73
761,27	600,18
761,45	611,85
761,64	566,30
761,83	582,01
762,01	528,19
762,20	544,10
762,39	533,43
762,57	522,74
762,76	543,12
762,95	504,50
763,13	453,42
763,32	478,00
763,51	408,73
763,69	408,53
763,88	421,25
764,06	458,91
764,25	527,52
764,44	425,53
764,62	453,01
764,81	547,85
765,00	412,54
765,18	394,38
765,37	452,91
765,55	410,15
765,74	325,59
765,93	502,78
766,11	458,66
766,30	531,53
766,48	396,45
766,67	580,39
766,86	574,72
767,04	460,06
767,23	545,85
767,42	531,67
767,60	634,65
767,79	600,59
767,97	655,21
768,16	687,24
768,35	638,93
768,53	626,82
768,72	654,55
768,90	653,63
769,09	668,29
769,27	651,09
769,46	659,47
769,65	707,98
769,83	698,11
770,02	846,96
770,20	886,73
770,39	882,47
770,58	901,72
770,76	903,22
770,95	866,43
771,13	850,89
771,32	874,87
771,50	954,70
771,69	952,18
771,88	1004,98
772,06	1005,10
772,25	974,01
772,43	1011,94
772,62	983,05
772,80	1125,95
772,99	1079,79
773,17	1156,75
773,36	1111,21
773,55	1045,12
773,73	1140,35
773,92	1129,64
774,10	1170,50
774,29	1175,37
774,47	1214,90
774,66	1161,94
774,84	1127,78
775,03	1243,77
775,21	1253,66
775,40	1150,45
775,58	1275,00
775,77	1232,77
775,96	1290,47
776,14	1215,31
776,33	1316,62
776,51	1301,75
776,70	1282,25
776,88	1197,55
777,07	1236,32
777,25	1187,94
777,44	1222,70
777,62	1150,51
777,81	1217,29
777,99	1267,51
778,18	1301,44
778,36	1245,78
778,55	1350,21
778,73	1338,78
778,92	1309,35
779,10	1371,42
779,29	1384,30
779,47	1261,59
779,66	1266,79
779,84	1212,54
780,03	1149,48
780,21	1137,48
780,40	1108,89
780,58	1119,97
780,77	1125,05
780,95	1115,20
781,14	1132,87
781,32	1174,20
781,51	1157,59
781,69	1092,06
781,88	1098,67
782,06	1145,47
782,25	1170,70
782,43	1130,89
782,62	1125,91
782,80	1134,55
782,99	1154,42
783,17	1064,60
783,35	1089,15
783,54	1079,57
783,72	1014,05
783,91	893,53
784,09	930,11
784,28	922,04
784,46	851,95
784,65	807,08
784,83	730,49
785,02	744,42
785,20	765,96
785,39	700,47
785,57	743,23
785,75	723,85
785,94	679,35
786,12	672,63
786,31	739,09
786,49	732,74
786,68	745,03
786,86	732,70
787,04	724,57
787,23	618,20
787,41	677,10
787,60	662,64
787,78	652,36
787,97	627,37
788,15	639,42
788,33	621,66
788,52	530,87
788,70	541,85
788,89	479,33
789,07	511,60
789,26	524,12
789,44	434,72
789,62	413,69
789,81	467,92
789,99	477,83
790,18	344,63
790,36	405,68
790,54	392,82
790,73	434,64
790,91	407,38
791,10	377,46
791,28	422,56
791,46	457,78
791,65	438,78
791,83	483,26
792,02	471,44
792,20	441,38
792,38	452,25
792,57	421,78
792,75	437,28
792,94	463,58
793,12	467,72
793,30	502,14
793,49	485,57
793,67	534,93
793,85	462,39
794,04	446,54
794,22	532,64
794,41	451,02
794,59	480,99
794,77	406,50
794,96	349,75
795,14	460,36
795,32	373,61
795,51	420,78
795,69	388,03
795,87	393,78
796,06	468,04
796,24	467,02
796,43	432,55
796,61	435,85
796,79	394,79
796,98	458,75
797,16	412,26
797,34	430,81
797,53	449,32
797,71	494,95
797,89	541,97
798,08	557,64
798,26	559,28
798,44	675,05
798,63	668,91
798,81	687,20
798,99	811,34
799,18	751,54
799,36	668,50
799,54	684,68
799,73	749,13
799,91	668,85
800,09	723,83
800,28	680,42
800,46	725,98
800,64	725,98
800,83	756,36
801,01	626,35
801,19	659,59
801,37	609,37
801,56	655,10
801,74	745,67
801,92	681,48
802,11	629,77
802,29	692,03
802,47	720,80
802,66	755,62
802,84	711,03
803,02	756,97
803,20	735,59
803,39	771,08
803,57	820,21
803,75	737,62
803,94	800,08
804,12	759,69
804,30	745,79
804,48	772,53
804,67	827,28
804,85	786,24
805,03	859,68
805,22	848,15
805,40	755,72
805,58	736,16
805,76	706,57
805,95	678,76
806,13	667,95
806,31	633,60
806,49	600,05
806,68	604,46
806,86	570,75
807,04	523,85
807,23	438,12
807,41	523,17
807,59	409,23
807,77	514,82
807,96	510,89
808,14	458,58
808,32	385,51
808,50	419,85
808,69	386,31
808,87	464,85
809,05	378,87
809,23	382,21
809,41	387,07
809,60	330,69
809,78	312,81
809,96	316,43
810,14	363,41
810,33	326,90
810,51	206,33
810,69	354,30
810,87	262,80
811,06	248,81
811,24	201,36
811,42	279,28
811,60	227,00
811,78	217,60
811,97	151,69
812,15	215,57
812,33	248,66
812,51	222,86
812,69	232,01
812,88	238,32
813,06	136,64
813,24	206,19
813,42	173,38
813,61	201,21
813,79	164,53
813,97	224,74
814,15	203,57
814,33	207,93
814,51	270,93
814,70	168,45
814,88	211,02
815,06	194,56
815,24	173,83
815,42	186,86
815,61	186,86
815,79	298,10
815,97	209,38
816,15	208,73
816,33	247,85
816,51	271,74
816,70	282,25
816,88	287,31
817,06	211,49
817,24	306,48
817,42	388,03
817,60	333,37
817,79	319,42
817,97	387,89
818,15	328,49
818,33	332,18
818,51	377,17
818,69	298,06
818,88	298,16
819,06	281,80
819,24	373,14
819,42	289,07
819,60	299,99
819,78	356,82
819,96	354,18
820,15	303,47
820,33	341,05
820,51	235,45
820,69	279,45
820,87	171,39
821,05	218,29
821,23	208,54
821,42	141,33
821,60	145,24
821,78	189,44
821,96	160,25
822,14	182,68
822,32	121,36
822,50	287,13
822,68	213,09
822,87	302,69
823,05	215,28
823,23	264,00
823,41	239,84
823,59	293,33
823,77	338,88
823,95	305,76
824,13	277,89
824,31	274,20
824,50	344,61
824,68	409,88
824,86	417,42
825,04	327,96
825,22	402,55
825,40	401,81
825,58	414,32
825,76	408,12
825,94	422,66
826,12	446,03
826,30	449,28
826,49	472,08
826,67	449,22
826,85	493,93
827,03	534,89
827,21	562,99
827,39	527,80
827,57	473,29
827,75	439,10
827,93	457,35
828,11	543,37
828,29	525,06
828,47	493,11
828,65	595,75
828,83	568,99
829,02	668,85
829,20	547,20
829,38	687,75
829,56	695,29
829,74	719,62
829,92	684,92
830,10	717,16
830,28	852,65
830,46	836,17
830,64	934,92
830,82	973,05
831,00	965,19
831,18	1054,48
831,36	1092,43
831,54	1123,82
831,72	1179,88
831,90	1147,78
832,08	1144,36
832,26	1170,68
832,44	1159,60
832,62	1170,25
832,80	1081,00
832,98	1135,13
833,16	1076,82
833,35	1078,67
833,53	1029,92
833,71	968,40
833,89	991,85
834,07	1081,94
834,25	1090,34
834,43	1193,88
834,61	1191,24
834,79	1193,00
834,97	1133,67
835,15	1196,26
835,33	1235,13
835,51	1235,48
835,69	1128,02
835,87	1264,93
836,05	1242,36
836,23	1355,12
836,41	1325,30
836,59	1358,85
836,77	1260,98
836,95	1407,34
837,13	1410,19
837,31	1337,88
837,49	1256,18
837,67	1197,32
837,84	1121,92
838,02	1149,26
838,20	1055,67
838,38	1026,69
838,56	986,67
838,74	956,36
838,92	839,79
839,10	818,96
839,28	815,32
839,46	779,87
839,64	743,54
839,82	746,48
840,00	781,73
840,18	740,01
840,36	681,97
840,54	744,68
840,72	706,06
840,90	744,85
841,08	693,34
841,26	786,40
841,44	765,37
841,62	692,79
841,80	763,11
841,98	701,59
842,15	721,89
842,33	689,63
842,51	687,01
842,69	723,44
842,87	634,19
843,05	727,34
843,23	743,52
843,41	661,92
843,59	587,91
843,77	644,62
843,95	654,04
844,13	639,66
844,31	523,11
844,49	622,25
844,66	575,75
844,84	524,77
845,02	582,46
845,20	516,72
845,38	614,60
845,56	519,90
845,74	569,21
845,92	516,27
846,10	559,96
846,28	534,75
846,46	484,02
846,63	487,62
846,81	502,94
846,99	513,67
847,17	446,46
847,35	549,02
847,53	417,64
847,71	456,08
847,89	456,80
848,07	440,35
848,24	418,56
848,42	452,46
848,60	345,51
848,78	418,83
848,96	399,60
849,14	425,90
849,32	284,75
849,50	394,44
849,67	413,73
849,85	421,80
850,03	487,05
850,21	376,11
850,39	360,20
850,57	490,98
850,75	434,70
850,92	402,00
851,10	350,37
851,28	317,46
851,46	447,79
851,64	454,83
851,82	482,73
852,00	523,26
852,17	389,59
852,35	400,69
852,53	474,51
852,71	444,55
852,89	419,81
853,07	514,74
853,24	488,95
853,42	528,54
853,60	440,85
853,78	492,99
853,96	497,84
854,14	519,73
854,31	479,94
854,49	582,46
854,67	495,32
854,85	529,54
855,03	526,92
855,21	495,47
855,38	545,25
855,56	537,26
855,74	489,98
855,92	587,52
856,10	565,30
856,27	531,26
856,45	561,82
856,63	551,80
856,81	669,67
856,99	636,82
857,16	667,88
857,34	629,87
857,52	616,58
857,70	603,99
857,88	597,04
858,05	569,15
858,23	588,93
858,41	574,43
858,59	605,22
858,77	536,49
858,94	577,38
859,12	590,63
859,30	574,86
859,48	561,68
859,65	554,39
859,83	558,01
860,01	566,43
860,19	566,86
860,36	648,61
860,54	624,86
860,72	559,69
860,90	565,42
861,08	632,76
861,25	587,69
861,43	536,67
861,61	592,13
861,79	523,95
861,96	660,84
862,14	622,66
862,32	594,63
862,50	548,55
862,67	544,74
862,85	587,93
863,03	510,95
863,21	553,46
863,38	553,44
863,56	597,62
863,74	577,34
863,91	572,63
864,09	536,47
864,27	601,55
864,45	553,01
864,62	577,85
864,80	540,73
864,98	654,61
865,16	550,58
865,33	515,76
865,51	513,26
865,69	493,40
865,86	563,50
866,04	493,99
866,22	476,21
866,40	493,11
866,57	603,66
866,75	591,33
866,93	535,24
867,10	529,54
867,28	405,40
867,46	550,00
867,63	542,63
867,81	566,26
867,99	512,83
868,17	509,29
868,34	488,30
868,52	572,69
868,70	527,50
868,87	524,20
869,05	530,34
869,23	529,93
869,40	478,00
869,58	567,12
869,76	517,83
869,93	525,41
870,11	492,45
870,29	554,08
870,46	480,13
870,64	605,71
870,82	542,90
870,99	463,11
871,17	477,59
871,35	483,61
871,52	509,00
871,70	553,55
871,88	545,05
872,05	567,59
872,23	518,98
872,41	560,32
872,58	560,24
872,76	475,56
872,94	515,60
873,11	535,71
873,29	490,51
873,47	578,16
873,64	492,64
873,82	473,18
873,99	526,23
874,17	541,01
874,35	597,09
874,52	541,71
874,70	496,26
874,88	507,61
875,05	414,71
875,23	471,24
875,41	478,02
875,58	474,21
875,76	473,39
875,93	461,86
876,11	487,56
876,29	491,00
876,46	513,22
876,64	457,99
876,81	526,98
876,99	447,03
877,17	564,48
877,34	542,34
877,52	485,84
877,69	565,03
877,87	566,47
878,05	479,29
878,22	515,45
878,40	472,36
878,57	522,03
878,75	481,38
878,93	508,43
879,10	521,47
879,28	555,68
879,45	436,24
879,63	469,21
879,81	443,51
879,98	472,32
880,16	515,39
880,33	493,91
880,51	424,95
880,68	457,02
880,86	446,03
881,04	494,15
881,21	418,58
881,39	440,85
881,56	482,67
881,74	498,54
881,91	474,51
882,09	402,41
882,26	480,17
882,44	535,97
882,62	407,03
882,79	443,12
882,97	447,21
883,14	483,81
883,32	475,21
883,49	490,18
883,67	498,37
883,84	420,76
884,02	427,43
884,19	449,73
884,37	443,88
884,55	416,68
884,72	490,59
884,90	461,49
885,07	399,15
885,25	471,71
885,42	387,82
885,60	375,06
885,77	373,34
885,95	396,18
886,12	453,87
886,30	418,50
886,47	377,58
886,65	396,45
886,82	460,81
887,00	555,82
887,17	459,38
887,35	454,10
887,52	434,54
887,70	394,91
887,87	441,99
888,05	441,56
888,22	472,08
888,40	397,26
888,57	430,81
888,75	419,06
888,92	355,77
889,10	362,51
889,27	360,79
889,45	394,66
889,62	455,96
889,80	389,75
889,97	430,73
890,15	435,73
890,32	333,47
890,50	360,09
890,67	345,96
890,85	378,46
891,02	398,53
891,20	401,30
891,37	420,78
891,54	334,82
891,72	327,04
891,89	383,28
892,07	383,89
892,24	425,26
892,42	349,98
892,59	414,55
892,77	365,71
892,94	410,13
893,12	365,28
893,29	442,75
893,46	371,15
893,64	393,41
893,81	348,48
893,99	338,65
894,16	333,53
894,34	359,11
894,51	373,71
894,68	423,25
894,86	320,71
895,03	291,38
895,21	360,05
895,38	381,15
895,56	395,59
895,73	386,23
895,90	324,79
896,08	332,02
896,25	416,56
896,43	367,28
896,60	292,53
896,78	290,14
896,95	335,78
897,12	320,38
897,30	292,43
897,47	326,43
897,65	322,60
897,82	368,18
897,99	331,91
898,17	294,09
898,34	318,11
898,52	365,48
898,69	394,89
898,86	378,46
899,04	324,64
899,21	329,87
899,39	332,61
899,56	300,40
899,73	403,84
899,91	271,46
900,08	293,56
900,25	282,82
900,43	340,76
900,60	368,61
900,78	245,39
900,95	320,06
901,12	339,98
901,30	281,33
901,47	360,71
901,64	281,66
901,82	298,98
901,99	228,10
902,16	310,68
902,34	316,78
902,51	223,80
902,69	256,30
902,86	195,17
903,03	335,50
903,21	329,27
903,38	261,67
903,55	288,91
903,73	352,95
903,90	296,79
904,07	292,72
904,25	344,08
904,42	310,33
904,59	366,48
904,77	333,47
904,94	263,18
905,11	317,46
905,29	293,80
905,46	317,56
905,63	328,02
905,81	229,02
905,98	272,03
906,15	322,96
906,33	335,58
906,50	341,99
906,67	263,49
906,84	321,74
907,02	238,38
907,19	329,74
907,36	271,66
907,54	281,62
907,71	315,69
907,88	307,65
908,06	320,28
908,23	316,29
908,40	287,47
908,57	340,54
908,75	328,27
908,92	331,55
909,09	282,54
909,27	287,74
909,44	287,25
909,61	308,18
909,78	305,33
909,96	316,19
910,13	187,88
910,30	278,69
910,48	284,77
910,65	249,38
910,82	276,74
910,99	246,58
911,17	241,41
911,34	247,42
911,51	275,23
911,68	242,66
911,86	283,81
912,03	254,26
912,20	260,07
912,37	266,56
912,55	234,00
912,72	235,11
912,89	233,86
913,06	268,51
913,24	322,47
913,41	302,01
913,58	188,58
913,75	298,98
913,93	179,22
914,10	228,31
914,27	227,00
914,44	268,24
914,62	251,96
914,79	227,06
914,96	175,92
915,13	205,70
915,31	250,61
915,48	228,27
915,65	253,01
915,82	198,26
915,99	285,51
916,17	159,95
916,34	191,77
916,51	205,10
916,68	201,66
916,85	170,53
917,03	293,27
917,20	272,42
917,37	250,28
917,54	231,89
917,71	168,65
917,89	276,72
918,06	188,66
918,23	214,57
918,40	182,95
918,57	281,78
918,75	132,91
918,92	136,80
919,09	171,52
919,26	235,62
919,43	258,92
919,61	185,94
919,78	205,76
919,95	160,27
920,12	208,77
920,29	201,79
920,46	155,38
920,64	149,50
920,81	191,28
920,98	208,18
921,15	127,26
921,32	171,97
921,49	148,11
921,67	214,67
921,84	283,44
922,01	243,07
922,18	146,45
922,35	211,41
922,52	214,20
922,69	235,68
922,87	171,44
923,04	213,30
923,21	221,55
923,38	174,12
923,55	244,02
923,72	201,42
923,89	147,70
924,07	211,39
924,24	157,24
924,41	218,95
924,58	156,49
924,75	145,96
924,92	186,57
925,09	176,90
925,26	158,31
925,44	216,45
925,61	169,59
925,78	111,82
925,95	154,38
926,12	193,31
926,29	187,25
926,46	176,82
926,63	128,82
926,80	116,86
926,98	192,98
927,15	173,83
927,32	140,06
927,49	160,17
927,66	144,96
927,83	108,50
928,00	238,42
928,17	167,05
928,34	189,27
928,51	106,78
928,69	132,87
928,86	162,94
929,03	144,34
929,20	213,87
929,37	162,22
929,54	174,20
929,71	103,40
929,88	207,01
930,05	202,79
930,22	176,92
930,39	82,64
930,56	121,53
930,73	130,23
930,90	209,16
931,08	203,06
931,25	191,53
931,42	98,32
931,59	208,28
931,76	149,60
931,93	163,92
932,10	131,13
932,27	147,45
932,44	98,08
932,61	154,03
932,78	141,15
932,95	80,28
933,12	195,09
933,29	150,89
933,46	228,18
933,63	129,66
933,80	182,41
933,97	131,27
934,14	179,63
934,31	122,63
934,48	133,26
934,65	209,14
934,82	145,53
934,99	116,75
935,16	233,08
935,33	44,83
935,50	129,78
935,67	118,29
935,85	55,93
936,02	124,74
936,19	111,18
936,36	87,26
936,53	99,41
936,70	91,22
936,87	70,37
937,04	97,95
937,21	87,53
937,38	147,19
937,55	124,33
937,72	170,53
937,88	122,76
938,05	124,21
938,22	114,32
938,39	87,92
938,56	136,68
938,73	149,46
938,90	139,51
939,07	105,92
939,24	139,36
939,41	117,29
939,58	114,79
939,75	51,75
939,92	129,29
940,09	-61,40
940,26	64,90
940,43	91,48
940,60	121,73
940,77	140,92
940,94	99,94
941,11	132,16
941,28	157,59
941,45	68,05
941,62	71,45
941,79	95,50
941,96	139,71
942,13	58,37
942,30	76,02
942,47	123,14
942,63	158,39
942,80	87,61
942,97	86,92
943,14	118,91
943,31	166,62
943,48	82,78
943,65	79,99
943,82	193,00
943,99	115,71
944,16	120,48
944,33	86,22
944,50	92,04
944,67	42,23
944,83	202,75
945,00	111,18
945,17	136,11
945,34	120,11
945,51	88,72
945,68	133,57
945,85	189,64
946,02	89,27
946,19	84,83
946,36	118,68
946,53	143,15
946,69	111,02
946,86	61,13
947,03	-7,33
947,20	90,93
947,37	88,64
947,54	75,32
947,71	145,82
947,88	111,92
948,05	82,12
948,21	180,45
948,38	76,94
948,55	99,67
948,72	137,54
948,89	160,81
949,06	41,25
949,23	76,57
949,40	111,80
949,56	120,73
949,73	171,09
949,90	165,97
950,07	130,39
950,24	148,21
950,41	35,08
950,58	45,98
950,74	144,48
950,91	22,00
951,08	96,87
951,25	102,42
951,42	133,55
951,59	80,67
951,75	97,81
951,92	129,49
952,09	161,05
952,26	88,41
952,43	97,36
952,60	139,00
952,76	72,09
952,93	53,33
953,10	121,67
953,27	56,11
953,44	118,13
953,61	76,39
953,77	61,36
953,94	132,95
954,11	150,63
954,28	102,64
954,45	123,78
954,61	121,79
954,78	48,19
954,95	110,77
955,12	52,22
955,29	83,70
955,45	89,35
955,62	85,69
955,79	116,04
955,96	143,91
956,13	67,60
956,29	61,21
956,46	143,85
956,63	71,08
956,80	115,46
956,97	59,68
957,13	29,84
957,30	121,92
957,47	71,23
957,64	81,61
957,80	115,71
957,97	129,37
958,14	205,21
958,31	129,10
958,48	47,23
958,64	85,99
958,81	50,44
958,98	136,99
959,15	39,24
959,31	62,89
959,48	112,13
959,65	-40,78
959,82	172,11
959,98	38,97
960,15	122,96
960,32	37,95
960,49	128,12
960,65	60,23
960,82	74,05
960,99	143,73
961,16	122,28
961,32	69,94
961,49	122,94
961,66	133,94
961,83	48,84
961,99	29,74
962,16	132,03
962,33	37,52
962,49	163,61
962,66	106,15
962,83	128,12
963,00	129,25
963,16	79,73
963,33	90,97
963,50	120,87
963,66	64,67
963,83	63,49
964,00	43,27
964,17	52,53
964,33	12,84
964,50	96,58
964,67	86,49
964,83	47,43
965,00	56,24
965,17	125,97
965,33	125,11
965,50	79,83
965,67	111,02
965,84	132,05
966,00	85,05
966,17	144,50
966,34	45,18
966,50	91,36
966,67	92,81
966,84	130,37
967,00	113,09
967,17	97,44
967,34	86,90
967,50	134,84
967,67	98,34
967,84	29,16
968,00	17,98
968,17	63,32
968,34	54,58
968,50	38,50
968,67	89,13
968,84	7,66
969,00	115,20
969,17	32,64
969,34	89,95
969,50	83,86
969,67	76,53
969,83	74,59
970,00	87,65
970,17	55,87
970,33	88,60
970,50	187,18
970,67	79,32
970,83	81,61
971,00	100,82
971,17	28,53
971,33	54,29
971,50	113,99
971,66	-33,26
971,83	163,90
972,00	11,10
972,16	103,28
972,33	142,09
972,50	129,23
972,66	102,85
972,83	-7,29
972,99	70,39
973,16	83,88
973,33	105,45
973,49	49,32
973,66	104,02
973,82	57,28
973,99	50,79
974,16	67,87
974,32	150,53
974,49	130,64
974,65	179,14
974,82	14,32
974,99	86,42
975,15	167,48
975,32	13,86
975,48	34,28
975,65	-2,42
975,81	65,08
975,98	109,34
976,15	139,22
976,31	83,17
976,48	124,43
976,64	49,21
976,81	61,91
976,97	79,03
977,14	74,61
977,31	109,89
977,47	90,73
977,64	140,57
977,80	105,90
977,97	107,64
978,13	108,73
978,30	72,31
978,46	119,09
978,63	31,66
978,79	46,45
978,96	63,81
979,13	53,84
979,29	86,94
979,46	65,60
979,62	161,18
979,79	106,88
979,95	86,75
980,12	105,80
980,28	32,60
980,45	48,09
980,61	11,57
980,78	37,17
980,94	107,64
981,11	138,40
981,27	81,37
981,44	90,32
981,60	124,66
981,77	72,23
981,93	55,17
982,10	95,82
982,26	91,61
982,43	68,48
982,59	109,18
982,76	8,03
982,92	4,67
983,09	160,97
983,25	96,56
983,42	15,63
983,58	139,98
983,75	146,29
983,91	138,65
984,08	33,55
984,24	136,95
984,41	121,79
984,57	63,45
984,74	4,83
984,90	34,16
985,07	86,55
985,23	113,62
985,40	130,11
985,56	69,55
985,73	105,27
985,89	66,60
986,06	63,34
986,22	46,61
986,38	83,15
986,55	18,25
986,71	52,20
986,88	117,94
987,04	115,10
987,21	102,19
987,37	41,39
987,54	90,97
987,70	50,73
987,87	45,51
988,03	63,36
988,19	155,44
988,36	115,53
988,52	55,52
988,69	109,16
988,85	127,63
989,02	96,54
989,18	43,81
989,34	37,91
989,51	126,42
989,67	100,99
989,84	141,13
990,00	51,40
990,16	27,46
990,33	94,00
990,49	74,73
990,66	-2,44
990,82	104,10
990,99	40,51
991,15	130,89
991,31	154,72
991,48	80,55
991,64	126,34
991,81	102,23
991,97	84,70
992,13	40,63
992,30	15,34
992,46	26,30
992,62	56,75
992,79	75,22
992,95	8,89
993,12	120,32
993,28	102,66
993,44	82,18
993,61	147,72
993,77	127,71
993,94	125,09
994,10	137,32
994,26	92,69
994,43	106,74
994,59	113,11
994,75	88,31
994,92	66,76
995,08	95,33
995,24	106,86
995,41	63,47
995,57	101,37
995,73	94,37
995,90	160,50
996,06	99,06
996,23	69,79
996,39	58,24
996,55	73,03
996,72	84,83
996,88	39,65
997,04	25,23
997,21	21,26
997,37	59,35
997,53	82,18
997,70	105,29
997,86	48,99
998,02	126,69
998,19	88,29
998,35	39,69
998,51	38,17
998,67	95,58
998,84	122,39
999,00	68,14
999,16	103,81
999,33	130,56
999,49	112,56
999,65	143,26
999,82	39,57
999,98	24,80
1000,14	101,70
1000,31	91,46
1000,47	121,81
1000,63	-15,91
1000,79	55,58
1000,96	24,04
1001,12	46,69
1001,28	61,32
1001,45	76,78
1001,61	19,29
1001,77	30,94
1001,93	72,42
1002,10	112,72
1002,26	-6,12
1002,42	33,57
1002,59	86,83
1002,75	157,76
1002,91	68,05
1003,07	133,22
1003,24	132,16
1003,40	60,80
1003,56	102,79
1003,72	87,00
1003,89	54,74
1004,05	113,44
1004,21	117,76
1004,37	78,23
1004,54	83,56
1004,70	50,03
1004,86	101,89
1005,02	96,89
1005,19	60,31
1005,35	65,70
1005,51	54,23
1005,67	80,96
1005,84	46,04
1006,00	45,22
1006,16	106,97
1006,32	99,86
1006,48	41,90
1006,65	99,86
1006,81	117,70
1006,97	158,35
1007,13	90,34
1007,30	91,05
1007,46	75,02
1007,62	82,00
1007,78	4,65
1007,94	136,82
1008,11	120,20
1008,27	102,11
1008,43	-19,39
1008,59	71,21
1008,75	127,69
1008,92	92,18
1009,08	49,56
1009,24	115,08
1009,40	62,44
1009,56	123,08
1009,73	6,49
1009,89	-7,48
1010,05	45,94
1010,21	134,69
1010,37	19,35
1010,54	31,70
1010,70	71,39
1010,86	60,05
1011,02	81,20
1011,18	113,95
1011,34	92,71
1011,51	27,65
1011,67	40,37
1011,83	69,10
1011,99	-18,82
1012,15	71,21
1012,31	28,47
1012,48	26,17
1012,64	93,53
1012,80	135,58
1012,96	115,20
1013,12	67,69
1013,28	143,07
1013,44	111,35
1013,61	112,80
1013,77	82,10
1013,93	77,04
1014,09	115,42
1014,25	46,41
1014,41	133,83
1014,57	87,45
1014,74	53,76
1014,90	92,04
1015,06	127,59
1015,22	137,28
1015,38	-7,54
1015,54	42,90
1015,70	76,55
1015,86	47,25
1016,03	112,33
1016,19	84,50
1016,35	114,26
1016,51	83,37
1016,67	58,20
1016,83	34,06
1016,99	13,93
1017,15	107,15
1017,31	82,62
1017,47	89,70
1017,64	103,71
1017,80	98,92
1017,96	42,72
1018,12	62,34
1018,28	66,15
1018,44	40,75
1018,60	78,17
1018,76	59,35
1018,92	75,53
1019,08	108,73
1019,24	2,42
1019,40	12,10
1019,57	-21,24
1019,73	90,25
1019,89	21,22
1020,05	73,48
1020,21	15,24
1020,37	113,17
1020,53	25,17
1020,69	94,64
1020,85	98,90
1021,01	53,39
1021,17	1,11
1021,33	60,91
1021,49	54,50
1021,65	100,58
1021,81	-0,88
1021,97	-25,64
1022,13	128,96
1022,29	61,36
1022,46	29,27
1022,62	114,93
1022,78	42,35
1022,94	62,18
1023,10	69,30
1023,26	110,90
1023,42	63,38
1023,58	142,35
1023,74	52,49
1023,90	138,98
1024,06	43,19
1024,22	98,79
1024,38	97,44
1024,54	105,47
1024,70	-6,68
1024,86	79,54
1025,02	64,59
1025,18	11,65
1025,34	97,14
1025,50	105,00
1025,66	27,67
1025,82	68,32
1025,98	75,24
1026,14	85,63
1026,30	22,00
1026,46	97,97
1026,62	52,04
1026,78	136,01
1026,94	64,65
1027,10	128,82
1027,26	33,87
1027,42	104,96
1027,58	-4,14
1027,74	78,44
1027,90	39,12
1028,06	110,92
1028,22	86,01
1028,38	59,92
1028,54	29,70
1028,70	21,30
1028,85	130,99
1029,01	115,08
1029,17	88,43
1029,33	142,80
1029,49	146,74
1029,65	136,74
1029,81	95,56
1029,97	37,25
1030,13	77,90
1030,29	31,07
1030,45	2,38
1030,61	73,46
1030,77	131,56
1030,93	46,00
1031,09	43,25
1031,25	127,08
1031,41	122,02
1031,57	133,53
1031,72	59,60
1031,88	89,84
1032,04	45,44
1032,20	79,34
1032,36	35,47
1032,52	61,85
1032,68	93,80
1032,84	103,81
1033,00	85,95
1033,16	96,97
1033,32	100,86
1033,48	63,45
1033,63	40,82
1033,79	92,75
1033,95	18,33
1034,11	134,26
1034,27	1,15
1034,43	49,34
1034,59	136,42
1034,75	115,55
1034,91	-10,06
1035,06	25,35
