   1.000e+007  2.628e-002  0.000e+000 
   6.000e+007  2.418e-001  0.000e+000 
   1.100e+008  3.422e-001  0.000e+000 
   1.600e+008  4.190e-001  0.000e+000 
   2.100e+008  4.836e-001  0.000e+000 
   2.600e+008  5.405e-001  0.000e+000 
   3.100e+008  5.920e-001  0.000e+000 
   3.600e+008  6.393e-001  0.000e+000 
   4.100e+008  6.833e-001  0.000e+000 
   4.600e+008  7.247e-001  0.000e+000 
   5.100e+008  7.639e-001  0.000e+000 
   5.600e+008  8.012e-001  0.000e+000 
   6.100e+008  8.369e-001  0.000e+000 
   6.600e+008  8.717e-001  0.000e+000 
   7.100e+008  9.059e-001  0.000e+000 
   7.600e+008  9.400e-001  0.000e+000 
   8.100e+008  9.743e-001  0.000e+000 
   8.600e+008  1.009e+000  0.000e+000 
   9.100e+008  1.044e+000  0.000e+000 
   9.600e+008  1.079e+000  0.000e+000 
   1.010e+009  1.114e+000  0.000e+000 
   1.060e+009  1.150e+000  0.000e+000 
   1.110e+009  1.185e+000  0.000e+000 
   1.160e+009  1.220e+000  0.000e+000 
   1.210e+009  1.256e+000  0.000e+000 
   1.260e+009  1.292e+000  0.000e+000 
   1.310e+009  1.327e+000  0.000e+000 
   1.360e+009  1.363e+000  0.000e+000 
   1.410e+009  1.399e+000  0.000e+000 
   1.460e+009  1.434e+000  0.000e+000 
   1.510e+009  1.470e+000  0.000e+000 
   1.560e+009  1.506e+000  0.000e+000 
   1.610e+009  1.542e+000  0.000e+000 
   1.660e+009  1.578e+000  0.000e+000 
   1.710e+009  1.614e+000  0.000e+000 
   1.760e+009  1.650e+000  0.000e+000 
   1.810e+009  1.685e+000  0.000e+000 
   1.860e+009  1.721e+000  0.000e+000 
   1.910e+009  1.757e+000  0.000e+000 
   1.960e+009  1.793e+000  0.000e+000