64	64
8.571790e-10	7.931149e+07
6.216920e+02
6.120416e+02
6.026863e+02
5.936127e+02
5.848082e+02
5.762611e+02
5.679603e+02
5.598952e+02
5.520559e+02
5.444331e+02
5.370179e+02
5.298021e+02
5.227776e+02
5.159369e+02
5.092729e+02
5.027789e+02
4.964484e+02
4.902753e+02
4.842539e+02
4.783786e+02
4.726441e+02
4.670455e+02
4.615780e+02
4.562370e+02
4.510182e+02
4.459175e+02
4.409308e+02
4.360544e+02
4.312847e+02
4.266182e+02
4.220516e+02
4.175818e+02
4.132056e+02
4.089202e+02
4.047228e+02
4.006107e+02
3.965813e+02
3.926321e+02
3.887608e+02
3.849652e+02
3.812429e+02
3.775919e+02
3.740102e+02
3.704958e+02
3.670468e+02
3.636614e+02
3.603379e+02
3.570746e+02
3.538699e+02
3.507222e+02
3.476300e+02
3.445919e+02
3.416064e+02
3.386722e+02
3.357879e+02
3.329524e+02
3.301644e+02
3.274226e+02
3.247261e+02
3.220736e+02
3.194640e+02
3.168964e+02
3.143698e+02
3.118831e+02
-6.576019e+01
-6.370519e+01
-6.165018e+01
-5.959517e+01
-5.754017e+01
-5.548516e+01
-5.343016e+01
-5.137515e+01
-4.932014e+01
-4.726514e+01
-4.521013e+01
-4.315513e+01
-4.110012e+01
-3.904511e+01
-3.699011e+01
-3.493510e+01
-3.288010e+01
-3.082509e+01
-2.877008e+01
-2.671508e+01
-2.466007e+01
-2.260507e+01
-2.055006e+01
-1.849505e+01
-1.644005e+01
-1.438504e+01
-1.233004e+01
-1.027503e+01
-8.220024e+00
-6.165018e+00
-4.110012e+00
-2.055006e+00
0.000000e+00
2.055006e+00
4.110012e+00
6.165018e+00
8.220024e+00
1.027503e+01
1.233004e+01
1.438504e+01
1.644005e+01
1.849505e+01
2.055006e+01
2.260507e+01
2.466007e+01
2.671508e+01
2.877008e+01
3.082509e+01
3.288010e+01
3.493510e+01
3.699011e+01
3.904511e+01
4.110012e+01
4.315513e+01
4.521013e+01
4.726514e+01
4.932014e+01
5.137515e+01
5.343016e+01
5.548516e+01
5.754017e+01
5.959517e+01
6.165018e+01
6.370519e+01
1.052152e-01
8.685202e-02
9.566419e-02
6.350386e-02
4.758172e-02
2.555770e-02
1.326282e-02
6.280002e-03
2.916486e-03
1.976599e-03
1.524887e-03
1.523225e-03
1.316376e-03
1.192269e-03
8.932607e-04
6.363177e-04
3.729455e-04
1.902402e-04
8.024099e-05
2.686648e-05
7.622158e-06
1.710911e-06
3.460778e-07
8.019946e-08
2.134554e-08
1.307828e-08
3.452713e-08
7.525033e-08
8.184541e-08
4.847357e-08
5.113612e-08
3.846243e-08
3.109506e-08
3.846243e-08
5.113612e-08
4.847357e-08
8.184541e-08
7.525033e-08
3.452713e-08
1.307828e-08
2.134554e-08
8.019946e-08
3.460778e-07
1.710911e-06
7.622158e-06
2.686648e-05
8.024099e-05
1.902402e-04
3.729455e-04
6.363177e-04
8.932607e-04
1.192269e-03
1.316376e-03
1.523225e-03
1.524887e-03
1.976599e-03
2.916486e-03
6.280002e-03
1.326282e-02
2.555770e-02
4.758172e-02
6.350386e-02
9.566419e-02
8.685202e-02
8.129105e-02
1.098104e-01
7.952084e-02
7.453736e-02
4.267685e-02
2.771572e-02
1.293375e-02
6.287249e-03
3.042182e-03
1.899898e-03
1.628822e-03
1.446554e-03
1.442318e-03
1.154172e-03
9.762651e-04
6.457800e-04
4.033075e-04
2.025461e-04
8.763696e-05
3.077797e-05
9.122520e-06
2.140581e-06
4.833052e-07
9.047106e-08
1.721238e-08
5.929112e-09
2.872344e-08
4.742808e-08
5.266492e-08
4.769005e-08
3.472401e-08
2.369982e-08
1.509178e-08
2.369982e-08
3.472401e-08
4.769005e-08
5.266492e-08
4.742808e-08
2.872344e-08
5.929112e-09
1.721238e-08
9.047106e-08
4.833052e-07
2.140581e-06
9.122520e-06
3.077797e-05
8.763696e-05
2.025461e-04
4.033075e-04
6.457800e-04
9.762651e-04
1.154172e-03
1.442318e-03
1.446554e-03
1.628822e-03
1.899898e-03
3.042182e-03
6.287249e-03
1.293375e-02
2.771572e-02
4.267685e-02
7.453736e-02
7.952084e-02
1.098104e-01
1.073503e-01
8.729330e-02
9.951667e-02
6.285941e-02
4.993525e-02
2.506444e-02
1.411142e-02
6.047857e-03
3.200803e-03
1.899969e-03
1.651462e-03
1.539676e-03
1.413232e-03
1.240481e-03
9.723252e-04
6.740250e-04
4.074783e-04
2.073569e-04
8.783754e-05
3.120501e-05
8.973375e-06
2.196109e-06
5.791087e-07
1.363898e-07
4.026132e-08
7.497945e-09
1.672891e-08
2.821847e-08
3.674064e-08
3.616835e-08
2.536019e-08
2.298402e-08
1.100035e-08
2.298402e-08
2.536019e-08
3.616835e-08
3.674064e-08
2.821847e-08
1.672891e-08
7.497945e-09
4.026132e-08
1.363898e-07
5.791087e-07
2.196109e-06
8.973375e-06
3.120501e-05
8.783754e-05
2.073569e-04
4.074783e-04
6.740250e-04
9.723252e-04
1.240481e-03
1.413232e-03
1.539676e-03
1.651462e-03
1.899969e-03
3.200803e-03
6.047857e-03
1.411142e-02
2.506444e-02
4.993525e-02
6.285941e-02
9.951667e-02
8.729330e-02
8.369479e-02
1.141122e-01
8.084567e-02
7.723821e-02
4.361657e-02
2.862770e-02
1.309572e-02
6.698342e-03
3.019199e-03
2.091706e-03
1.630479e-03
1.601132e-03
1.402933e-03
1.278103e-03
9.461165e-04
6.771475e-04
3.928631e-04
1.982325e-04
8.177505e-05
2.804613e-05
7.283690e-06
1.723076e-06
3.816210e-07
1.118826e-07
4.175400e-08
1.890813e-08
2.808532e-08
5.254264e-08
5.935310e-08
4.817548e-08
3.623265e-08
2.864154e-08
2.251861e-08
2.864154e-08
3.623265e-08
4.817548e-08
5.935310e-08
5.254264e-08
2.808532e-08
1.890813e-08
4.175400e-08
1.118826e-07
3.816210e-07
1.723076e-06
7.283690e-06
2.804613e-05
8.177505e-05
1.982325e-04
3.928631e-04
6.771475e-04
9.461165e-04
1.278103e-03
1.402933e-03
1.601132e-03
1.630479e-03
2.091706e-03
3.019199e-03
6.698342e-03
1.309572e-02
2.862770e-02
4.361657e-02
7.723821e-02
8.084567e-02
1.141122e-01
1.117565e-01
9.014936e-02
1.035407e-01
6.614587e-02
5.080229e-02
2.674613e-02
1.442971e-02
6.394205e-03
3.384786e-03
2.035594e-03
1.752771e-03
1.569397e-03
1.496077e-03
1.241744e-03
9.767002e-04
6.796189e-04
3.943525e-04
1.991047e-04
8.257550e-05
2.802810e-05
7.555633e-06
1.601285e-06
2.589866e-07
5.337820e-08
2.034930e-08
2.552558e-08
4.651657e-08
4.827981e-08
6.021142e-08
7.956611e-08
6.165848e-08
2.485228e-08
2.204680e-08
2.485228e-08
6.165848e-08
7.956611e-08
6.021142e-08
4.827981e-08
4.651657e-08
2.552558e-08
2.034930e-08
5.337820e-08
2.589866e-07
1.601285e-06
7.555633e-06
2.802810e-05
8.257550e-05
1.991047e-04
3.943525e-04
6.796189e-04
9.767002e-04
1.241744e-03
1.496077e-03
1.569397e-03
1.752771e-03
2.035594e-03
3.384786e-03
6.394205e-03
1.442971e-02
2.674613e-02
5.080229e-02
6.614587e-02
1.035407e-01
9.014936e-02
8.793013e-02
1.203673e-01
8.597405e-02
7.900859e-02
4.807272e-02
2.873531e-02
1.449121e-02
6.855357e-03
3.419685e-03
2.151020e-03
1.822523e-03
1.648134e-03
1.558915e-03
1.277400e-03
1.060086e-03
6.917670e-04
4.300250e-04
2.153434e-04
8.995867e-05
3.047787e-05
8.809765e-06
2.258262e-06
5.217507e-07
1.195183e-07
3.491462e-09
1.243540e-08
3.885273e-08
1.025917e-07
9.804432e-08
2.213954e-08
4.074932e-08
5.729577e-08
3.078086e-08
5.729577e-08
4.074932e-08
2.213954e-08
9.804432e-08
1.025917e-07
3.885273e-08
1.243540e-08
3.491462e-09
1.195183e-07
5.217507e-07
2.258262e-06
8.809765e-06
3.047787e-05
8.995867e-05
2.153434e-04
4.300250e-04
6.917670e-04
1.060086e-03
1.277400e-03
1.558915e-03
1.648134e-03
1.822523e-03
2.151020e-03
3.419685e-03
6.855357e-03
1.449121e-02
2.873531e-02
4.807272e-02
7.900859e-02
8.597405e-02
1.203673e-01
1.189612e-01
9.589798e-02
1.080885e-01
7.370707e-02
5.106019e-02
3.031168e-02
1.471967e-02
7.329688e-03
3.504545e-03
2.377415e-03
1.845701e-03
1.816231e-03
1.544022e-03
1.426629e-03
1.068783e-03
7.583080e-04
4.538370e-04
2.279910e-04
9.974022e-05
3.312861e-05
8.324280e-06
1.510796e-06
4.049559e-07
1.824297e-07
8.741861e-08
3.453311e-08
1.592749e-08
2.006913e-09
7.778190e-08
1.245430e-07
3.293957e-08
9.403722e-09
6.039426e-08
9.403722e-09
3.293957e-08
1.245430e-07
7.778190e-08
2.006913e-09
1.592749e-08
3.453311e-08
8.741861e-08
1.824297e-07
4.049559e-07
1.510796e-06
8.324280e-06
3.312861e-05
9.974022e-05
2.279910e-04
4.538370e-04
7.583080e-04
1.068783e-03
1.426629e-03
1.544022e-03
1.816231e-03
1.845701e-03
2.377415e-03
3.504545e-03
7.329688e-03
1.471967e-02
3.031168e-02
5.106019e-02
7.370707e-02
1.080885e-01
9.589798e-02
9.453753e-02
1.291271e-01
9.554509e-02
8.059633e-02
5.495969e-02
2.938824e-02
1.643177e-02
7.304683e-03
4.001790e-03
2.431398e-03
2.098252e-03
1.814543e-03
1.711745e-03
1.450632e-03
1.078052e-03
7.567165e-04
4.506958e-04
2.396879e-04
9.845333e-05
3.620574e-05
1.221285e-05
2.734767e-06
1.298032e-07
2.183313e-08
1.233671e-09
1.031168e-07
4.862696e-07
6.823374e-07
2.976407e-07
8.571791e-10
1.798876e-07
3.298157e-07
2.567505e-07
3.298157e-07
1.798876e-07
8.571790e-10
2.976407e-07
6.823374e-07
4.862696e-07
1.031168e-07
1.233671e-09
2.183313e-08
1.298032e-07
2.734767e-06
1.221285e-05
3.620574e-05
9.845333e-05
2.396879e-04
4.506958e-04
7.567165e-04
1.078052e-03
1.450632e-03
1.711745e-03
1.814543e-03
2.098252e-03
2.431398e-03
4.001790e-03
7.304683e-03
1.643177e-02
2.938824e-02
5.495969e-02
8.059633e-02
9.554509e-02
1.291271e-01
1.298186e-01
1.054216e-01
1.137747e-01
8.532823e-02
5.258955e-02
3.389478e-02
1.578674e-02
8.186688e-03
4.007695e-03
2.591230e-03
2.158370e-03
2.049113e-03
1.917030e-03
1.489611e-03
1.215514e-03
8.253341e-04
4.275749e-04
1.751914e-04
8.054559e-05
3.736960e-05
1.119431e-05
4.984785e-06
4.189509e-06
1.972052e-06
4.991686e-07
2.183917e-07
2.757208e-07
7.615531e-07
1.481087e-06
1.181270e-06
6.189848e-07
1.431509e-06
2.496611e-06
1.431509e-06
6.189848e-07
1.181270e-06
1.481087e-06
7.615531e-07
2.757208e-07
2.183917e-07
4.991686e-07
1.972052e-06
4.189509e-06
4.984785e-06
1.119431e-05
3.736960e-05
8.054559e-05
1.751914e-04
4.275749e-04
8.253341e-04
1.215514e-03
1.489611e-03
1.917030e-03
2.049113e-03
2.158370e-03
2.591230e-03
4.007695e-03
8.186688e-03
1.578674e-02
3.389478e-02
5.258955e-02
8.532823e-02
1.137747e-01
1.054216e-01
1.039658e-01
1.411657e-01
1.103424e-01
8.395275e-02
6.318312e-02
3.266746e-02
1.779242e-02
8.075074e-03
4.112048e-03
2.783049e-03
2.078695e-03
1.885464e-03
1.792653e-03
1.843201e-03
1.430175e-03
9.099675e-04
6.698829e-04
4.077468e-04
1.260297e-04
7.482221e-06
2.752362e-06
2.618164e-06
3.492251e-06
1.384255e-05
1.859832e-05
1.313992e-05
6.256096e-06
2.786910e-06
1.498108e-06
5.284166e-06
1.601474e-05
2.723319e-05
3.068935e-05
2.723319e-05
1.601474e-05
5.284166e-06
1.498108e-06
2.786910e-06
6.256096e-06
1.313992e-05
1.859832e-05
1.384255e-05
3.492251e-06
2.618164e-06
2.752362e-06
7.482221e-06
1.260297e-04
4.077468e-04
6.698829e-04
9.099675e-04
1.430175e-03
1.843201e-03
1.792653e-03
1.885464e-03
2.078695e-03
2.783049e-03
4.112048e-03
8.075074e-03
1.779242e-02
3.266746e-02
6.318312e-02
8.395275e-02
1.103424e-01
1.411657e-01
1.447654e-01
1.192109e-01
1.210196e-01
9.948037e-02
5.782226e-02
3.744367e-02
1.911561e-02
9.179681e-03
4.726751e-03
2.609676e-03
2.263212e-03
2.009858e-03
1.539967e-03
1.218981e-03
1.212671e-03
1.070699e-03
5.350394e-04
3.429732e-04
4.649843e-04
3.944738e-04
1.824531e-04
4.663187e-05
7.249958e-06
3.905019e-05
1.077717e-04
1.425158e-04
1.058627e-04
3.746869e-05
1.657883e-06
2.499329e-05
9.981619e-05
1.903907e-04
2.355409e-04
1.903907e-04
9.981619e-05
2.499329e-05
1.657883e-06
3.746869e-05
1.058627e-04
1.425158e-04
1.077717e-04
3.905019e-05
7.249958e-06
4.663187e-05
1.824531e-04
3.944738e-04
4.649843e-04
3.429732e-04
5.350394e-04
1.070699e-03
1.212671e-03
1.218981e-03
1.539967e-03
2.009858e-03
2.263212e-03
2.609676e-03
4.726751e-03
9.179681e-03
1.911561e-02
3.744367e-02
5.782226e-02
9.948037e-02
1.210196e-01
1.192109e-01
1.181946e-01
1.571344e-01
1.306789e-01
9.021170e-02
6.900714e-02
3.783854e-02
1.933989e-02
1.026831e-02
5.529186e-03
4.046754e-03
2.982404e-03
2.197520e-03
2.087137e-03
1.622909e-03
7.632929e-04
3.288731e-04
3.826147e-04
1.909438e-04
6.538248e-06
3.093366e-04
5.769436e-04
3.940219e-04
9.340149e-05
8.015714e-05
3.545353e-04
6.047803e-04
5.649651e-04
2.777210e-04
2.966129e-05
8.014998e-05
4.362862e-04
8.537206e-04
1.030102e-03
8.537206e-04
4.362862e-04
8.014998e-05
2.966129e-05
2.777210e-04
5.649651e-04
6.047803e-04
3.545353e-04
8.015714e-05
9.340149e-05
3.940219e-04
5.769436e-04
3.093366e-04
6.538248e-06
1.909438e-04
3.826147e-04
3.288731e-04
7.632929e-04
1.622909e-03
2.087137e-03
2.197520e-03
2.982404e-03
4.046754e-03
5.529186e-03
1.026831e-02
1.933989e-02
3.783854e-02
6.900714e-02
9.021170e-02
1.306789e-01
1.571344e-01
1.693104e-01
1.417466e-01
1.329781e-01
1.171152e-01
6.816357e-02
3.805358e-02
2.040414e-02
9.334877e-03
5.043897e-03
3.715079e-03
4.413409e-03
5.289801e-03
4.116515e-03
2.647918e-03
2.384816e-03
1.902865e-03
7.531354e-04
9.681264e-05
3.168612e-05
5.614379e-05
2.938006e-04
4.898350e-04
2.488828e-04
1.282989e-04
8.086298e-04
1.801906e-03
1.977406e-03
1.119069e-03
2.760359e-04
5.779405e-04
2.118782e-03
3.917152e-03
4.719337e-03
3.917152e-03
2.118782e-03
5.779405e-04
2.760359e-04
1.119069e-03
1.977406e-03
1.801906e-03
8.086298e-04
1.282989e-04
2.488828e-04
4.898350e-04
2.938006e-04
5.614379e-05
3.168612e-05
9.681264e-05
7.531354e-04
1.902865e-03
2.384816e-03
2.647918e-03
4.116515e-03
5.289801e-03
4.413409e-03
3.715079e-03
5.043897e-03
9.334877e-03
2.040414e-02
3.805358e-02
6.816357e-02
1.171152e-01
1.329781e-01
1.417466e-01
1.394846e-01
1.830213e-01
1.600955e-01
1.057357e-01
8.007581e-02
4.880875e-02
2.087151e-02
8.926734e-03
4.359504e-03
2.277506e-03
1.378473e-03
2.625771e-03
6.208848e-03
7.486550e-03
5.171285e-03
4.872207e-03
7.810219e-03
9.028176e-03
6.627895e-03
3.188293e-03
1.012845e-03
3.929272e-04
4.030067e-04
7.167409e-04
2.259539e-03
4.790758e-03
5.730063e-03
3.672173e-03
1.757954e-03
5.100963e-03
1.477285e-02
2.561831e-02
3.031658e-02
2.561831e-02
1.477285e-02
5.100963e-03
1.757954e-03
3.672173e-03
5.730063e-03
4.790758e-03
2.259539e-03
7.167409e-04
4.030067e-04
3.929272e-04
1.012845e-03
3.188293e-03
6.627895e-03
9.028176e-03
7.810219e-03
4.872207e-03
5.171285e-03
7.486550e-03
6.208848e-03
2.625771e-03
1.378473e-03
2.277506e-03
4.359504e-03
8.926734e-03
2.087151e-02
4.880875e-02
8.007581e-02
1.057357e-01
1.600955e-01
1.830213e-01
2.028171e-01
1.801745e-01
1.578772e-01
1.330725e-01
7.916588e-02
4.554999e-02
3.021354e-02
1.490134e-02
5.414250e-03
2.560696e-03
2.013231e-03
9.389594e-04
7.734140e-06
1.565818e-03
2.856290e-03
2.207030e-03
9.398010e-03
2.982675e-02
4.881097e-02
4.996609e-02
3.592816e-02
2.057464e-02
1.197610e-02
9.807632e-03
1.211379e-02
1.627211e-02
1.614782e-02
8.786168e-03
5.909340e-03
2.869640e-02
8.321370e-02
1.441942e-01
1.711752e-01
1.441942e-01
8.321370e-02
2.869640e-02
5.909340e-03
8.786168e-03
1.614782e-02
1.627211e-02
1.211379e-02
9.807632e-03
1.197610e-02
2.057464e-02
3.592816e-02
4.996609e-02
4.881097e-02
2.982675e-02
9.398010e-03
2.207030e-03
2.856290e-03
1.565818e-03
7.734140e-06
9.389594e-04
2.013231e-03
2.560696e-03
5.414250e-03
1.490134e-02
3.021354e-02
4.554999e-02
7.916588e-02
1.330725e-01
1.578772e-01
1.801745e-01
1.620888e-01
2.260320e-01
2.302743e-01
1.647982e-01
9.785365e-02
4.385497e-02
1.470638e-02
1.015445e-02
1.013154e-02
7.629715e-03
4.779917e-03
3.641839e-03
3.519003e-03
2.383627e-03
8.638822e-04
1.530752e-03
1.341149e-02
5.531283e-02
1.294286e-01
1.976975e-01
2.166610e-01
1.865578e-01
1.427647e-01
1.139539e-01
1.049930e-01
1.028296e-01
8.527939e-02
4.515023e-02
2.392877e-02
9.740416e-02
2.914819e-01
5.154966e-01
6.155479e-01
5.154966e-01
2.914819e-01
9.740416e-02
2.392877e-02
4.515023e-02
8.527939e-02
1.028296e-01
1.049930e-01
1.139539e-01
1.427647e-01
1.865578e-01
2.166610e-01
1.976975e-01
1.294286e-01
5.531283e-02
1.341149e-02
1.530752e-03
8.638822e-04
2.383627e-03
3.519003e-03
3.641839e-03
4.779917e-03
7.629715e-03
1.013154e-02
1.015445e-02
1.470638e-02
4.385497e-02
9.785365e-02
1.647982e-01
2.302743e-01
2.260320e-01
1.933801e-01
1.840729e-01
2.001346e-01
2.388637e-01
2.170312e-01
1.410529e-01
6.607180e-02
2.110000e-02
4.663244e-03
3.066594e-03
9.311474e-03
2.003125e-02
3.200213e-02
4.144014e-02
3.969251e-02
2.104648e-02
1.027871e-03
2.263021e-02
1.311610e-01
3.243046e-01
5.357591e-01
6.936664e-01
7.844046e-01
8.401955e-01
8.806246e-01
8.787748e-01
7.808297e-01
5.859362e-01
4.336433e-01
5.550976e-01
1.037517e+00
1.632972e+00
1.904921e+00
1.632972e+00
1.037517e+00
5.550976e-01
4.336433e-01
5.859362e-01
7.808297e-01
8.787748e-01
8.806246e-01
8.401955e-01
7.844046e-01
6.936664e-01
5.357591e-01
3.243046e-01
1.311610e-01
2.263021e-02
1.027871e-03
2.104648e-02
3.969251e-02
4.144014e-02
3.200213e-02
2.003125e-02
9.311474e-03
3.066594e-03
4.663244e-03
2.110000e-02
6.607180e-02
1.410529e-01
2.170312e-01
2.388637e-01
2.001346e-01
1.840729e-01
1.592041e-01
1.235249e-01
1.122171e-01
1.496411e-01
2.605516e-01
3.653986e-01
3.918173e-01
3.630862e-01
3.254447e-01
2.886837e-01
2.523626e-01
2.458460e-01
3.175931e-01
4.968272e-01
7.587289e-01
9.989116e-01
1.069513e+00
9.076129e-01
6.450497e-01
5.574656e-01
8.809432e-01
1.671567e+00
2.812380e+00
4.097537e+00
5.289104e+00
6.148293e+00
6.524867e+00
6.546611e+00
6.745148e+00
7.788868e+00
9.805793e+00
1.194361e+01
1.287230e+01
1.194361e+01
9.805793e+00
7.788868e+00
6.745148e+00
6.546611e+00
6.524867e+00
6.148293e+00
5.289104e+00
4.097537e+00
2.812380e+00
1.671567e+00
8.809432e-01
5.574656e-01
6.450497e-01
9.076129e-01
1.069513e+00
9.989116e-01
7.587289e-01
4.968272e-01
3.175931e-01
2.458460e-01
2.523626e-01
2.886837e-01
3.254447e-01
3.630862e-01
3.918173e-01
3.653986e-01
2.605516e-01
1.496411e-01
1.122171e-01
1.235249e-01
5.478700e-01
4.198720e-01
1.633589e-01
9.514714e-03
9.907682e-02
4.346055e-01
8.987408e-01
1.367781e+00
1.819561e+00
2.293604e+00
2.810252e+00
3.393306e+00
4.173806e+00
5.443942e+00
7.556525e+00
1.064602e+01
1.429474e+01
1.751237e+01
1.932264e+01
1.959296e+01
1.929399e+01
1.989568e+01
2.247200e+01
2.723664e+01
3.368310e+01
4.107447e+01
4.904726e+01
5.812453e+01
6.964162e+01
8.449991e+01
1.011847e+02
1.150388e+02
1.204981e+02
1.150388e+02
1.011847e+02
8.449991e+01
6.964162e+01
5.812453e+01
4.904726e+01
4.107447e+01
3.368310e+01
2.723664e+01
2.247200e+01
1.989568e+01
1.929399e+01
1.959296e+01
1.932264e+01
1.751237e+01
1.429474e+01
1.064602e+01
7.556525e+00
5.443942e+00
4.173806e+00
3.393306e+00
2.810252e+00
2.293604e+00
1.819561e+00
1.367781e+00
8.987408e-01
4.346055e-01
9.907682e-02
9.514714e-03
1.633589e-01
4.198720e-01
5.627773e-01
8.911858e-01
9.974731e-01
7.938950e-01
5.642350e-01
6.972300e-01
1.360224e+00
2.479598e+00
3.957761e+00
5.861731e+00
8.457895e+00
1.218274e+01
1.768314e+01
2.596112e+01
3.846926e+01
5.678691e+01
8.156455e+01
1.111325e+02
1.411825e+02
1.666925e+02
1.851256e+02
1.982599e+02
2.112305e+02
2.300237e+02
2.596225e+02
3.037427e+02
3.655312e+02
4.478228e+02
5.513453e+02
6.702227e+02
7.873786e+02
8.757528e+02
9.089192e+02
8.757528e+02
7.873786e+02
6.702227e+02
5.513453e+02
4.478228e+02
3.655312e+02
3.037427e+02
2.596225e+02
2.300237e+02
2.112305e+02
1.982599e+02
1.851256e+02
1.666925e+02
1.411825e+02
1.111325e+02
8.156455e+01
5.678691e+01
3.846926e+01
2.596112e+01
1.768314e+01
1.218274e+01
8.457895e+00
5.861731e+00
3.957761e+00
2.479598e+00
1.360224e+00
6.972300e-01
5.642350e-01
7.938950e-01
9.974731e-01
8.911858e-01
1.972647e-01
4.825432e-01
9.554452e-01
1.396137e+00
1.581903e+00
1.683130e+00
2.190982e+00
3.412314e+00
5.214187e+00
7.302538e+00
9.742859e+00
1.346410e+01
2.073261e+01
3.562276e+01
6.437944e+01
1.151641e+02
1.961860e+02
3.117534e+02
4.580340e+02
6.224619e+02
7.893091e+02
9.488794e+02
1.104348e+03
1.272529e+03
1.479745e+03
1.755978e+03
2.128490e+03
2.613129e+03
3.201185e+03
3.844047e+03
4.446374e+03
4.882976e+03
5.043349e+03
4.882976e+03
4.446374e+03
3.844047e+03
3.201185e+03
2.613129e+03
2.128490e+03
1.755978e+03
1.479745e+03
1.272529e+03
1.104348e+03
9.488794e+02
7.893091e+02
6.224619e+02
4.580340e+02
3.117534e+02
1.961860e+02
1.151641e+02
6.437944e+01
3.562276e+01
2.073261e+01
1.346410e+01
9.742859e+00
7.302538e+00
5.214187e+00
3.412314e+00
2.190982e+00
1.683130e+00
1.581903e+00
1.396137e+00
9.554452e-01
4.825432e-01
3.083381e-01
2.992693e-02
1.887369e-01
9.161186e-01
1.956157e+00
3.132178e+00
5.069451e+00
9.131212e+00
1.620554e+01
2.538181e+01
3.372313e+01
3.734706e+01
3.339583e+01
2.271137e+01
1.343542e+01
2.526005e+01
9.193529e+01
2.575739e+02
5.644467e+02
1.037316e+03
1.675499e+03
2.461002e+03
3.380047e+03
4.445985e+03
5.710956e+03
7.258902e+03
9.177152e+03
1.150718e+04
1.418244e+04
1.697627e+04
1.949915e+04
2.128025e+04
2.192547e+04
2.128025e+04
1.949915e+04
1.697627e+04
1.418244e+04
1.150718e+04
9.177152e+03
7.258902e+03
5.710956e+03
4.445985e+03
3.380047e+03
2.461002e+03
1.675499e+03
1.037316e+03
5.644467e+02
2.575739e+02
9.193529e+01
2.526005e+01
1.343542e+01
2.271137e+01
3.339583e+01
3.734706e+01
3.372313e+01
2.538181e+01
1.620554e+01
9.131212e+00
5.069451e+00
3.132178e+00
1.956157e+00
9.161186e-01
1.887369e-01
2.992693e-02
3.767632e+00
3.870209e+00
3.314578e+00
3.036671e+00
3.944969e+00
6.664493e+00
1.300581e+01
2.838625e+01
6.234674e+01
1.250661e+02
2.209795e+02
3.427095e+02
4.678335e+02
5.598267e+02
5.754887e+02
4.830143e+02
2.923905e+02
8.934963e+01
5.186562e+01
4.296316e+02
1.489350e+03
3.456416e+03
6.490619e+03
1.070993e+04
1.623819e+04
2.322568e+04
3.179269e+04
4.187930e+04
5.304212e+04
6.430304e+04
7.418548e+04
8.102241e+04
8.347334e+04
8.102241e+04
7.418548e+04
6.430304e+04
5.304212e+04
4.187930e+04
3.179269e+04
2.322568e+04
1.623819e+04
1.070993e+04
6.490619e+03
3.456416e+03
1.489350e+03
4.296316e+02
5.186562e+01
8.934963e+01
2.923905e+02
4.830143e+02
5.754887e+02
5.598267e+02
4.678335e+02
3.427095e+02
2.209795e+02
1.250661e+02
6.234674e+01
2.838625e+01
1.300581e+01
6.664493e+00
3.944969e+00
3.036671e+00
3.314578e+00
3.870209e+00
6.914064e+00
1.241136e+01
1.827636e+01
2.350027e+01
2.793465e+01
3.234001e+01
3.961982e+01
6.015439e+01
1.207205e+02
2.708408e+02
5.784485e+02
1.110437e+03
1.899285e+03
2.901835e+03
3.963600e+03
4.814420e+03
5.129954e+03
4.678834e+03
3.526541e+03
2.207789e+03
1.764195e+03
3.608056e+03
9.278543e+03
2.021248e+04
3.759861e+04
6.225921e+04
9.441788e+04
1.332654e+05
1.764287e+05
2.196712e+05
2.572280e+05
2.829737e+05
2.921551e+05
2.829737e+05
2.572280e+05
2.196712e+05
1.764287e+05
1.332654e+05
9.441788e+04
6.225921e+04
3.759861e+04
2.021248e+04
9.278543e+03
3.608056e+03
1.764195e+03
2.207789e+03
3.526541e+03
4.678834e+03
5.129954e+03
4.814420e+03
3.963600e+03
2.901835e+03
1.899285e+03
1.110437e+03
5.784485e+02
2.708408e+02
1.207205e+02
6.015439e+01
3.961982e+01
3.234001e+01
2.793465e+01
2.350027e+01
1.827636e+01
1.241136e+01
2.928813e+00
9.790171e+00
2.294986e+01
4.273608e+01
6.722036e+01
9.224102e+01
1.127398e+02
1.290382e+02
1.640216e+02
2.930564e+02
6.769869e+02
1.575708e+03
3.312561e+03
6.163872e+03
1.017214e+04
1.493545e+04
1.949901e+04
2.251594e+04
2.278011e+04
2.004481e+04
1.582234e+04
1.378437e+04
1.954339e+04
3.987249e+04
8.157305e+04
1.501121e+05
2.479912e+05
3.728819e+05
5.159873e+05
6.616010e+05
7.889123e+05
8.763745e+05
9.075784e+05
8.763745e+05
7.889123e+05
6.616010e+05
5.159873e+05
3.728819e+05
2.479912e+05
1.501121e+05
8.157305e+04
3.987249e+04
1.954339e+04
1.378437e+04
1.582234e+04
2.004481e+04
2.278011e+04
2.251594e+04
1.949901e+04
1.493545e+04
1.017214e+04
6.163872e+03
3.312561e+03
1.575708e+03
6.769869e+02
2.930564e+02
1.640216e+02
1.290382e+02
1.127398e+02
9.224102e+01
6.722036e+01
4.273608e+01
2.294986e+01
9.790171e+00
1.995477e+00
2.314012e+00
6.358390e+00
1.837135e+01
4.162297e+01
7.519172e+01
1.108068e+02
1.330439e+02
1.311502e+02
1.355130e+02
2.879895e+02
9.354657e+02
2.700061e+03
6.439877e+03
1.300230e+04
2.273527e+04
3.489247e+04
4.729658e+04
5.674586e+04
6.047158e+04
5.845370e+04
5.583084e+04
6.437095e+04
1.021523e+05
1.910370e+05
3.519088e+05
5.980308e+05
9.276007e+05
1.317742e+06
1.723144e+06
2.082139e+06
2.330518e+06
2.419408e+06
2.330518e+06
2.082139e+06
1.723144e+06
1.317742e+06
9.276007e+05
5.980308e+05
3.519088e+05
1.910370e+05
1.021523e+05
6.437095e+04
5.583084e+04
5.845370e+04
6.047158e+04
5.674586e+04
4.729658e+04
3.489247e+04
2.273527e+04
1.300230e+04
6.439877e+03
2.700061e+03
9.354657e+02
2.879895e+02
1.355130e+02
1.311502e+02
1.330439e+02
1.108068e+02
7.519172e+01
4.162297e+01
1.837135e+01
6.358390e+00
2.314012e+00
1.234184e+01
1.667496e+01
1.909662e+01
1.958300e+01
2.027943e+01
2.445853e+01
3.302871e+01
4.002752e+01
3.300977e+01
1.091998e+01
3.698947e+01
3.399218e+02
1.454280e+03
4.343276e+03
1.038040e+04
2.102622e+04
3.711886e+04
5.798571e+04
8.101820e+04
1.026421e+05
1.213829e+05
1.428259e+05
1.849900e+05
2.815536e+05
4.799930e+05
8.323683e+05
1.378479e+06
2.124519e+06
3.024426e+06
3.973652e+06
4.823295e+06
5.415141e+06
5.627642e+06
5.415141e+06
4.823295e+06
3.973652e+06
3.024426e+06
2.124519e+06
1.378479e+06
8.323683e+05
4.799930e+05
2.815536e+05
1.849900e+05
1.428259e+05
1.213829e+05
1.026421e+05
8.101820e+04
5.798571e+04
3.711886e+04
2.102622e+04
1.038040e+04
4.343276e+03
1.454280e+03
3.399218e+02
3.698947e+01
1.091998e+01
3.300977e+01
4.002752e+01
3.302871e+01
2.445853e+01
2.027943e+01
1.958300e+01
1.909662e+01
1.667496e+01
1.210135e+01
2.425355e+01
3.826333e+01
4.953484e+01
5.438679e+01
5.350296e+01
5.308924e+01
6.486206e+01
1.150514e+02
2.791874e+02
7.506611e+02
1.924110e+03
4.452624e+03
9.254199e+03
1.749148e+04
3.055990e+04
5.003926e+04
7.749242e+04
1.141901e+05
1.614534e+05
2.230200e+05
3.108327e+05
4.541062e+05
7.084127e+05
1.158119e+06
1.904200e+06
3.032773e+06
4.568589e+06
6.429468e+06
8.405821e+06
1.018619e+07
1.143218e+07
1.188063e+07
1.143218e+07
1.018619e+07
8.405821e+06
6.429468e+06
4.568589e+06
3.032773e+06
1.904200e+06
1.158119e+06
7.084127e+05
4.541062e+05
3.108327e+05
2.230200e+05
1.614534e+05
1.141901e+05
7.749242e+04
5.003926e+04
3.055990e+04
1.749148e+04
9.254199e+03
4.452624e+03
1.924110e+03
7.506611e+02
2.791874e+02
1.150514e+02
6.486206e+01
5.308924e+01
5.350296e+01
5.438679e+01
4.953484e+01
3.826333e+01
2.425355e+01
1.095847e+01
2.553813e+01
4.696375e+01
6.976495e+01
8.587001e+01
9.163831e+01
9.476350e+01
1.198345e+02
2.346166e+02
6.511239e+02
1.949645e+03
5.378916e+03
1.302627e+04
2.757967e+04
5.160361e+04
8.670579e+04
1.333330e+05
1.917741e+05
2.643068e+05
3.580480e+05
4.887659e+05
6.873502e+05
1.010795e+06
1.555991e+06
2.467262e+06
3.921866e+06
6.079284e+06
8.995720e+06
1.253143e+07
1.630041e+07
1.971024e+07
2.210486e+07
2.296836e+07
2.210486e+07
1.971024e+07
1.630041e+07
1.253143e+07
8.995720e+06
6.079284e+06
3.921866e+06
2.467262e+06
1.555991e+06
1.010795e+06
6.873502e+05
4.887659e+05
3.580480e+05
2.643068e+05
1.917741e+05
1.333330e+05
8.670579e+04
5.160361e+04
2.757967e+04
1.302627e+04
5.378916e+03
1.949645e+03
6.511239e+02
2.346166e+02
1.198345e+02
9.476350e+01
9.163831e+01
8.587001e+01
6.976495e+01
4.696375e+01
2.553813e+01
1.034082e+01
2.408966e+01
4.824864e+01
8.159053e+01
1.176613e+02
1.501452e+02
1.841217e+02
2.516684e+02
4.558600e+02
1.128473e+03
3.230498e+03
9.029729e+03
2.277807e+04
5.073779e+04
9.990801e+04
1.755723e+05
2.790999e+05
4.082569e+05
5.615748e+05
7.463747e+05
9.887853e+05
1.345251e+06
1.917184e+06
2.868633e+06
4.437156e+06
6.914416e+06
1.056939e+07
1.550844e+07
2.151281e+07
2.793960e+07
3.377765e+07
3.789038e+07
3.937592e+07
3.789038e+07
3.377765e+07
2.793960e+07
2.151281e+07
1.550844e+07
1.056939e+07
6.914416e+06
4.437156e+06
2.868633e+06
1.917184e+06
1.345251e+06
9.887853e+05
7.463747e+05
5.615748e+05
4.082569e+05
2.790999e+05
1.755723e+05
9.990801e+04
5.073779e+04
2.277807e+04
9.029729e+03
3.230498e+03
1.128473e+03
4.558600e+02
2.516684e+02
1.841217e+02
1.501452e+02
1.176613e+02
8.159053e+01
4.824864e+01
2.408966e+01
4.721197e-01
3.082337e+00
1.104068e+01
2.767545e+01
5.432237e+01
9.145964e+01
1.485221e+02
2.688597e+02
5.923365e+02
1.529210e+03
4.185156e+03
1.115152e+04
2.751033e+04
6.141668e+04
1.233043e+05
2.232589e+05
3.676530e+05
5.578776e+05
7.942763e+05
1.086434e+06
1.468454e+06
2.017666e+06
2.877287e+06
4.282222e+06
6.575404e+06
1.018246e+07
1.550392e+07
2.271168e+07
3.150445e+07
4.095016e+07
4.955787e+07
5.563575e+07
5.783375e+07
5.563575e+07
4.955787e+07
4.095016e+07
3.150445e+07
2.271168e+07
1.550392e+07
1.018246e+07
6.575404e+06
4.282222e+06
2.877287e+06
2.017666e+06
1.468454e+06
1.086434e+06
7.942763e+05
5.578776e+05
3.676530e+05
2.232589e+05
1.233043e+05
6.141668e+04
2.751033e+04
1.115152e+04
4.185156e+03
1.529210e+03
5.923365e+02
2.688597e+02
1.485221e+02
9.145964e+01
5.432237e+01
2.767545e+01
1.104068e+01
3.082337e+00
1.277785e+01
2.672606e+01
5.135384e+01
8.904492e+01
1.361109e+02
1.791122e+02
2.008816e+02
2.114094e+02
3.282719e+02
9.509247e+02
3.101501e+03
9.004544e+03
2.287109e+04
5.159571e+04
1.048102e+05
1.938402e+05
3.299058e+05
5.231449e+05
7.848204e+05
1.134736e+06
1.615195e+06
2.313241e+06
3.393452e+06
5.138259e+06
7.975677e+06
1.245000e+07
1.908292e+07
2.810978e+07
3.916337e+07
5.106999e+07
6.193979e+07
6.962321e+07
7.240325e+07
6.962321e+07
6.193979e+07
5.106999e+07
3.916337e+07
2.810978e+07
1.908292e+07
1.245000e+07
7.975677e+06
5.138259e+06
3.393452e+06
2.313241e+06
1.615195e+06
1.134736e+06
7.848204e+05
5.231449e+05
3.299058e+05
1.938402e+05
1.048102e+05
5.159571e+04
2.287109e+04
9.004544e+03
3.101501e+03
9.509247e+02
3.282719e+02
2.114094e+02
2.008816e+02
1.791122e+02
1.361109e+02
8.904492e+01
5.135384e+01
2.672606e+01
3.273708e+01
6.714116e+01
1.245351e+02
2.069739e+02
3.033476e+02
3.800053e+02
3.801418e+02
2.536491e+02
5.323344e+01
1.389845e+02
1.519636e+03
6.320934e+03
1.832082e+04
4.344125e+04
9.004382e+04
1.688626e+05
2.924994e+05
4.747384e+05
7.306982e+05
1.080300e+06
1.559795e+06
2.248080e+06
3.312443e+06
5.066406e+06
8.008158e+06
1.278261e+07
2.000942e+07
2.997055e+07
4.225055e+07
5.551760e+07
6.764087e+07
7.621099e+07
7.931149e+07
7.621099e+07
6.764087e+07
5.551760e+07
4.225055e+07
2.997055e+07
2.000942e+07
1.278261e+07
8.008158e+06
5.066406e+06
3.312443e+06
2.248080e+06
1.559795e+06
1.080300e+06
7.306982e+05
4.747384e+05
2.924994e+05
1.688626e+05
9.004382e+04
4.344125e+04
1.832082e+04
6.320934e+03
1.519636e+03
1.389845e+02
5.323344e+01
2.536491e+02
3.801418e+02
3.800053e+02
3.033476e+02
2.069739e+02
1.245351e+02
6.714116e+01
4.156252e+01
7.845310e+01
1.322005e+02
1.986365e+02
2.635207e+02
3.007071e+02
2.806365e+02
2.136225e+02
2.794648e+02
1.115138e+03
4.309609e+03
1.306185e+04
3.281530e+04
7.156135e+04
1.394719e+05
2.475843e+05
4.054340e+05
6.180148e+05
8.837497e+05
1.197725e+06
1.567705e+06
2.051575e+06
2.818727e+06
4.220065e+06
6.824481e+06
1.135933e+07
1.850444e+07
2.855153e+07
4.104027e+07
5.456205e+07
6.691157e+07
7.563091e+07
7.878272e+07
7.563091e+07
6.691157e+07
5.456205e+07
4.104027e+07
2.855153e+07
1.850444e+07
1.135933e+07
6.824481e+06
4.220065e+06
2.818727e+06
2.051575e+06
1.567705e+06
1.197725e+06
8.837497e+05
6.180148e+05
4.054340e+05
2.475843e+05
1.394719e+05
7.156135e+04
3.281530e+04
1.306185e+04
4.309609e+03
1.115138e+03
2.794648e+02
2.136225e+02
2.806365e+02
3.007071e+02
2.635207e+02
1.986365e+02
1.322005e+02
7.845310e+01
2.362168e+01
4.329784e+01
6.916320e+01
9.718771e+01
1.225298e+02
1.496769e+02
2.219862e+02
5.002121e+02
1.451464e+03
4.237383e+03
1.136329e+04
2.750962e+04
6.020713e+04
1.197417e+05
2.175797e+05
3.628725e+05
5.573192e+05
7.898994e+05
1.034870e+06
1.258913e+06
1.445382e+06
1.642085e+06
2.029676e+06
2.988402e+06
5.117708e+06
9.152593e+06
1.574305e+07
2.512668e+07
3.680879e+07
4.941949e+07
6.088910e+07
6.895862e+07
7.186979e+07
6.895862e+07
6.088910e+07
4.941949e+07
3.680879e+07
2.512668e+07
1.574305e+07
9.152593e+06
5.117708e+06
2.988402e+06
2.029676e+06
1.642085e+06
1.445382e+06
1.258913e+06
1.034870e+06
7.898994e+05
5.573192e+05
3.628725e+05
2.175797e+05
1.197417e+05
6.020713e+04
2.750962e+04
1.136329e+04
4.237383e+03
1.451464e+03
5.002121e+02
2.219862e+02
1.496769e+02
1.225298e+02
9.718771e+01
6.916320e+01
4.329784e+01
2.877825e+00
8.192805e+00
2.150608e+01
5.198278e+01
1.176542e+02
2.580640e+02
5.703161e+02
1.300128e+03
3.042042e+03
7.114533e+03
1.613329e+04
3.465652e+04
6.951535e+04
1.291873e+05
2.215598e+05
3.498966e+05
5.078024e+05
6.753142e+05
8.197397e+05
9.063080e+05
9.242663e+05
9.314241e+05
1.111183e+06
1.820193e+06
3.588352e+06
7.029903e+06
1.264892e+07
2.057577e+07
3.033179e+07
4.074923e+07
5.013954e+07
5.670467e+07
5.906546e+07
5.670467e+07
5.013954e+07
4.074923e+07
3.033179e+07
2.057577e+07
1.264892e+07
7.029903e+06
3.588352e+06
1.820193e+06
1.111183e+06
9.314241e+05
9.242663e+05
9.063080e+05
8.197397e+05
6.753142e+05
5.078024e+05
3.498966e+05
2.215598e+05
1.291873e+05
6.951535e+04
3.465652e+04
1.613329e+04
7.114533e+03
3.042042e+03
1.300128e+03
5.703161e+02
2.580640e+02
1.176542e+02
5.198278e+01
2.150608e+01
8.192805e+00
7.512635e+00
2.324687e+01
6.177041e+01
1.434443e+02
2.993644e+02
5.806509e+02
1.086644e+03
2.032251e+03
3.879956e+03
7.554414e+03
1.471623e+04
2.797462e+04
5.077966e+04
8.664346e+04
1.374528e+05
2.010635e+05
2.690382e+05
3.260797e+05
3.532952e+05
3.379505e+05
2.925060e+05
2.839667e+05
4.686822e+05
1.117327e+06
2.604666e+06
5.338782e+06
9.623660e+06
1.548578e+07
2.253255e+07
2.992224e+07
3.649513e+07
4.104999e+07
4.268065e+07
4.104999e+07
3.649513e+07
2.992224e+07
2.253255e+07
1.548578e+07
9.623660e+06
5.338782e+06
2.604666e+06
1.117327e+06
4.686822e+05
2.839667e+05
2.925060e+05
3.379505e+05
3.532952e+05
3.260797e+05
2.690382e+05
2.010635e+05
1.374528e+05
8.664346e+04
5.077966e+04
2.797462e+04
1.471623e+04
7.554414e+03
3.879956e+03
2.032251e+03
1.086644e+03
5.806509e+02
2.993644e+02
1.434443e+02
6.177041e+01
2.324687e+01
2.486667e+01
5.600457e+01
1.152771e+02
2.195539e+02
3.933912e+02
6.769089e+02
1.143721e+03
1.933054e+03
3.295487e+03
5.640569e+03
9.554197e+03
1.572569e+04
2.470677e+04
3.645612e+04
4.974222e+04
6.166919e+04
6.777337e+04
6.325026e+04
4.599786e+04
2.245911e+04
1.750249e+04
8.880735e+04
3.430424e+05
9.453768e+05
2.108451e+06
4.047742e+06
6.902292e+06
1.064110e+07
1.499468e+07
1.945322e+07
2.335127e+07
2.602198e+07
2.697268e+07
2.602198e+07
2.335127e+07
1.945322e+07
1.499468e+07
1.064110e+07
6.902292e+06
4.047742e+06
2.108451e+06
9.453768e+05
3.430424e+05
8.880735e+04
1.750249e+04
2.245911e+04
4.599786e+04
6.325026e+04
6.777337e+04
6.166919e+04
4.974222e+04
3.645612e+04
2.470677e+04
1.572569e+04
9.554197e+03
5.640569e+03
3.295487e+03
1.933054e+03
1.143721e+03
6.769089e+02
3.933912e+02
2.195539e+02
1.152771e+02
5.600457e+01
2.825586e+01
5.200138e+01
9.092461e+01
1.540363e+02
2.573462e+02
4.295604e+02
7.204035e+02
1.209549e+03
2.009540e+03
3.250921e+03
5.035929e+03
7.354303e+03
9.977777e+03
1.238958e+04
1.384507e+04
1.366922e+04
1.186869e+04
1.013202e+04
1.341305e+04
3.254768e+04
8.849279e+04
2.182770e+05
4.811096e+05
9.604369e+05
1.755554e+06
2.957454e+06
4.610157e+06
6.669217e+06
8.976916e+06
1.127138e+07
1.323336e+07
1.455753e+07
1.502531e+07
1.455753e+07
1.323336e+07
1.127138e+07
8.976916e+06
6.669217e+06
4.610157e+06
2.957454e+06
1.755554e+06
9.604369e+05
4.811096e+05
2.182770e+05
8.849279e+04
3.254768e+04
1.341305e+04
1.013202e+04
1.186869e+04
1.366922e+04
1.384507e+04
1.238958e+04
9.977777e+03
7.354303e+03
5.035929e+03
3.250921e+03
2.009540e+03
1.209549e+03
7.204035e+02
4.295604e+02
2.573462e+02
1.540363e+02
9.092461e+01
5.200138e+01
1.149874e+01
1.871516e+01
3.127362e+01
5.500470e+01
1.008749e+02
1.877890e+02
3.463391e+02
6.219129e+02
1.073573e+03
1.766072e+03
2.758266e+03
4.100383e+03
5.860225e+03
8.198878e+03
1.150699e+04
1.660144e+04
2.499324e+04
3.929516e+04
6.392640e+04
1.063222e+05
1.787623e+05
3.005799e+05
4.998210e+05
8.125027e+05
1.277077e+06
1.922678e+06
2.752975e+06
3.731788e+06
4.778670e+06
5.779334e+06
6.608350e+06
7.155417e+06
7.346416e+06
7.155417e+06
6.608350e+06
5.779334e+06
4.778670e+06
3.731788e+06
2.752975e+06
1.922678e+06
1.277077e+06
8.125027e+05
4.998210e+05
3.005799e+05
1.787623e+05
1.063222e+05
6.392640e+04
3.929516e+04
2.499324e+04
1.660144e+04
1.150699e+04
8.198878e+03
5.860225e+03
4.100383e+03
2.758266e+03
1.766072e+03
1.073573e+03
6.219129e+02
3.463391e+02
1.877890e+02
1.008749e+02
5.500470e+01
3.127362e+01
1.871516e+01
1.585533e+00
2.862200e+00
7.187567e+00
1.886633e+01
4.476148e+01
9.536530e+01
1.867827e+02
3.426360e+02
5.954715e+02
9.912548e+02
1.604865e+03
2.573111e+03
4.141870e+03
6.710665e+03
1.085576e+04
1.733955e+04
2.716845e+04
4.180010e+04
6.357129e+04
9.632598e+04
1.461277e+05
2.218431e+05
3.351972e+05
4.996163e+05
7.270989e+05
1.023017e+06
1.380340e+06
1.776387e+06
2.175056e+06
2.534632e+06
2.817526e+06
2.996941e+06
3.058230e+06
2.996941e+06
2.817526e+06
2.534632e+06
2.175056e+06
1.776387e+06
1.380340e+06
1.023017e+06
7.270989e+05
4.996163e+05
3.351972e+05
2.218431e+05
1.461277e+05
9.632598e+04
6.357129e+04
4.180010e+04
2.716845e+04
1.733955e+04
1.085576e+04
6.710665e+03
4.141870e+03
2.573111e+03
1.604865e+03
9.912548e+02
5.954715e+02
3.426360e+02
1.867827e+02
9.536530e+01
4.476148e+01
1.886633e+01
7.187567e+00
2.862200e+00
1.309166e-01
1.534337e+00
6.093033e+00
1.602204e+01
3.383327e+01
6.306324e+01
1.090309e+02
1.790987e+02
2.844791e+02
4.477942e+02
7.188435e+02
1.195314e+03
2.038562e+03
3.472042e+03
5.760471e+03
9.196850e+03
1.415107e+04
2.121664e+04
3.142938e+04
4.648834e+04
6.893041e+04
1.022244e+05
1.506480e+05
2.186310e+05
3.092418e+05
4.219667e+05
5.507913e+05
6.841727e+05
8.078260e+05
9.093048e+05
9.816447e+05
1.023716e+06
1.037356e+06
1.023716e+06
9.816447e+05
9.093048e+05
8.078260e+05
6.841727e+05
5.507913e+05
4.219667e+05
3.092418e+05
2.186310e+05
1.506480e+05
1.022244e+05
6.893041e+04
4.648834e+04
3.142938e+04
2.121664e+04
1.415107e+04
9.196850e+03
5.760471e+03
3.472042e+03
2.038562e+03
1.195314e+03
7.188435e+02
4.477942e+02
2.844791e+02
1.790987e+02
1.090309e+02
6.306324e+01
3.383327e+01
1.602204e+01
6.093033e+00
1.534337e+00
1.363521e+00
3.485085e+00
7.063638e+00
1.217681e+01
1.926844e+01
2.918267e+01
4.238740e+01
5.897098e+01
8.113705e+01
1.177484e+02
1.888611e+02
3.285281e+02
5.844487e+02
1.013643e+03
1.679142e+03
2.661893e+03
4.098773e+03
6.233883e+03
9.453406e+03
1.430019e+04
2.151092e+04
3.210333e+04
4.742170e+04
6.891390e+04
9.744902e+04
1.323127e+05
1.705035e+05
2.071382e+05
2.372007e+05
2.577471e+05
2.690414e+05
2.737699e+05
2.749242e+05
2.737699e+05
2.690414e+05
2.577471e+05
2.372007e+05
2.071382e+05
1.705035e+05
1.323127e+05
9.744902e+04
6.891390e+04
4.742170e+04
3.210333e+04
2.151092e+04
1.430019e+04
9.453406e+03
6.233883e+03
4.098773e+03
2.661893e+03
1.679142e+03
1.013643e+03
5.844487e+02
3.285281e+02
1.888611e+02
1.177484e+02
8.113705e+01
5.897098e+01
4.238740e+01
2.918267e+01
1.926844e+01
1.217681e+01
7.063638e+00
3.485085e+00
1.288166e+00
1.951753e+00
2.494340e+00
3.219460e+00
4.570155e+00
6.275799e+00
7.474613e+00
8.040184e+00
9.443025e+00
1.417827e+01
2.499139e+01
4.537470e+01
8.104627e+01
1.420248e+02
2.475652e+02
4.359206e+02
7.726941e+02
1.344211e+03
2.233588e+03
3.506517e+03
5.248830e+03
7.662862e+03
1.115000e+04
1.624485e+04
2.330851e+04
3.207323e+04
4.136644e+04
4.938769e+04
5.456244e+04
5.643845e+04
5.591615e+04
5.463412e+04
5.402372e+04
5.463412e+04
5.591615e+04
5.643845e+04
5.456244e+04
4.938769e+04
4.136644e+04
3.207323e+04
2.330851e+04
1.624485e+04
1.115000e+04
7.662862e+03
5.248830e+03
3.506517e+03
2.233588e+03
1.344211e+03
7.726941e+02
4.359206e+02
2.475652e+02
1.420248e+02
8.104627e+01
4.537470e+01
2.499139e+01
1.417827e+01
9.443025e+00
8.040184e+00
7.474613e+00
6.275799e+00
4.570155e+00
3.219460e+00
2.494340e+00
1.951753e+00
4.699009e-01
2.689135e-01
1.509963e-01
3.964729e-01
7.277940e-01
7.462197e-01
6.561796e-01
9.996395e-01
1.760853e+00
2.227841e+00
1.891471e+00
1.398571e+00
3.132509e+00
1.245173e+01
4.004922e+01
1.028124e+02
2.192752e+02
3.996475e+02
6.367117e+02
9.084957e+02
1.203366e+03
1.565325e+03
2.129009e+03
3.091486e+03
4.587594e+03
6.512847e+03
8.434371e+03
9.740912e+03
1.001015e+04
9.316600e+03
8.185264e+03
7.237265e+03
6.879120e+03
7.237265e+03
8.185264e+03
9.316600e+03
1.001015e+04
9.740912e+03
8.434371e+03
6.512847e+03
4.587594e+03
3.091486e+03
2.129009e+03
1.565325e+03
1.203366e+03
9.084957e+02
6.367117e+02
3.996475e+02
2.192752e+02
1.028124e+02
4.004922e+01
1.245173e+01
3.132509e+00
1.398571e+00
1.891471e+00
2.227841e+00
1.760853e+00
9.996395e-01
6.561796e-01
7.462197e-01
7.277940e-01
3.964729e-01
1.509963e-01
2.689135e-01
5.520279e-02
2.373305e-02
1.866632e-01
3.320327e-01
3.601210e-01
4.468134e-01
6.612509e-01
7.573231e-01
5.158345e-01
1.071506e-01
1.028438e-01
1.609293e+00
6.971326e+00
1.998941e+01
4.375300e+01
7.707392e+01
1.141265e+02
1.488730e+02
1.788489e+02
2.044275e+02
2.296540e+02
2.717093e+02
3.712512e+02
5.831495e+02
9.348681e+02
1.368836e+03
1.722586e+03
1.805045e+03
1.546171e+03
1.079877e+03
6.434902e+02
3.863511e+02
3.101491e+02
3.863511e+02
6.434902e+02
1.079877e+03
1.546171e+03
1.805045e+03
1.722586e+03
1.368836e+03
9.348681e+02
5.831495e+02
3.712512e+02
2.717093e+02
2.296540e+02
2.044275e+02
1.788489e+02
1.488730e+02
1.141265e+02
7.707392e+01
4.375300e+01
1.998941e+01
6.971326e+00
1.609293e+00
1.028438e-01
1.071506e-01
5.158345e-01
7.573231e-01
6.612509e-01
4.468134e-01
3.601210e-01
3.320327e-01
1.866632e-01
2.373305e-02
1.391130e-01
2.720397e-01
3.579553e-01
3.786531e-01
3.494023e-01
2.502363e-01
1.010163e-01
1.827491e-02
8.830836e-02
3.190402e-01
1.035217e+00
3.495708e+00
9.704280e+00
2.047159e+01
3.293321e+01
4.101543e+01
4.024356e+01
3.252861e+01
2.506422e+01
2.428798e+01
3.273842e+01
5.304726e+01
9.333538e+01
1.648599e+02
2.682186e+02
3.747728e+02
4.247875e+02
3.657076e+02
2.129665e+02
6.138973e+01
3.975469e+00
3.487963e+01
6.338363e+01
3.487963e+01
3.975469e+00
6.138973e+01
2.129665e+02
3.657076e+02
4.247875e+02
3.747728e+02
2.682186e+02
1.648599e+02
9.333538e+01
5.304726e+01
3.273842e+01
2.428798e+01
2.506422e+01
3.252861e+01
4.024356e+01
4.101543e+01
3.293321e+01
2.047159e+01
9.704280e+00
3.495708e+00
1.035217e+00
3.190402e-01
8.830836e-02
1.827491e-02
1.010163e-01
2.502363e-01
3.494023e-01
3.786531e-01
3.579553e-01
2.720397e-01
2.356498e-01
3.007430e-01
2.729729e-01
1.431686e-01
2.670341e-02
2.598364e-02
1.232945e-01
2.056540e-01
2.029516e-01
2.889101e-01
9.756723e-01
2.929320e+00
6.382860e+00
1.036551e+01
1.265173e+01
1.125542e+01
6.623041e+00
1.990165e+00
8.130038e-01
4.075171e+00
1.078697e+01
2.080316e+01
3.644603e+01
6.087810e+01
9.285966e+01
1.201824e+02
1.209731e+02
8.246367e+01
2.554779e+01
2.295262e-01
3.854131e+01
1.110170e+02
1.475717e+02
1.110170e+02
3.854131e+01
2.295262e-01
2.554779e+01
8.246367e+01
1.209731e+02
1.201824e+02
9.285966e+01
6.087810e+01
3.644603e+01
2.080316e+01
1.078697e+01
4.075171e+00
8.130038e-01
1.990165e+00
6.623041e+00
1.125542e+01
1.265173e+01
1.036551e+01
6.382860e+00
2.929320e+00
9.756723e-01
2.889101e-01
2.029516e-01
2.056540e-01
1.232945e-01
2.598364e-02
2.670341e-02
1.431686e-01
2.729729e-01
3.007430e-01
2.321085e-01
1.686312e-01
8.418291e-02
1.150873e-01
1.928732e-01
1.913563e-01
1.061953e-01
2.388702e-02
3.858198e-02
2.184251e-01
6.347781e-01
1.345316e+00
2.207986e+00
2.724486e+00
2.351988e+00
1.200320e+00
1.800963e-01
1.333124e-01
1.028378e+00
2.295038e+00
3.728922e+00
5.920763e+00
1.016062e+01
1.786019e+01
2.862763e+01
3.749669e+01
3.591505e+01
2.048960e+01
2.761668e+00
4.659799e+00
3.658461e+01
8.021423e+01
1.006743e+02
8.021423e+01
3.658461e+01
4.659799e+00
2.761668e+00
2.048960e+01
3.591505e+01
3.749669e+01
2.862763e+01
1.786019e+01
1.016062e+01
5.920763e+00
3.728922e+00
2.295038e+00
1.028378e+00
1.333124e-01
1.800963e-01
1.200320e+00
2.351988e+00
2.724486e+00
2.207986e+00
1.345316e+00
6.347781e-01
2.184251e-01
3.858198e-02
2.388702e-02
1.061953e-01
1.913563e-01
1.928732e-01
1.150873e-01
8.418291e-02
1.686312e-01
1.104218e-01
1.474518e-01
2.338570e-01
2.194749e-01
1.098122e-01
2.275222e-02
1.205039e-02
4.321125e-02
7.993053e-02
1.482860e-01
2.835134e-01
4.249429e-01
4.257757e-01
2.359223e-01
3.281008e-02
3.613507e-02
2.183228e-01
3.560887e-01
3.355134e-01
2.527994e-01
2.479641e-01
4.649898e-01
1.357484e+00
3.777379e+00
7.948075e+00
1.187852e+01
1.184663e+01
6.443281e+00
5.392528e-01
2.854259e+00
1.696941e+01
3.510700e+01
4.344989e+01
3.510700e+01
1.696941e+01
2.854259e+00
5.392528e-01
6.443281e+00
1.184663e+01
1.187852e+01
7.948075e+00
3.777379e+00
1.357484e+00
4.649898e-01
2.479641e-01
2.527994e-01
3.355134e-01
3.560887e-01
2.183228e-01
3.613507e-02
3.281008e-02
2.359223e-01
4.257757e-01
4.249429e-01
2.835134e-01
1.482860e-01
7.993053e-02
4.321125e-02
1.205039e-02
2.275222e-02
1.098122e-01
2.194749e-01
2.338570e-01
1.474518e-01
1.846038e-01
2.060369e-01
1.405461e-01
8.165941e-02
6.088884e-02
5.496673e-02
3.592808e-02
1.704424e-02
4.018196e-02
9.272386e-02
1.058499e-01
5.139813e-02
2.254038e-03
4.850026e-02
1.620029e-01
2.183431e-01
1.548908e-01
4.220510e-02
5.899487e-03
8.393365e-02
1.460882e-01
6.615032e-02
7.481384e-02
7.713391e-01
2.436387e+00
4.222337e+00
4.480261e+00
2.560559e+00
2.971307e-01
8.792840e-01
5.545959e+00
1.159689e+01
1.437848e+01
1.159689e+01
5.545959e+00
8.792840e-01
2.971307e-01
2.560559e+00
4.480261e+00
4.222337e+00
2.436387e+00
7.713391e-01
7.481384e-02
6.615032e-02
1.460882e-01
8.393365e-02
5.899487e-03
4.220510e-02
1.548908e-01
2.183431e-01
1.620029e-01
4.850026e-02
2.254038e-03
5.139813e-02
1.058499e-01
9.272386e-02
4.018196e-02
1.704424e-02
3.592808e-02
5.496673e-02
6.088884e-02
8.165941e-02
1.405461e-01
2.060369e-01
1.259312e-01
1.275780e-01
1.339553e-01
1.014553e-01
6.140028e-02
2.286012e-02
2.074006e-03
1.701188e-02
3.536954e-02
2.405747e-02
2.187848e-03
1.157018e-02
5.375453e-02
8.845323e-02
8.890094e-02
5.896848e-02
1.548262e-02
4.137292e-03
7.321220e-02
1.797629e-01
2.003051e-01
8.996295e-02
7.871891e-03
2.310599e-01
8.474703e-01
1.502385e+00
1.600193e+00
9.444918e-01
1.514746e-01
2.020061e-01
1.438490e+00
3.075396e+00
3.826973e+00
3.075396e+00
1.438490e+00
2.020061e-01
1.514746e-01
9.444918e-01
1.600193e+00
1.502385e+00
8.474703e-01
2.310599e-01
7.871891e-03
8.996295e-02
2.003051e-01
1.797629e-01
7.321220e-02
4.137292e-03
1.548262e-02
5.896848e-02
8.890094e-02
8.845323e-02
5.375453e-02
1.157018e-02
2.187848e-03
2.405747e-02
3.536954e-02
1.701188e-02
2.074006e-03
2.286012e-02
6.140028e-02
1.014553e-01
1.339553e-01
1.275780e-01
1.440235e-01
1.396530e-01
1.017588e-01
8.603361e-02
5.426088e-02
2.804661e-02
2.500842e-02
1.940634e-02
5.567388e-03
4.807084e-04
8.241215e-03
1.413570e-02
1.329410e-02
1.637760e-02
1.989113e-02
9.400430e-03
1.997890e-04
2.027529e-02
6.004222e-02
8.318125e-02
6.675036e-02
2.276864e-02
6.661008e-03
8.595525e-02
2.622575e-01
4.260284e-01
4.302069e-01
2.478981e-01
4.337964e-02
3.952781e-02
2.970753e-01
6.377362e-01
7.933320e-01
6.377362e-01
2.970753e-01
3.952781e-02
4.337964e-02
2.478981e-01
4.302069e-01
4.260284e-01
2.622575e-01
8.595525e-02
6.661008e-03
2.276864e-02
6.675036e-02
8.318125e-02
6.004222e-02
2.027529e-02
1.997890e-04
9.400430e-03
1.989113e-02
1.637760e-02
1.329410e-02
1.413570e-02
8.241215e-03
4.807084e-04
5.567388e-03
1.940634e-02
2.500842e-02
2.804661e-02
5.426088e-02
8.603361e-02
1.017588e-01
1.396530e-01
1.030929e-01
1.173725e-01
1.253057e-01
8.262711e-02
5.652178e-02
4.035805e-02
1.892331e-02
5.157098e-03
3.057005e-03
3.973599e-03
1.404297e-03
4.426486e-04
5.211967e-03
7.676622e-03
3.119385e-03
1.095738e-03
5.822803e-03
1.046146e-02
1.311564e-02
1.458189e-02
1.113441e-02
4.334956e-03
5.678454e-03
2.551369e-02
5.939416e-02
8.524925e-02
7.969879e-02
4.327877e-02
6.868728e-03
5.803429e-03
4.569657e-02
9.658345e-02
1.192230e-01
9.658345e-02
4.569657e-02
5.803429e-03
6.868728e-03
4.327877e-02
7.969879e-02
8.524925e-02
5.939416e-02
2.551369e-02
5.678454e-03
4.334956e-03
1.113441e-02
1.458189e-02
1.311564e-02
1.046146e-02
5.822803e-03
1.095738e-03
3.119385e-03
7.676622e-03
5.211967e-03
4.426486e-04
1.404297e-03
3.973599e-03
3.057005e-03
5.157098e-03
1.892331e-02
4.035805e-02
5.652178e-02
8.262711e-02
1.253057e-01
1.173725e-01
1.291480e-01
1.242927e-01
9.618440e-02
9.085857e-02
5.806375e-02
2.797974e-02
1.464078e-02
7.756100e-03
3.184142e-03
8.487272e-04
1.790679e-03
3.571953e-03
2.670656e-03
1.142546e-03
1.734326e-03
1.858220e-03
4.259924e-04
7.653975e-04
2.775690e-03
3.316816e-03
2.239787e-03
1.419873e-03
2.318422e-03
5.554757e-03
1.004912e-02
1.281724e-02
1.109708e-02
5.615514e-03
8.082778e-04
5.070726e-04
4.420863e-03
9.151292e-03
1.122101e-02
9.151292e-03
4.420863e-03
5.070726e-04
8.082778e-04
5.615514e-03
1.109708e-02
1.281724e-02
1.004912e-02
5.554757e-03
2.318422e-03
1.419873e-03
2.239787e-03
3.316816e-03
2.775690e-03
7.653975e-04
4.259924e-04
1.858220e-03
1.734326e-03
1.142546e-03
2.670656e-03
3.571953e-03
1.790679e-03
8.487272e-04
3.184142e-03
7.756100e-03
1.464078e-02
2.797974e-02
5.806375e-02
9.085857e-02
9.618440e-02
1.242927e-01
9.624117e-02
1.143223e-01
1.147780e-01
7.145121e-02
5.183797e-02
3.233259e-02
1.455514e-02
5.871157e-03
2.725224e-03
2.328402e-03
2.241572e-03
1.547109e-03
1.604280e-03
2.043343e-03
1.320037e-03
3.875197e-04
6.618802e-04
8.542526e-04
4.385738e-04
2.545922e-04
3.422146e-04
3.882436e-04
5.224961e-04
9.528155e-04
1.564352e-03
1.895579e-03
1.566945e-03
7.950655e-04
1.748094e-04
1.899440e-05
1.671472e-04
3.433453e-04
4.092382e-04
3.433453e-04
1.671472e-04
1.899440e-05
1.748094e-04
7.950655e-04
1.566945e-03
1.895579e-03
1.564352e-03
9.528155e-04
5.224961e-04
3.882436e-04
3.422146e-04
2.545922e-04
4.385738e-04
8.542526e-04
6.618802e-04
3.875197e-04
1.320037e-03
2.043343e-03
1.604280e-03
1.547109e-03
2.241572e-03
2.328402e-03
2.725224e-03
5.871157e-03
1.455514e-02
3.233259e-02
5.183797e-02
7.145121e-02
1.147780e-01
1.143223e-01
1.197250e-01
1.096043e-01
8.901764e-02
8.446777e-02
4.951669e-02
2.760837e-02
1.472624e-02
6.258853e-03
3.120844e-03
2.075090e-03
1.527121e-03
1.809055e-03
1.919129e-03
1.115692e-03
6.628553e-04
7.422195e-04
4.207377e-04
9.692198e-05
6.988312e-05
9.126039e-05
5.680836e-05
2.057315e-05
4.430705e-05
1.512998e-04
2.953251e-04
3.693480e-04
3.062751e-04
1.616341e-04
5.547103e-05
2.437514e-05
4.007936e-05
8.938204e-05
1.191211e-04
8.938204e-05
4.007936e-05
2.437514e-05
5.547103e-05
1.616341e-04
3.062751e-04
3.693480e-04
2.953251e-04
1.512998e-04
4.430705e-05
2.057315e-05
5.680836e-05
9.126039e-05
6.988312e-05
9.692198e-05
4.207377e-04
7.422195e-04
6.628553e-04
1.115692e-03
1.919129e-03
1.809055e-03
1.527121e-03
2.075090e-03
3.120844e-03
6.258853e-03
1.472624e-02
2.760837e-02
4.951669e-02
8.446777e-02
8.901764e-02
1.096043e-01
8.841009e-02
1.086475e-01
1.031894e-01
6.647384e-02
5.222610e-02
2.825709e-02
1.311447e-02
6.520774e-03
2.923473e-03
1.731850e-03
1.787986e-03
1.486731e-03
1.034949e-03
1.163311e-03
1.110689e-03
7.306946e-04
3.743520e-04
1.782609e-04
1.037409e-04
7.032616e-05
2.480515e-05
1.503722e-06
6.713530e-06
2.982069e-05
6.250461e-05
8.207356e-05
6.956202e-05
4.232555e-05
2.807510e-05
3.425753e-05
6.559128e-05
1.167362e-04
1.473593e-04
1.167362e-04
6.559128e-05
3.425753e-05
2.807510e-05
4.232555e-05
6.956202e-05
8.207356e-05
6.250461e-05
2.982069e-05
6.713530e-06
1.503722e-06
2.480515e-05
7.032616e-05
1.037409e-04
1.782609e-04
3.743520e-04
7.306946e-04
1.110689e-03
1.163311e-03
1.034949e-03
1.486731e-03
1.787986e-03
1.731850e-03
2.923473e-03
6.520774e-03
1.311447e-02
2.825709e-02
5.222610e-02
6.647384e-02
1.031894e-01
1.086475e-01
1.120463e-01
1.000191e-01
8.844530e-02
7.897686e-02
4.394667e-02
2.789570e-02
1.383759e-02
5.656042e-03
2.921210e-03
1.802019e-03
1.324624e-03
1.389270e-03
1.465680e-03
1.268110e-03
9.534916e-04
5.800370e-04
3.942619e-04
2.563765e-04
1.226152e-04
2.612812e-05
1.427315e-06
1.914571e-06
4.810927e-07
3.629835e-06
1.261223e-05
2.011095e-05
2.083243e-05
1.599551e-05
1.175350e-05
1.591136e-05
3.539296e-05
6.495757e-05
7.803538e-05
6.495757e-05
3.539296e-05
1.591136e-05
1.175350e-05
1.599551e-05
2.083243e-05
2.011095e-05
1.261223e-05
3.629835e-06
4.810927e-07
1.914571e-06
1.427315e-06
2.612812e-05
1.226152e-04
2.563765e-04
3.942619e-04
5.800370e-04
9.534916e-04
1.268110e-03
1.465680e-03
1.389270e-03
1.324624e-03
1.802019e-03
2.921210e-03
5.656042e-03
1.383759e-02
2.789570e-02
4.394667e-02
7.897686e-02
8.844530e-02
1.000191e-01
8.417407e-02
1.065524e-01
9.351057e-02
6.494923e-02
5.063621e-02
2.513461e-02
1.311745e-02
6.111420e-03
2.597239e-03
1.743933e-03
1.527968e-03
1.458191e-03
1.432584e-03
1.147257e-03
9.254782e-04
6.903720e-04
4.065826e-04
1.882800e-04
6.667848e-05
2.614903e-05
9.553438e-06
1.340323e-06
5.908242e-07
1.905291e-06
4.027291e-06
5.717732e-06
4.916598e-06
3.209673e-06
3.839162e-06
6.659599e-06
1.134840e-05
1.757760e-05
2.211050e-05
1.757760e-05
1.134840e-05
6.659599e-06
3.839162e-06
3.209673e-06
4.916598e-06
5.717732e-06
4.027291e-06
1.905291e-06
5.908242e-07
1.340323e-06
9.553438e-06
2.614903e-05
6.667848e-05
1.882800e-04
4.065826e-04
6.903720e-04
9.254782e-04
1.147257e-03
1.432584e-03
1.458191e-03
1.527968e-03
1.743933e-03
2.597239e-03
6.111420e-03
1.311745e-02
2.513461e-02
5.063621e-02
6.494923e-02
9.351057e-02
1.065524e-01
1.074831e-01
9.299870e-02
8.938861e-02
7.266032e-02
4.247526e-02
2.784882e-02
1.248132e-02
5.790041e-03
2.909309e-03
1.708855e-03
1.606277e-03
1.518397e-03
1.370967e-03
1.268808e-03
9.206114e-04
6.607385e-04
3.865536e-04
1.935708e-04
7.988641e-05
2.505502e-05
7.970314e-06
2.593872e-06
4.767625e-07
3.377377e-07
9.688538e-07
1.313350e-06
1.618902e-06
1.836508e-06
1.195674e-06
9.206618e-07
2.275140e-06
4.833225e-06
5.662906e-06
4.833225e-06
2.275140e-06
9.206618e-07
1.195674e-06
1.836508e-06
1.618902e-06
1.313350e-06
9.688538e-07
3.377377e-07
4.767625e-07
2.593872e-06
7.970314e-06
2.505502e-05
7.988641e-05
1.935708e-04
3.865536e-04
6.607385e-04
9.206114e-04
1.268808e-03
1.370967e-03
1.518397e-03
1.606277e-03
1.708855e-03
2.909309e-03
5.790041e-03
1.248132e-02
2.784882e-02
4.247526e-02
7.266032e-02
8.938861e-02
9.299870e-02
8.146747e-02
1.058939e-01
8.613199e-02
6.695197e-02
4.765492e-02
2.436282e-02
1.361035e-02
5.769276e-03
2.863224e-03
1.908183e-03
1.562131e-03
1.584324e-03
1.402461e-03
1.210634e-03
9.811424e-04
6.602995e-04
3.972783e-04
1.966380e-04
8.878874e-05
3.485199e-05
9.155424e-06
1.367794e-06
5.431470e-07
5.894138e-07
4.782043e-07
5.571275e-07
5.772621e-07
2.195476e-07
2.921945e-07
6.370938e-07
7.473179e-07
6.912860e-07
8.889539e-07
6.912860e-07
7.473179e-07
6.370938e-07
2.921945e-07
2.195476e-07
5.772621e-07
5.571275e-07
4.782043e-07
5.894138e-07
5.431470e-07
1.367794e-06
9.155424e-06
3.485199e-05
8.878874e-05
1.966380e-04
3.972783e-04
6.602995e-04
9.811424e-04
1.210634e-03
1.402461e-03
1.584324e-03
1.562131e-03
1.908183e-03
2.863224e-03
5.769276e-03
1.361035e-02
2.436282e-02
4.765492e-02
6.695197e-02
8.613199e-02
1.058939e-01
1.052014e-01
8.872405e-02
9.206173e-02
6.708048e-02
4.439210e-02
2.698270e-02
1.239463e-02
6.288927e-03
2.861332e-03
1.932506e-03
1.638195e-03
1.471165e-03
1.456159e-03
1.175164e-03
9.633985e-04
6.381746e-04
3.930436e-04
2.044499e-04
8.591612e-05
2.928451e-05
8.645775e-06
2.984354e-06
8.158015e-07
1.407593e-07
8.508282e-09
9.283824e-08
1.447874e-07
2.216213e-07
1.240713e-07
1.069503e-08
9.746926e-08
2.708724e-07
2.309823e-07
2.708724e-07
9.746926e-08
1.069503e-08
1.240713e-07
2.216213e-07
1.447874e-07
9.283824e-08
8.508282e-09
1.407593e-07
8.158015e-07
2.984354e-06
8.645775e-06
2.928451e-05
8.591612e-05
2.044499e-04
3.930436e-04
6.381746e-04
9.633985e-04
1.175164e-03
1.456159e-03
1.471165e-03
1.638195e-03
1.932506e-03
2.861332e-03
6.288927e-03
1.239463e-02
2.698270e-02
4.439210e-02
6.708048e-02
9.206173e-02
8.872405e-02
8.054780e-02
1.070425e-01
8.137928e-02
7.075482e-02
4.455122e-02
2.584651e-02
1.349327e-02
5.846639e-03
3.153960e-03
1.828054e-03
1.630307e-03
1.492248e-03
1.347325e-03
1.195244e-03
8.870839e-04
6.388256e-04
3.698409e-04
1.877149e-04
7.841933e-05
2.782280e-05
7.901036e-06
1.698389e-06
3.564011e-07
1.352909e-07
9.094347e-08
9.132020e-08
7.020418e-08
2.069942e-08
6.148818e-08
1.088833e-07
6.272288e-08
5.505056e-09
2.575815e-08
5.505056e-09
6.272288e-08
1.088833e-07
6.148818e-08
2.069942e-08
7.020418e-08
9.132020e-08
9.094346e-08
1.352909e-07
3.564011e-07
1.698389e-06
7.901036e-06
2.782280e-05
7.841933e-05
1.877149e-04
3.698409e-04
6.388256e-04
8.870839e-04
1.195244e-03
1.347325e-03
1.492248e-03
1.630307e-03
1.828054e-03
3.153960e-03
5.846639e-03
1.349327e-02
2.584651e-02
4.455122e-02
7.075482e-02
8.137928e-02
1.070425e-01
