505569692782149.94	-1.95
505458956732713.25	-1.95
505348269182178.00	-1.95
505237630098689.75	-6.98
505127039450421.81	-5.65
505016497205575.37	9.65
504906003332379.62	6.86
504787063990173.44	6.04
504676670479779.12	-0.54
504566325243453.12	-7.15
504456028249537.50	-6.01
504345779466402.06	-2.08
504235578862444.50	0.09
504125426406089.81	-14.96
504015322065790.75	-1.81
503905265810027.62	-7.82
503786797427328.75	-8.82
503676840938853.56	-1.76
503566932438103.12	-2.50
503457071893669.81	9.63
503347259274173.19	10.30
503237494548260.44	3.81
503127777684605.94	-0.64
503018108651911.44	5.20
502908487418906.00	-5.45
502798913954345.81	4.93
502680965147453.12	10.90
502571490794565.50	11.26
502462064114159.37	-4.70
502352685075101.62	-2.18
502243353646286.62	-13.50
502134069796635.62	2.42
502024833495096.81	7.32
501915644710645.56	-6.26
501806503412284.12	1.11
501689019699655.50	8.75
501579976927321.06	3.69
501470981545867.75	-2.89
501362033524407.87	-2.50
501253132832080.12	-2.58
501144279438050.19	-5.46
501035473311510.37	3.90
500926714421680.06	5.82
500818002737805.06	9.10
500709338229157.94	3.98
500600720865038.06	-19.22
500483801007640.75	-28.75
500375281461095.87	1.19
500266808964781.19	27.34
500158383488104.50	-5.21
500050005000499.94	-7.82
499941673471428.25	-1.93
499833388870376.44	-13.62
499725151166858.12	-21.68
499616960330413.31	-3.34
499508816330608.19	1.38
499400719137035.50	14.46
499284359085311.00	-6.68
499176359007637.31	10.25
499068405642800.00	-29.60
498960498960498.87	-20.52
498852638930459.94	-8.80
498744825522435.12	3.50
498637058706203.00	11.52
498529338451567.81	-0.37
498421664728360.19	6.37
498314037506436.56	-2.44
498206456755679.56	9.79
498098922445997.81	-5.40
497983168168915.87	3.83
497875730217737.69	-10.20
497768338615208.37	-20.51
497660993331342.62	2.11
497553694336180.37	-6.85
497446441599787.75	-0.68
497339235092256.37	-25.07
497232074783704.00	-1.80
497124960644273.94	-17.15
497017892644135.12	-2.08
496910870753482.50	-0.87
496803894942536.37	-8.03
496688741721854.25	-3.87
496581861519871.50	-8.04
496475027306126.50	2.93
496368239050943.87	1.62
496261496724674.12	9.51
496154800297692.94	-2.96
496048149740401.50	4.32
495941545023226.62	7.94
495834986116620.44	7.08
495728472991060.37	-10.71
495622005617049.44	-9.30
495515583965115.75	-2.42
495409208005812.75	2.69
495302877709719.37	0.11
495188419193503.06	-7.01
495082183642484.62	-7.08
494975993664307.19	2.44
494869849229652.56	-4.75
494763750309227.31	0.55
494657696873763.37	-11.67
494551688894017.56	-2.56
494445726340771.94	-22.12
494339809184833.56	0.91
494233937397034.50	1.62
494128110948231.75	-15.70
494022329809307.31	3.57
493916593951168.12	-5.23
493810903344745.81	-14.38
493705257960997.25	10.91
493599657770903.94	1.98
493485984998026.12	-0.76
493380478579064.25	-11.34
493275017264625.56	1.52
493169601025792.75	-12.86
493064229833672.87	4.38
492958903659398.12	-3.15
492853622474125.12	-2.19
492748386249034.94	-8.05
492643194955333.62	13.24
492538048564251.50	-4.29
492432947047043.75	9.57
492327890374989.69	-1.83
492222878519393.50	-8.89
492117911451583.75	-1.51
492012989142913.37	-3.72
491908111564759.75	2.40
491803278688524.50	11.16
491698490485634.19	15.84
491585691579137.12	10.91
491480996068152.06	8.67
491376345142744.81	7.13
491271738774440.75	6.94
491167176934789.37	0.37
491062659595364.44	-13.71
490958186727763.69	-11.83
490853758303609.44	-1.57
490749374294547.81	-18.33
490645034672249.00	-3.07
490540739408407.81	21.88
490436488474742.44	-2.34
490332281842995.56	-11.27
490228119484933.62	2.18
490124001372347.19	-6.92
490019927477050.69	16.42
489915897770882.62	-7.78
489811912225705.31	2.38
489707970813404.94	-5.80
489604073505891.56	12.12
489500220275099.12	9.32
489396411092985.31	5.03
489284665818573.25	-15.13
489180948032677.25	-8.40
489077274209325.06	-3.87
488973644320571.12	-3.60
488870058338493.62	-8.73
488766516235194.44	-15.25
488663017982799.06	-15.04
488559563553456.56	9.75
488456152919339.62	-3.44
488352786052644.44	-6.69
488249462925590.75	-7.87
488146183510421.81	-13.22
488042947779404.50	-25.07
487939755704828.87	-12.95
487836607259008.69	9.62
487733502414280.75	13.39
487630441143005.69	17.89
487527423417567.19	10.23
487424449210372.37	-6.93
487321518493851.62	-2.34
487218631240458.62	8.93
487115787422670.31	-8.44
487012987012987.00	-5.96
486910229983932.00	-6.56
486807516308051.81	-3.60
486704845957916.25	-1.92
486602218906118.19	-8.79
486499635125273.62	-4.54
486397094588021.62	-11.44
486294597267024.31	-7.03
486192143134966.94	-4.85
486089732164557.56	-16.17
485987364328527.50	-7.32
485877170251360.44	-5.17
485774891915086.56	-4.87
485672656629431.75	-6.88
485570464367220.69	11.35
485468315101301.00	3.47
485366208804542.94	-4.73
485264145449839.81	-10.39
485162125010107.50	-11.10
485060147458284.75	16.38
484958212767333.19	1.21
484856320910236.94	0.77
484754471860002.87	3.58
484652665589660.75	-5.08
484550902072262.69	-26.04
484449181280883.62	-12.66
484347503188621.06	-4.28
484245867768595.06	-7.03
484144274993948.19	-5.87
484042724837845.69	6.40
483941217273475.12	16.32
483839752274046.81	14.91
483738329812793.25	-4.88
483636949862969.50	-2.10
483535612397853.12	3.37
483434317390743.87	-0.53
483333064814963.94	-8.90
483231854643858.06	-5.56
483130686850793.12	10.53
483029561409158.19	-1.41
482928478292364.87	-8.76
482827437473846.81	-14.70
482726438927060.00	7.83
482625482625482.56	-14.40
482524568542614.87	-3.67
482423696651979.44	-6.75
482322866927120.94	-1.05
482222079341606.06	5.87
482121333869023.69	-8.07
482020630482984.62	-21.12
481919969157121.94	-8.48
481819349865090.56	1.08
481718772580567.50	10.85
481618237277251.56	-8.75
481517743928863.81	1.12
481417292509146.94	-5.14
481316882991865.75	4.13
481216515350806.87	0.76
481116189559778.75	-6.32
481015905592611.56	-7.64
480915663423157.62	1.37
480815463025290.75	31.68
480715304372906.81	6.73
480615187439923.06	4.76
480515112200278.62	10.30
480415078627934.44	1.24
480315086696873.06	10.44
480215136381098.69	-5.88
480115227654637.06	-0.71
480015360491535.69	0.72
479915534865863.62	8.45
479815750751711.31	-14.28
479716008123191.12	-7.31
479616306954436.37	8.06
479516647219602.56	-16.16
479417028892866.25	-15.19
479317451948425.44	-6.92
479217916360499.62	-10.51
479118422103329.81	4.40
479018969151178.37	13.44
478919557478328.94	-6.11
478820187059086.44	-16.00
478720857867777.31	-8.97
478621569878749.25	4.72
478522323066371.12	-6.14
478423117405033.06	-4.87
478323952869146.50	-13.66
478224829433144.06	-6.51
478125747071479.69	1.91
478026705758628.25	-5.41
477927705469086.00	-0.33
477828746177370.00	2.25
477729827858018.69	7.19
477630950485591.37	0.92
477539715386329.56	-0.12
477440916686559.94	-4.73
477342158859470.44	-3.92
477243441879702.81	-11.66
477144765721920.00	7.53
477046130360805.87	7.96
476947535771065.19	-0.45
476848981927423.56	1.88
476750468804627.69	-0.03
476651996377444.81	5.19
476553564620663.31	8.61
476455173509092.37	-5.64
476356823017561.69	-5.97
476258513120921.94	-2.19
476160243794044.81	-8.14
476062015011822.19	1.04
475963826749167.06	6.46
475865678981012.94	-18.18
475767571682314.12	2.48
475669504828045.37	4.01
475571478393202.44	-8.24
475473492352801.25	-9.71
475375546681878.62	0.49
475277641355491.75	-9.94
475179776348718.56	17.44
475081951636657.31	14.89
474984167194426.81	-6.10
474886422997166.50	9.51
474788719020036.00	15.54
474691055238215.69	8.40
474593431626906.19	10.33
474495848161328.50	-1.19
474398304816724.12	9.96
474308300395256.81	-1.78
474210834136857.19	-9.97
474113407927176.12	-12.62
474016021741534.81	-4.54
473918675555274.69	-11.39
473821369343757.37	-2.87
473724103082364.81	-22.75
473626876746499.12	1.03
473529690311582.50	5.15
473432543753057.62	-13.69
473335437046386.87	4.36
473238370167053.19	-10.30
473141343090559.31	-6.03
473044355792428.12	-0.91
472947408248202.69	-4.04
472850500433446.19	-14.81
472753632323741.62	-25.43
472656803894692.00	-0.52
472560015121920.37	4.40
472463265981069.94	2.90
472366556447803.44	-3.60
472269886497803.87	-11.23
472180687809868.50	-23.02
472084093913262.31	6.87
471987539528956.37	-11.48
471891024632711.50	2.25
471794549200308.19	8.32
471698113207547.12	12.60
471601716630248.50	8.02
471505359444252.31	-10.40
471409041625418.37	5.69
471312763149626.06	-10.32
471216523992774.69	-9.08
471120324130783.00	-1.56
471024163539589.50	-3.63
470928042195152.56	-4.06
470831960073449.81	-0.81
470735917150478.56	-0.15
470639913402255.87	-22.29
470543948804818.37	6.63
470455400828001.50	-2.00
470359511453254.12	-6.27
470263661159356.56	21.74
470167849922422.25	-22.76
470072077718583.44	-6.60
469976344523992.19	1.75
469880650314820.00	0.14
469784995067257.50	-18.45
469689378757515.00	-3.00
469593801361822.00	-12.03
469498262856427.44	-14.82
469402763217599.44	5.49
469307302421625.69	-1.51
469211880444812.81	7.47
469116497263487.06	9.82
469028485663362.62	14.45
468933177022274.31	17.15
468837907107582.69	12.59
468742675895689.12	0.69
468647483363014.25	17.19
468552329485998.06	6.17
468457214241099.31	9.62
468362137604796.00	-4.25
468267099553585.31	-8.65
468172100063983.50	-5.71
468077139112525.75	6.19
467982216675766.37	-18.48
467887332730278.56	6.57
467792487252654.75	5.56
467704971703849.25	-1.05
467610200137165.69	9.64
467515466970032.25	-21.64
467420772179115.62	-19.00
467326115741101.31	-0.68
467231497632693.69	-6.04
467136917830616.12	9.47
467042376311610.62	8.17
466947873052438.12	5.92
466853408029878.56	-14.14
466758981220730.25	-2.08
466664592601810.62	-18.95
466570242149955.62	-1.64
466483183281242.62	12.40
466388906162552.00	9.11
466294667143323.44	1.30
466200466200466.19	-7.09
466106303310908.44	-13.30
466012178451596.87	9.22
465918091599496.81	-4.67
465824042731592.19	-0.02
465730031824885.50	-3.06
465636058856397.87	-0.19
465542123803168.75	-5.97
465448226642256.50	4.16
465361585952284.94	14.54
465267761596798.94	0.50
465173975066674.94	-4.46
465080226339043.50	8.98
464986515391053.62	-1.88
464892842199873.00	0.37
464799206742687.06	-5.04
464705608996700.50	-0.56
464612048939135.75	-13.32
464518526547233.69	5.40
464432231596872.75	5.50
464338781575037.06	4.52
464245369152442.62	-5.61
464151994306402.12	-15.98
464058657014246.56	-7.66
463965357253325.06	-2.29
463872095001005.00	3.40
463778870234672.06	-9.36
463685682931729.94	0.43
463592533069600.69	-8.85
463499420625724.25	-1.13
463413503869502.69	3.15
463320463320463.31	1.04
463227460123836.06	-19.22
463134494257132.25	-2.33
463041565697880.81	-5.73
462948674423628.87	9.19
462855820411941.69	-5.50
462763003640402.31	-17.24
462670224086611.87	2.43
462584614435723.87	4.36
462491906391638.19	-8.27
462399235499930.69	3.82
462306601738272.81	-17.59
462214005084354.12	5.04
462121445515881.62	1.87
462028923010580.44	-2.68
461936437546193.56	6.06
461843989100481.75	7.27
461751577651223.56	-11.10
461666307592871.75	-8.09
461573967228248.19	0.28
461481663795225.06	-6.78
461389397271650.69	13.80
461297167635390.69	2.15
461204974864328.81	4.99
461112818936366.37	-19.20
461020699829422.31	-3.36
460928617521433.19	-14.21
460843651110633.12	-13.39
460751639507917.19	-1.20
460659664639764.12	-5.88
460567726484179.50	0.77
460475825019186.50	-5.93
460383960222825.81	2.23
460292132073155.81	-19.13
460200340548252.06	-6.39
460115642398122.75	3.83
460023921243904.69	14.80
459932236650466.87	-25.62
459840588595953.37	-3.17
459748977058526.06	-8.16
459657402016363.81	-9.11
459565863447663.12	-1.44
459474361330637.75	12.06
459389930172730.62	5.28
459298498093911.31	-1.68
459207102403183.87	0.35
459115743078830.19	4.02
459024420099149.25	-1.88
458933133442457.37	6.28
458841883087088.12	-13.47
458750669011392.19	-2.53
458666503585243.06	5.17
458575359217364.62	6.97
458484251065975.75	-12.13
458393179109494.81	-2.61
458302143326356.87	18.47
458211143695014.62	-5.16
458120180193937.50	-20.74
458029252801612.25	1.18
457945351854678.56	-1.48
457854493841857.00	-5.41
457763671874999.94	-6.40
457672885932661.06	-20.97
457582135993410.75	-2.64
457491422035836.75	-0.03
457400744038543.62	-4.82
457317073170731.69	-15.05
457226464267751.81	2.93
457135891262609.31	-8.13
457045354133975.25	-5.49
456954852860537.37	19.12
456864387421000.50	5.64
456773957794086.31	-1.44
456683563958533.19	18.82
456600155244052.81	0.32
456509830178343.12	1.26
456419540841941.94	1.33
456329287213653.37	1.06
456239069272298.69	0.76
456148886996715.75	6.35
456058740365759.12	4.16
455975559709999.62	-12.76
455885481567030.37	4.39
455795439006973.62	12.20
455705432008749.44	1.77
455615460551294.56	-7.04
455525524613562.44	9.32
455435624174522.87	7.10
455352670643413.25	-6.60
455262838412043.12	5.35
455173041617988.37	6.51
455083280240283.94	-9.02
454993554257981.25	5.98
454903863650148.50	13.09
454821103699211.56	6.28
454731481060433.69	3.29
454641893735034.62	-3.68
454552341702146.94	12.08
454462824940919.81	-1.82
454373343430518.75	-6.42
454283897150125.62	-11.18
454201362604087.75	-21.99
454111984015258.12	6.72
454022640595677.69	-5.04
453933332324592.56	-2.68
453844059181265.31	-6.00
453754821144974.69	15.20
453672478715199.50	14.38
453583308134260.69	-18.66
453494172599882.06	-21.75
453405072091406.44	-2.00
453316006588192.62	-7.87
453226976069615.69	9.32
453137980515066.81	-9.20
453055861787758.44	-16.24
452966933413860.81	9.00
452878039943843.12	-10.71
452789181357160.12	1.01
452700357633282.44	-6.51
452611568751697.31	3.96
452529640691465.25	-4.21
452440918756692.31	7.88
452352231604342.56	16.64
452263579213965.87	-4.13
452174961565128.25	-20.02
452086378637411.62	-20.45
452004640580976.56	12.08
451916124367317.37	-2.76
451827642815187.44	7.09
451739195904231.25	12.85
451650783614109.62	20.57
451562405924498.69	9.96
451480857211654.19	8.91
451392546004423.62	-13.42
451304269338387.94	-1.86
451216027193285.94	-9.48
451127819548872.12	19.72
451046427712292.50	10.23
450958286358511.87	6.94
450870179446331.44	-15.51
450782106955567.94	-18.69
450694068866053.69	-5.51
450606065157636.94	-9.30
450524861463605.06	-10.76
450436923816101.62	5.46
450349020490880.50	4.49
450261151467851.31	-3.78
450173316726939.81	4.56
450085516248087.12	-7.87
450004500045000.50	5.22
449916765398401.25	-2.20
449829064955316.94	-1.63
449741398695749.94	-6.58
449653766599718.19	7.73
449572905739547.50	-0.83
449485339286516.94	-16.50
449397806938702.12	-6.59
449310308676181.94	-9.46
449222844479051.19	0.54
449135414327419.62	-0.38
449054739772778.19	-4.71
448967375037413.81	-16.56
448880044289497.62	-10.99
448792747509200.19	-11.49
448705484676707.62	-1.38
448624964483856.87	-4.86
448537766879971.25	-5.13
448450603166061.19	-9.73
448363473322373.25	-11.33
448276377329169.31	3.71
448196011055501.56	16.13
448108980103961.19	2.67
448021982945296.44	1.30
447935019559829.12	-6.81
447848089927896.37	12.65
447767877132494.44	2.33
447681012355995.94	1.01
447594181275643.44	4.05
447507383871833.87	2.47
447420620124979.50	0.69
447340560368608.56	-12.07
447253861291669.12	-15.40
447167195814515.00	-8.52
447080563917617.94	-6.35
446993965581464.62	6.81
446907400786557.00	-11.60
446827524575513.87	21.39
446741024228254.87	-1.71
446654557365333.69	2.15
446568123967311.19	6.61
446488368977988.12	-8.10
446401999880959.44	0.01
446315664192094.25	-1.98
446229361892012.50	-13.01
446143092961349.12	6.57
446063489703367.75	1.41
445977284890289.62	10.42
445891113390110.12	4.07
445804975183523.00	-3.72
445718870251236.81	-8.84
445639418292012.56	-3.32
445553377294599.81	-2.51
445467369515183.00	11.52
445381394934528.87	-0.64
445295453533419.37	1.94
445216152442010.56	-17.20
445130274793756.25	-7.15
445044430268955.19	-3.80
444958618848447.06	5.35
444872840513086.62	-1.33
444793689860186.50	10.73
444707975096353.37	22.63
444622293361789.12	-17.11
444536644637406.25	12.43
444457613558920.19	2.04
444372028262060.94	-14.09
444286475919673.00	-3.06
444200956512726.31	5.80
444115470022205.75	5.38
444036588614901.87	4.11
443951165371809.06	1.89
443865774989643.06	8.01
443780417449446.00	-8.72
443695092732274.37	12.48
443616360571377.81	1.35
443531098922219.44	1.61
443445870040797.00	9.18
443360673908224.31	3.63
443282060375016.62	-9.98
443196927167971.62	-27.04
443111826654653.37	-14.14
443026758816232.50	-0.45
442941723633893.87	-2.38
442863258587856.62	-1.82
442778286152847.06	-6.10
442693346319004.81	0.53
442608439067571.56	1.29
442530092046259.19	-9.81
442445247400634.12	5.27
442360435282668.31	-10.34
442275655673659.56	-0.23
442197426410978.25	13.69
442112709266682.44	-4.32
442028024576758.12	1.54
441943372322559.69	5.36
441858752485455.44	-1.08
441780670623057.94	-23.40
441696113074204.87	23.76
441611587888066.12	2.50
441527095046065.94	-11.63
441449130345213.19	2.01
441364699651321.81	-8.81
441280301247352.25	-14.50
441195935114784.44	-11.51
441118087311973.37	0.15
441033783187792.12	0.86
440949511280958.25	0.79
440865271573007.25	8.81
440787540405524.44	-0.48
440703362566656.31	11.44
440619216872778.50	-10.15
440535103305481.62	2.92
440451021846370.62	-2.54
440373436674299.75	5.89
440289416910048.81	4.52
440205429200293.44	2.65
440121473526693.37	-3.47
440044004400440.00	1.29
439960110283334.31	8.63
439876248148854.06	-3.25
439792417978714.00	0.57
439715064638114.44	-4.82
439631295886516.50	-11.85
439547559045888.75	-21.37
439463854098000.37	8.10
439386616283667.94	5.23
439302972616781.37	8.24
439219360789423.62	-0.10
439135780783418.19	-0.66
439058658236740.37	13.90
438975139374606.69	1.48
438891652280773.56	-11.94
438808196937118.75	-0.43
438731189400254.50	-7.86
438647795063750.12	2.35
438564432424530.31	12.12
438481101464526.87	12.23
438404208680403.37	5.30
438320938591236.56	9.50
438237700128549.75	1.26
438154493274328.44	-9.36
438077714986638.62	-10.17
437994568867345.94	4.56
437911454303939.69	-11.42
437834761161137.75	-3.73
437751707231658.12	7.20
437668684805602.19	10.37
437585693865048.50	-6.63
437509114773224.44	-13.48
437426184331394.06	2.26
437343285322759.37	15.03
437260417729452.37	-12.15
437183952434385.94	-2.54
437101145205000.37	2.97
437018369338791.19	-1.52
436935624817943.50	-18.66
436859273066169.62	-5.39
436776588774841.62	-10.53
436693935776878.50	-19.06
436611314054518.19	2.44
436535075593323.87	6.31
436452513966480.44	-1.80
436369983563397.25	-8.04
436293829350940.19	-9.87
436211358943786.87	-10.98
436128919708665.87	0.79
436046511627907.00	1.61
435970470266813.87	-1.29
435888122048674.12	-10.64
435805804933321.69	2.45
435723518903138.62	12.04
435647590142747.12	-4.46
435565363842267.25	15.38
435483168575534.50	9.23
435407323551182.12	-21.70
435325187915372.75	-8.55
435243083262001.81	1.54
435161009573542.19	-1.16
435085276714235.94	5.09
435003262524468.94	-13.23
434921279248456.00	8.01
434839326868722.00	11.18
434763705925829.31	-10.29
434681812912947.75	-8.73
434599950745338.87	-0.18
434524413029938.69	8.20
434442610131201.62	24.83
434360838026843.44	-6.34
434279096699478.87	-13.94
434203670468361.00	-5.92
434121988278706.25	11.67
434040336815301.31	4.58
433964993490525.12	11.33
433883401067353.19	1.53
433801839319798.69	11.58
433720308230565.62	4.03
433645075960162.50	-4.97
433563603780674.56	3.37
433482162209025.06	-10.10
433407012525462.62	-1.29
433325629766581.94	-3.34
433244277565167.19	-6.03
433162955904011.00	-21.09
433087916847119.94	12.64
433006653868914.37	3.69
432925421380743.44	-6.16
432850464592831.94	6.70
432769290691132.50	10.05
432688147229353.56	4.00
432607034190375.87	5.80
432532187603627.50	-8.82
432451133021968.44	4.33
432370108813144.00	7.47
432295344179143.12	-0.43
432214378331652.50	-16.45
432133442807138.87	5.58
432058759991358.75	4.81
431977882732404.06	-0.38
431897035746678.00	1.10
431816219017186.25	11.16
431741645799153.75	7.88
431660887207010.12	5.10
431580158821498.44	-5.76
431505667107761.31	-3.23
431424996764312.44	-7.12
431344356578001.37	4.51
431269946235013.31	2.10
431189363995688.06	5.95
431108811864114.44	4.58
431028289823422.06	-2.30
430953988479163.31	-11.16
430873524258179.37	-0.44
430793090078835.12	-2.97
430718869793685.69	3.05
430638493339457.94	12.64
430558146877735.81	14.21
430484007519120.62	1.44
430403718688129.50	0.26
430323459800616.75	-1.94
430249401236249.94	-13.94
430169199885288.25	9.58
430089028428884.81	-2.15
430008886850328.25	-14.90
429934936512941.06	9.32
429854852344858.25	16.52
429774798005844.94	-19.07
429700928154004.81	-3.64
429620931131764.75	-11.12
429540963889923.00	3.97
429467174392303.94	-6.27
429387264373738.69	-4.19
429307384087006.31	-9.97
429233674812567.94	-10.91
429153851655818.62	11.05
429074058182442.31	-1.46
429000429000429.00	-13.92
428920692563944.87	13.20
428840985762479.31	5.72
428767436542419.37	-4.41
428687786684957.31	5.96
428608166414264.00	-9.50
428534697025969.19	-14.13
428455133606592.44	1.15
428375599725839.56	-5.42
428296095367263.81	-13.09
428222732917481.37	-11.73
428143285286142.37	8.83
428063867128975.56	-0.38
427990584207147.44	-14.40
427911222685000.19	-9.19
427831890589124.44	-8.30
427758687066003.19	3.09
427679411513129.75	4.94
427600165338730.56	-8.49
427527041085348.62	-13.87
427447851362133.81	10.72
427368690969699.50	-5.72
427295645857368.69	-10.32
427216541824499.37	6.37
427137467074820.19	1.47
427064500975130.56	-9.51
426985482493595.19	1.93
426906493247762.25	5.86
426833606032581.62	1.60
426754672963668.94	6.25
426675769083073.69	9.61
426602960624546.62	-3.19
426524112829845.25	0.31
426445294176178.69	6.01
426372564346726.12	1.14
426293801688123.37	-21.32
426215068123375.06	-5.81
426142416795693.06	4.35
426063739135374.62	7.42
425985090521831.69	-11.10
425912517568891.31	-7.34
425833924769339.87	-7.79
425755360969586.81	-7.51
425682866264632.81	5.92
425604358188627.81	-14.12
425531914893617.00	14.29
425453462482095.44	3.85
425375038992711.94	2.68
425302673736142.19	-4.14
425224305821320.69	2.71
425145966781928.44	-18.63
425073679437769.19	-7.69
424995395883211.25	-10.68
424917141157474.31	12.46
424844931599966.00	-3.62
424766732269528.62	-7.45
424688561721404.25	-4.82
424616429825058.00	-17.42
424538314582891.12	-9.39
424460228076629.19	-3.82
424388173716225.75	8.53
424310142426771.12	-5.39
424232139826913.25	18.79
424160162877502.62	2.37
424082215405493.25	0.99
424010289316354.06	-0.83
423932396913772.12	-8.91
423854533124231.75	-1.96
423782684239522.00	4.44
423704875430766.62	-7.85
423627095189008.25	1.06
423555323384489.44	2.61
423477598035063.94	1.90
423399901206689.75	-5.86
423328206358389.62	4.62
423250564334085.75	-7.93
423172950784985.81	20.06
423101332769198.19	-4.34
423023773936095.25	12.81
422952206400676.75	-13.24
422874702225730.50	-3.82
422797226450194.44	2.56
422725735542779.81	7.12
422648314337639.62	-5.44
422570921486322.75	-1.48
422499507083908.44	-9.01
422422168715414.06	5.79
422344858655253.87	15.49
422273520635099.37	5.23
422196264970375.87	-7.34
422124977134897.00	0.32
422047775808221.50	-0.11
421970602714677.50	-17.44
421899391058545.56	-11.56
421822272215972.94	-17.13
421745181561300.62	-18.85
421674045962470.94	-1.56
421597009471879.44	-10.54
421525923844316.37	-2.86
421448941460742.00	-4.19
421371987190291.56	5.62
421300977418267.56	-5.99
421224077168250.87	13.72
421147204986382.87	-5.48
421076270948544.44	0.18
420999452700711.44	-2.17
420928568421938.75	-3.77
420851804051399.94	5.39
420775067674656.62	10.27
420704258929447.87	13.75
420627576343905.06	-9.33
420550921707436.75	-8.30
420480188375124.31	-5.01
420403587443946.19	-1.25
420332903659698.44	2.02
420256356377390.19	5.83
420179836970223.25	-12.04
420109228399383.75	-16.93
420032762555479.31	-15.16
419956324542247.62	-6.77
419885791064830.31	-3.04
419809406529435.62	-5.90
419738922390273.19	-12.88
419662591276613.50	3.99
419586287920110.75	4.01
419515878676007.81	-7.72
419439628656115.37	-9.49
419369268619995.50	-2.95
419293071880808.94	12.78
419216902825521.94	-3.18
419146617486796.87	12.59
419070501627390.44	11.15
419000265366834.69	6.78
418924202647600.87	-3.47
418848167539267.00	3.49
418778005779136.44	18.52
418702023726448.00	-10.03
418626069240751.87	5.33
418555981862574.12	-12.11
418480080348175.44	-11.79
418410041841004.12	-21.12
418334193242508.31	6.60
418258372138415.56	2.75
418188407817335.25	-7.54
418112639545093.37	-1.12
418042723966389.37	17.22
417967008470798.06	-9.50
417891320397275.37	-1.70
417821478809487.31	10.93
417745843428857.87	-8.24
417676050455266.94	-9.86
417600467712523.87	-4.63
417524912319768.37	1.63
417455193142602.69	-9.59
417379690304269.81	-23.68
417310019613570.87	6.68
417234569274846.31	-21.44
417159146214280.75	3.32
417089549126197.37	7.96
417014178482068.31	16.36
416944629753168.81	-4.29
416869311470853.87	-9.05
416799811050752.31	-10.21
416724545075705.00	-7.72
416649306278905.06	-10.30
416579879191835.00	-1.10
416504692619536.87	17.48
416435313714603.00	8.44
416360179312450.56	7.77
416285072017317.44	-3.60
416215766253225.69	-0.50
416140711045761.56	20.54
416071453337586.50	0.92
415996450163625.25	-12.05
415921474025703.94	-0.27
415852289266852.37	-8.85
415777365080245.00	-2.30
415708228251531.19	-0.26
415633355962260.50	6.08
415564267013893.75	2.63
415489446568057.19	-5.26
415414653059528.94	10.56
415345636794085.44	-9.31
415270895047202.50	-13.32
415201926536939.12	-9.89
415127236497986.62	-1.13
415052573325954.62	-5.13
414983677308692.50	-5.25
414909065763086.87	-2.05
414840217376273.94	7.21
414765657403566.94	-8.51
414696856597826.94	2.16
414622348144564.94	-14.10
414547866460313.94	6.27
414479137883393.19	-8.98
414404707637478.75	-4.51
414336026517505.69	1.60
414261647656659.94	-1.09
414193013944498.12	-3.11
414118686415526.69	-6.20
414044385558131.87	-3.55
413975823811889.44	-8.22
413901574205653.87	-3.78
413833059743699.37	22.54
413758861335613.56	15.10
413690394109048.75	-13.75
413616246846176.12	2.15
413542126157917.87	10.30
413473730635647.00	-1.20
413399661012277.94	1.04
413331312602471.75	-8.97
413257293991238.94	-6.96
413188992645235.94	-7.12
413115024993458.94	5.58
413041083819803.87	-7.78
412972853917735.75	10.24
412898963623601.25	10.52
412830780663006.19	-15.42
412756941195894.37	-4.20
412688805128346.19	6.33
412615016435831.37	13.58
412546927212970.37	6.68
412473189242699.19	14.16
412399477627328.25	-10.05
412331459515922.87	5.58
412257798543355.75	-9.76
412189827155065.81	-10.20
412116216773130.00	-1.62
412048292059829.37	10.43
411974732216424.00	5.26
411906854130052.62	8.04
411833344773148.37	-10.06
411759861648686.44	4.71
411692054343351.12	-5.76
411618621626442.31	9.42
411550860827217.12	-8.57
411477478466011.87	-3.31
411409764125068.50	7.25
411336432067788.12	-4.40
411268764137363.69	-10.31
411195482332300.75	-21.26
411122226637979.44	5.65
411054629160215.31	7.91
410981423639651.44	6.54
410913872452333.94	5.26
410840717053998.12	-6.03
410773212109594.25	-6.37
410700106782027.69	3.16
410632648033069.56	-1.39
410559592724884.00	2.54
410492180123968.62	-4.05
410419174783845.81	-10.40
410346195406858.19	0.74
410278852860327.37	15.54
410205923373533.50	6.88
410138626855877.25	8.57
410065747208135.69	1.97
409998496672178.81	14.27
409925666812418.00	-3.11
409858462211049.75	-9.27
409785682088267.75	6.50
409718523374441.69	11.25
409645792937706.44	1.56
409578680064440.31	-4.50
409505999262889.12	6.60
409433344251555.75	2.03
409366300966104.44	0.46
409293695512776.75	-8.44
409226697949774.19	-6.37
409154142003764.19	-6.74
409087190116453.44	12.69
409014683627142.12	1.08
408947777368829.94	-2.10
408875320285667.50	-7.63
408808459609724.12	2.70
408736051882229.50	9.46
408669236742088.87	6.92
408596878319849.56	-0.28
408530108669008.87	12.49
408457799501681.44	-2.75
408391075293701.25	10.65
408318815331010.37	2.24
408246580934884.62	8.71
408179925711253.44	-21.62
408107740443477.06	-0.95
408041130545959.00	13.59
407968994356428.87	-12.40
407902429738806.37	5.49
407830342577487.75	16.94
407763823193606.25	13.88
407691785010531.94	-7.05
407625310814299.50	-7.81
407553321559570.69	0.99
407486892504957.75	10.00
407414952128743.12	4.26
407348568169782.87	-4.86
407276676622318.69	4.08
407210337713106.69	5.51
407138494944696.94	3.07
407072201039390.94	-1.23
407000407000407.00	3.69
406934158053227.00	-5.55
406862412694107.31	8.09
406796208659335.25	5.18
406724511930585.69	-22.38
406658352762565.75	-7.57
406586704614759.06	26.17
406520590267897.00	-11.06
406448990651673.19	-9.00
406377416252387.44	2.45
406311369946502.31	4.26
406239844003899.87	-0.65
406173842404549.06	-12.67
406102364869438.06	10.01
406036407931244.50	-9.11
405964978754499.44	23.85
405899066432147.19	-3.50
405827685564709.19	-6.97
405761817812943.81	-5.04
405690485205820.31	3.63
405624661979448.31	-11.06
405553377583712.94	-10.56
405487598837602.19	5.97
405416362604394.62	-8.13
405350628293473.81	-5.88
405279440173999.87	-12.55
405213750253258.56	25.01
405142610198790.00	7.17
405076964623278.37	-16.93
405005872585152.44	13.26
404940271309981.69	-19.29
404869227239601.56	-4.87
404803670219943.31	13.79
404732674068777.50	2.06
404667161259863.69	13.70
404596212979446.50	13.22
404530744336569.56	-2.32
404459843878500.25	1.45
404394419357012.87	-6.82
404323566672956.12	-0.30
404258186228271.06	-2.43
404187381269956.75	1.63
404122044857546.94	-16.28
404051287576769.69	-2.82
403985995152168.00	4.66
403915285500787.62	6.43
403850037019586.62	-6.14
403784809615462.25	-13.90
403714170367379.87	-12.69
403648986841043.00	2.96
403578395103248.75	1.19
403513255410440.25	13.86
403442711135018.75	-1.04
403377615231538.69	6.47
403307118370639.19	9.62
403242066212347.19	-1.29
403171616718183.00	-8.00
403106608260998.06	-21.70
403036206085846.69	10.96
402971241285746.87	4.14
402900886381950.00	-14.79
402835965194972.56	-8.84
402765657514935.87	3.39
402700779897177.06	19.42
402630519393370.00	12.38
402565685300984.87	0.64
402495471925940.75	-9.42
402430681315143.44	17.25
402360515021459.19	-6.76
402295767848522.25	-2.08
402225648588858.37	-10.08
402160944810112.94	-4.83
402090872537193.37	-12.50
402026212109029.50	2.97
401961572473671.44	2.75
401891569654507.19	4.18
401826973305294.62	5.43
401757017355903.06	18.52
401692464249370.69	7.43
401622555122695.62	-3.55
401558045215435.87	-3.14
401488182864484.31	-2.64
401423716113147.94	-1.18
401353900490989.56	4.38
401289476852285.31	16.13
401219707912052.56	-2.52
401155327342747.06	-1.72
401085605037635.12	2.84
401021267494552.75	-2.36
400951591777819.25	-2.57
400887297217842.19	-8.31
400823023274456.87	-5.56
400753416422875.00	-2.54
400689185398886.06	0.68
400619625020030.94	7.34
400555436872463.06	11.36
400485922919809.31	16.23
400421777605744.62	-1.71
400352310032828.81	-2.07
400288207509406.75	0.29
400218786269827.44	1.51
400154726494244.44	6.95
400085351541662.19	1.57
400021334471171.75	2.03
399957337883959.00	4.83
399888031351221.62	4.57
399824077405941.31	6.81
399754817045545.37	0.97
399690905699592.31	4.40
399621691465412.69	1.73
399557822676238.25	9.85
399488654522211.56	0.09
399424828247323.81	18.28
399355706127447.69	12.18
399291922324411.31	9.87
399228158892807.19	5.94
399159104819180.87	12.94
399095383796727.44	5.43
399026375643430.00	13.04
398962696987831.56	17.22
398893734709073.44	-10.85
398830098378090.87	14.12
398761181928143.19	5.81
398697587879593.25	13.03
398634014111644.00	-2.40
398565165404543.56	15.78
398501633856698.75	6.04
398432830865263.25	10.88
398369341495478.50	-1.82
398300584174190.12	-2.43
398237136940476.81	17.16
398168425243878.12	5.92
398105020104303.44	-9.28
398041635155037.12	7.43
397972990899684.19	9.53
397909647982598.00	6.96
397841049239460.44	3.58
397777748312759.31	4.47
397709195036589.25	-15.36
397645936058533.44	-2.20
397577428204142.69	20.20
397514211133047.94	5.68
397451014162504.44	25.26
397382573449545.62	8.30
397319418324371.56	6.17
397251022921383.94	1.08
397187909600031.75	13.32
397119559462035.31	6.57
397056487903012.37	21.03
396993436375185.25	14.00
396925153146954.94	15.62
396862143320148.69	7.57
396793905245615.44	-0.67
396730937078473.37	11.26
396662744112863.75	13.04
396599817564083.94	3.26
396536910977463.50	26.30
396468784691018.69	23.60
396405919661733.62	5.54
396337838373429.50	18.43
396275014860313.06	5.12
396206978525581.75	11.50
396144196487521.44	2.22
396081434342900.87	14.90
396013464457791.56	5.58
395950743727480.31	17.58
395882818685669.06	18.88
395820139328689.00	39.64
395752259085812.25	38.04
395689621061239.56	47.75
395627002861702.00	36.57
395559188839956.75	27.91
395496611912358.00	39.43
395428842579777.75	40.44
395366306883327.37	52.34
395298582195751.87	44.54
395236087689713.31	52.54
395173612940618.56	61.42
395105954246730.50	74.15
395043520627855.81	86.86
394975906469705.37	81.67
394913513940447.06	90.37
394851141119797.87	83.10
394783592793883.50	71.86
394721261002855.12	98.86
394653757103767.62	77.96
394591466301888.81	93.60
394529195160441.87	92.41
394461756932665.31	91.19
394399526720568.00	81.42
394332132811062.25	74.03
394269943487974.75	81.96
394202593853067.56	84.15
394140445378703.25	72.48
394078316497431.87	89.01
394011032308904.62	83.51
393948944216829.44	64.55
393881704194840.06	55.49
393819656851805.62	68.36
393757629054062.94	51.57
393690454318784.25	68.71
393628467210748.69	72.83
393561336534298.87	73.19
393499390075945.31	61.74
393437463115237.81	59.25
393370397566348.44	54.42
393308511196182.25	70.74
393241489598762.56	66.07
393179643779242.69	64.39
393117817409877.75	36.15
393050860781385.06	31.46
392989074903717.69	44.92
392922162119684.06	72.44
392860416693948.56	40.13
392798690671031.06	41.20
392731842697805.94	29.05
392670157068062.81	48.10
392603352832633.19	45.46
392541707556427.81	33.65
392480081635856.94	29.41
392413342053629.81	18.47
392351756428029.62	34.43
392285060477280.12	50.25
392223515107142.31	10.45
392161989045608.44	6.45
392095357590966.12	17.61
392033871726517.12	4.27
391972405142677.94	27.72
391905838090634.75	30.64
391844411645615.87	17.76
391777888055998.06	26.46
391716501710495.37	30.01
391655134598814.62	41.01
391588675255511.62	38.62
391527348185270.69	47.39
391460932198966.50	42.95
391399645130988.37	45.85
391338377250195.62	54.24
391272025354427.19	69.90
391210797418008.62	92.66
391149588641015.94	103.95
391083300743058.25	88.95
391022131852662.81	113.47
390955887144067.19	139.34
390894758101293.81	129.99
390833648171549.81	127.33
390767467305788.56	140.20
390706397166076.19	134.48
390645346111776.69	151.02
390579228996601.94	169.68
390518217674854.50	179.74
390452143582268.25	167.61
390391171954298.19	166.99
390330219365583.19	164.57
390264208869404.56	165.58
390203295917172.81	145.00
390142401976721.50	166.90
390076454985177.06	193.37
390015600624024.94	189.86
389949696489152.87	185.01
389888881668724.37	200.34
389828085814155.87	199.74
389762245030531.31	207.61
389701488659686.62	200.57
389640751227368.31	201.32
389574973703689.25	216.33
389514275698204.31	213.85
389448540866133.50	221.60
389387882249104.37	211.99
389327242524916.94	215.40
389261570800192.00	233.93
389200970407752.87	241.79
389140388880962.00	251.85
389074780172749.19	274.86
389014237921107.94	309.06
388953714507973.56	307.40
388888168725613.44	310.08
388827684531138.56	311.07
388762181215011.37	274.54
388701736201088.37	289.35
388641309980308.87	310.96
388575869438507.87	322.72
388515482341971.31	340.89
388455114011575.94	352.55
388389736153905.87	339.10
388329406891552.50	349.65
388269096368389.69	347.48
388203781104828.00	361.14
388143509593613.75	375.29
388083256794691.00	365.68
388018004035387.19	385.37
387957790192427.06	390.33
387897595034910.81	402.15
387832404690186.50	429.67
387772248432753.87	413.61
387707100209361.87	445.45
387646982814317.06	449.59
387586884059843.37	458.08
387521798101143.19	467.88
387461738153357.31	472.19
387401696819432.06	464.76
387336673036203.00	452.44
387276670453371.87	443.85
387216686457741.75	447.20
387151724760933.81	450.78
387091779460910.12	423.37
387031852721478.94	405.43
386966953022211.87	415.76
386907064923005.50	408.10
386847195357833.62	387.61
386782357567396.81	381.45
386722526587173.69	361.90
386662714114477.87	396.98
386597938144329.81	397.91
386538164201412.12	374.12
386478408739565.12	352.08
386413694501333.12	325.87
386353977514198.50	315.72
386294278981728.25	322.15
386229626387208.00	339.58
386169966274489.56	346.24
386110324590079.50	358.29
386045733551234.62	360.24
385986130231720.31	384.22
385926545314208.50	387.08
385862015743170.25	426.17
385802469135802.37	458.56
385742940904181.37	463.04
385678472713248.00	486.59
385618982737123.50	509.01
385559511110539.87	523.47
385495104212176.50	531.47
385435670786545.69	527.56
385376255684299.75	527.14
385311909991137.75	527.67
385252533035404.62	538.36
385193174376950.00	581.93
385128889801786.94	587.25
385069569235508.50	595.55
385010266940451.69	622.87
384946043396250.62	680.59
384886779139136.50	698.98
384827533127236.75	673.96
384763370527125.75	666.76
384704162499038.25	641.20
384644972690206.94	595.71
384580870947479.06	585.44
384521719068432.00	554.86
384462585382732.50	528.48
384398544410845.12	486.93
384339448601004.44	437.78
384280370958651.44	409.75
384216390671226.06	387.36
384157350850908.50	392.44
384098329172268.12	409.39
384039325626944.19	423.52
383975425572763.31	449.12
383916459778352.25	430.97
383857512091511.62	449.38
383793672521652.37	456.17
383734762532137.75	451.63
383675870624496.44	426.52
383612091453122.62	454.90
383553237189321.87	488.26
383494400981745.69	541.81
383430682123183.50	577.26
383371883506063.69	623.28
383313102919568.12	641.66
383249444288305.75	667.41
383190701238983.19	692.55
383131976194733.19	737.24
383073269147278.94	760.25
383009690145160.69	750.81
382951020564469.81	756.61
382892368955086.69	773.23
382828849982134.62	778.05
382770235786465.19	772.57
382711639536663.81	755.26
382648180507901.69	750.96
382589621618864.25	766.63
382531080650302.81	778.82
382472557593992.62	736.49
382409177820267.62	705.14
382350692054752.56	676.56
382292224176160.25	589.99
382228904149731.81	652.12
382170473509216.69	627.93
382112060730343.44	614.08
382048800366766.81	605.23
381990424773352.31	605.84
381932067016346.69	628.19
381873727087576.37	618.46
381810545607269.62	609.43
381752242794426.37	640.45
381693957784648.25	681.86
381630835771530.31	673.64
381572587825290.56	684.60
381514357656993.19	696.83
381451295027146.62	733.48
381393101870097.50	742.51
381334926465915.00	748.41
381276768806476.56	767.10
381213784690454.37	788.88
381155663973166.56	846.08
381097560975609.75	929.87
381034636048416.75	973.27
380976569940948.62	1013.78
380918521528245.06	981.94
380860490802219.06	1010.14
380797644131908.25	1031.54
380739650227174.62	957.53
380681673984214.44	946.45
380618886309138.56	975.07
380560946835635.69	966.88
380503024999048.75	991.41
380445120791325.81	1014.59
380382411117309.94	1053.14
380324543610547.69	1064.65
380266693707853.75	1076.01
380204042836322.19	1088.63
380146229582979.62	1079.63
380088433908956.12	1101.03
380030655806235.06	1145.27
379968082681054.81	1149.69
379910341159486.37	1130.46
379852617184532.37	1141.32
379794910748195.94	1096.85
379732415224738.25	1114.74
379674745301525.00	1057.49
379617092892302.62	988.54
379554655870445.37	953.09
379497039923088.62	927.47
379439441465142.12	977.84
379381860488643.75	986.09
379319500815536.87	931.81
379261956233170.25	925.28
379204429107732.00	975.81
379146919431279.62	990.48
379084636963279.31	958.03
379027163613392.31	919.11
378969707688032.06	900.52
378907483422797.56	886.32
378850063773094.06	885.39
378792661523504.06	895.73
378735276666119.62	891.72
378673129354740.94	890.69
378615780705739.81	864.41
378558449424591.06	877.91
378501135503406.50	841.70
378439065003216.69	858.48
378381787223308.25	875.92
378324526779071.06	829.52
378267283662636.00	807.02
378205289831320.37	819.53
378148082789220.25	835.55
378090893050689.31	832.96
378033720607878.12	880.24
377971803303473.50	906.17
377914666868221.12	922.40
377857547704515.31	996.04
377800445804526.00	1054.97
377738604885419.25	1087.11
377681538926377.19	1146.84
377624490206938.19	1191.56
377567458719291.12	1236.91
377505694044218.44	1233.34
377448698431071.56	1209.24
377391720025662.62	1185.12
377334758820200.00	1236.29
377273070248245.69	1294.10
377216144850999.62	1337.62
377159236629705.06	1310.87
377102345576589.50	1262.78
377040732967184.94	1231.52
376983877656165.56	1170.49
376927039489389.50	1082.25
376870218459103.25	1070.59
376808681672025.69	1033.43
376751896317878.12	992.14
376695128076343.50	957.24
376638376939687.62	927.26
376576915835059.31	857.74
376520200308746.56	833.84
376463501863494.37	764.51
376406820491587.25	778.35
376345434929874.31	831.87
376288789102676.62	889.94
376232160325064.56	911.60
376175548589341.62	984.16
376114238431352.87	1006.55
376057662174866.81	1040.50
376001102936568.62	1079.93
375944560708780.75	1050.15
375883325815666.75	997.47
375826819001803.87	977.58
375770329174808.31	924.70
375713856327021.37	863.28
375652696560273.44	893.93
375596259061259.69	964.52
375539838517869.37	961.75
375483434922462.62	958.87
375427048267404.19	983.07
375365981832286.50	1008.72
375309630445117.25	1001.00
375253295974782.94	1006.12
375196978413667.06	980.68
375135986795213.19	935.50
375079704437192.87	951.00
375023438964935.25	907.38
374967190370842.50	860.44
374906273431642.00	743.83
374850059976009.50	702.71
374793863375143.62	667.15
374737683621465.00	644.89
374681520707398.75	640.31
374620696544748.50	689.27
374564568688899.12	728.18
374508457649335.25	727.93
374452363418500.44	735.83
374391613627854.75	755.99
374335554390956.06	786.75
374279511939516.44	826.98
374223486265998.06	839.59
374167477362867.62	760.69
374106819967328.00	699.55
374050845978330.00	664.11
373994888736520.56	739.02
373938948234384.87	788.41
373878364905284.12	818.28
373822459253351.87	885.43
373766570317950.81	956.20
373710698091584.00	937.45
373654842566759.69	943.52
373594351253409.06	939.32
373538530499420.94	931.27
373482726423902.87	944.02
373426939019380.87	905.23
373371168278385.50	823.15
373310768771309.81	775.04
373255032722024.50	751.79
373199313313263.44	733.70
373143610537575.56	728.90
373087924387513.94	743.48
373027616477873.19	706.38
372971964940635.25	684.98
372916330006090.94	644.91
372860711666811.69	617.73
372800477184610.75	596.01
372744893394960.50	603.69
372689326177698.25	597.14
372633775525413.56	559.32
372578241430700.37	554.16
372518098170936.06	534.67
372462598547395.87	530.55
372407115458619.31	549.62
372351648897218.44	576.84
372296198855809.62	552.10
372236146611410.25	574.76
372180730962955.62	586.32
372125331811754.25	595.92
372069949150440.31	593.00
372014582971652.44	602.29
371954621536172.56	599.11
371899289672356.75	569.49
371843974268397.00	517.59
371788675316949.81	516.80
371733392810676.12	519.40
371673521978294.25	526.29
371618273709245.81	527.85
371563041862769.37	590.48
371507826431543.44	644.75
371452627408251.12	689.99
371397444785579.81	684.62
371337682110188.25	733.52
371282533632009.50	804.96
371227401531931.75	832.17
371172285802660.06	799.18
371117186436903.81	840.80
371057513914656.75	884.40
371002448616160.81	780.93
370947399658728.44	727.80
370892367035086.44	686.26
370837350737966.31	710.34
370777768165020.81	717.19
370722785858161.37	710.67
370667819855439.50	682.86
370612870149604.06	622.87
370557936733408.25	599.93
370503019599609.69	576.68
370443544403832.81	568.32
370388661168452.75	526.17
370333794193166.06	512.93
370278943470747.94	503.19
370224108993977.69	458.67
370164723301869.25	443.57
370109922647026.12	435.96
370055138215594.06	397.65
370000370000370.00	391.17
369945617994154.81	375.35
369890882189754.00	397.06
369831603343277.69	407.54
369776901269567.37	417.07
369722215375514.56	428.50
369667545653941.87	464.47
369612892097676.37	475.46
369558254699549.19	513.45
369499082410612.06	524.26
369444478652266.56	505.76
369389891029982.12	503.25
369335319536607.25	496.16
369280764164994.69	442.99
369221680697090.50	441.15
369167158889545.19	438.38
369112653181751.00	464.63
369058163566578.06	514.53
369003690036900.31	560.81
368949232585596.25	613.39
368890255149093.12	678.50
368835831171545.50	748.62
368781423250439.44	795.44
368727031378670.31	795.78
368672655549137.87	821.94
368618295754745.94	799.60
368563951988402.50	737.14
368505097653850.87	682.84
368450787256515.37	648.13
368396492865387.81	610.65
368342214473393.37	610.71
368287952073461.12	603.17
368233705658524.56	580.43
368174956739442.56	530.85
368120743603902.00	536.39
368066546431594.81	577.83
368012365215471.19	575.85
367958199948485.87	634.27
367904050623597.37	629.02
367845406837020.00	632.06
367791290702236.19	643.02
367737190487864.69	660.63
367683106186881.06	630.23
367629037792265.06	567.88
367574985297000.56	522.82
367520948694075.56	477.81
367462426966842.62	446.47
367408423450454.94	445.83
367354435804812.37	431.36
367300464022919.50	440.23
367246508097785.50	445.93
367192568022423.25	456.05
367138643789849.81	439.00
367080243741281.81	432.58
367026352492108.87	403.94
366972477064220.19	356.12
366918617450649.44	310.88
366864773644434.69	316.72
366810945638617.81	323.60
366752649787894.69	336.92
366698854677243.81	369.45
366645075345562.94	408.26
366591311785910.62	463.77
366537563991349.69	501.97
366483831954946.87	561.54
366430115669773.12	633.56
366376415128903.37	654.83
366318257301943.87	704.43
366264589539483.25	706.97
366210937499999.94	738.18
366157301176585.44	695.47
366103680562335.19	689.19
366050075650348.94	679.60
365996486433730.25	609.75
365938449152852.50	642.64
365884892612784.00	694.37
365831351746844.69	698.80
365777826548154.62	649.86
365724317009838.00	659.66
365670823125022.87	610.54
365617344886841.44	590.55
365559427777642.37	613.73
365505982114573.94	617.38
365452552076988.62	593.65
365399137658035.06	575.80
365345738850865.87	576.95
365292355648637.44	533.79
365238988044510.44	483.88
365185636031649.37	485.55
365127855604104.00	480.66
365074536051110.44	409.15
365021232068332.00	377.17
364967943648949.44	344.38
364914670786147.81	346.71
364861413473115.81	377.20
364808171703046.12	392.61
364754945469135.62	394.82
364697301239970.81	387.95
364644107351225.12	395.30
364590928977686.94	361.13
364537766112569.25	319.60
364484618749088.75	301.01
364431486880466.44	319.66
364378370499927.06	367.49
364325269600699.50	422.45
364272184176016.31	450.21
364214692420692.19	466.05
364161639212925.31	493.01
364108601458861.75	550.84
364055579151750.50	603.52
364002572284844.12	599.08
363949580851399.31	630.13
363896604844676.75	672.92
363843644257940.87	657.73
363790699084460.06	673.52
363733359198816.62	652.06
363680446114680.56	609.97
363627548423068.50	550.26
363574666117264.94	543.15
363521799190558.12	558.94
363468947636240.25	497.59
363416111447607.44	460.30
363363290617959.81	444.43
363310485140601.19	404.39
363253296523665.94	369.84
363200523008753.12	353.95
363147764825507.44	332.66
363095021967248.75	314.88
363042294427300.75	299.88
362989582198990.87	268.80
362936885275650.50	267.05
362884203650615.06	236.00
362831537317223.56	220.41
362778886268819.12	220.19
362721864874014.62	221.16
362669245647969.00	228.57
362616641686409.06	226.33
362564052982693.56	215.18
362511479530185.12	199.60
362458921322250.19	195.06
362406378352259.00	204.61
362353850613585.87	196.80
362301338099608.75	212.20
362248840803709.37	219.10
362191985898658.69	223.02
362139520285848.75	233.49
362087069870734.87	236.02
362034634646714.50	255.51
361982214607188.94	242.73
361929809745563.31	240.82
361877420055246.56	238.72
361825045529651.56	266.11
361772686162194.75	279.75
361720341946296.56	364.54
361668012875381.19	408.58
361611340131626.44	469.59
361559042591655.19	566.10
361506760176415.25	590.73
361454492879346.44	564.23
361402240693892.31	580.06
361350003613500.00	588.03
361297781631620.81	579.56
361245574741709.37	537.78
361193382937224.50	520.58
361141206211628.75	554.22
361089044558388.06	506.85
361036897970972.56	493.91
360980422828401.87	467.14
360928307607165.56	412.16
360876207431644.06	380.50
360824122295322.50	360.79
360772052191690.19	381.01
360719997114240.00	363.33
360667957056468.56	354.55
360615932011876.25	323.34
360563921973967.25	300.58
360511926936249.50	265.30
360459946892234.44	230.28
360407981835437.75	218.61
360356031759378.25	189.73
360299769408147.56	160.85
360247850521158.56	151.18
360195946594947.62	135.82
360144057623049.19	118.20
360092183599001.31	113.75
360040324516345.75	94.93
359988480368628.19	90.29
359936651149397.69	87.49
359884836852207.25	76.47
359833037470613.56	91.38
359781252998177.06	83.15
359729483428461.75	74.01
359677728755035.50	66.43
359625988971469.62	54.50
359574264071339.44	61.98
359518245550961.69	73.00
359466551637370.06	73.97
359414872587427.62	70.56
359363208394724.50	83.81
359311559052854.69	80.09
359259924555415.81	108.94
359208304896009.19	98.41
359156700068239.81	116.71
359105110065716.25	140.20
359053534882050.94	158.63
359001974510859.81	166.86
358950428945762.56	161.73
358898898180382.56	162.28
358847382208346.81	153.58
358795881023285.81	157.65
358744394618834.06	167.53
358692922988629.37	142.35
358637178720860.69	144.25
358585737849919.87	156.31
358534311733632.87	162.83
358482900365652.56	144.96
358431503739635.31	163.87
358380121849241.37	157.45
358328754688134.56	169.94
358277402249982.06	142.98
358226064528455.06	118.52
358174741517228.12	127.52
358123433209979.62	120.59
358072139600391.44	125.91
358020860682149.06	132.26
357969596448941.62	118.80
357918346894461.81	112.14
357867112012406.06	107.92
357815891796474.31	114.78
357764686240370.12	105.08
357713495337800.75	110.69
357662319082476.94	103.83
357611157468113.00	78.25
357555748900516.06	71.73
357504617767979.50	97.62
357453501257044.81	98.70
357402399361441.00	73.63
357351312074900.81	83.84
357300239391160.37	59.84
357249181303959.50	67.87
357198137807041.56	80.07
357147108894153.44	77.25
357096094559045.81	85.95
357045094795472.62	73.48
356994109597191.69	55.14
356943138957964.00	69.57
356892182871554.50	79.14
356841241331731.44	61.99
356790314332266.87	79.94
356739401866936.19	74.36
356688503929518.31	78.36
356637620513795.87	83.01
356586751613555.06	92.73
356535897222585.37	99.83
356485057334680.06	102.80
356434231943635.81	95.63
356383421043253.12	88.72
356332624627335.44	83.18
356281842689690.44	84.27
356231075224128.69	76.84
356180322224464.87	93.04
356129583684516.69	82.06
356078859598105.69	90.76
356023924807747.06	85.22
355973230813042.87	67.09
355922551252847.31	80.00
355871886120996.44	87.45
355821235411329.37	81.72
355770599117688.87	76.32
355719977233921.44	62.49
355669369753876.81	59.14
355618776671408.25	75.55
355568197980372.56	70.28
355517633674630.25	81.17
355467083748044.87	87.41
355416548194483.87	61.59
355366027007818.00	55.87
355315520181921.50	70.38
355265027710672.12	50.64
355214549587951.19	60.57
355164085807643.12	61.10
355113636363636.31	40.96
355063201249822.50	52.86
355012780460096.56	57.71
354962373988357.19	51.93
354911981828506.50	48.42
354861603974449.94	51.53
354811240420096.50	61.81
354760891159358.62	62.25
354710556186152.06	59.52
354660235494396.37	53.27
354609929078014.12	33.51
354559636930931.75	44.59
354509359047078.81	51.84
354459095420388.50	55.44
354408846044797.25	33.07
354358610914245.19	27.93
354308390022675.69	43.79
354258183364035.62	45.64
354207990932275.37	47.12
354157812721348.62	54.99
354107648725212.37	47.19
354057498937827.44	38.01
354007363353157.69	28.66
353957241965170.62	35.46
353907134767836.94	30.15
353857041755130.94	43.91
353806962921030.31	21.04
353756898259516.06	17.06
353706847764572.75	27.04
353656811430188.12	29.03
353606789250353.62	28.21
353556781219063.75	26.75
353506787330316.75	35.67
353456807578113.94	22.42
353406841956460.25	13.86
353356890459363.94	27.71
353306953080836.56	22.59
353257029814893.31	1.34
353207120655552.44	7.14
353157225596835.75	14.40
353107344632768.31	14.03
353057477757378.81	9.23
353007624964699.25	16.35
352957786248764.62	5.52
352907961603613.69	10.75
352858151023288.56	7.66
352808354501834.62	9.82
352758572033300.37	1.32
352708803611738.12	-0.48
352659049231203.25	11.32
352609308885754.56	11.25
352559582569454.19	8.94
352509870276367.75	11.89
352460172000563.87	18.91
352410487736115.00	28.00
352360817477096.50	1.73
352311161217587.37	23.39
352261518951669.69	5.82
352211890673429.12	12.43
352162276376954.44	-8.17
352112676056338.06	5.45
352063089705675.19	16.45
352013517319065.06	10.48
351968088226667.37	11.48
351918542588008.94	5.49
351869010896210.31	17.86
351819493145383.56	0.92
351769989329643.62	4.91
351720499443109.19	15.98
351671023479902.00	8.56
351621561434147.12	15.28
351572113299973.06	20.17
351522679071511.44	-0.03
351473258742897.37	4.54
351423852308269.06	3.67
351374459761768.12	11.43
351325081097539.56	6.00
351275716309731.56	5.33
351226365392495.50	9.03
351177028339986.19	8.44
351127705146361.75	11.85
351078395805783.44	11.17
351029100312415.87	4.57
350979818660427.00	9.83
350930550843987.94	7.86
350881296857273.12	3.96
350832056694460.31	-0.87
350782830349730.44	19.83
350733617817267.75	18.25
350684419091259.69	8.12
350635234165897.19	7.51
350586063035374.06	1.31
350536905693887.75	5.96
350487762135638.69	-4.23
350442725977151.12	5.30
350393608820575.12	12.18
350344505430339.87	10.24
350295415800658.56	22.44
350246339925747.75	10.30
350197277799827.25	13.47
350148229417119.94	12.20
350099194771852.00	5.29
350050173858253.00	-3.24
350001166670555.56	3.78
349952173202995.56	9.86
349903193449812.25	12.53
349854227405247.81	6.75
349805275063547.94	1.39
349756336418961.44	0.29
349707411465740.31	10.01
349658500198139.81	4.98
349609602610418.31	29.25
349560718696837.62	13.87
349511848451662.50	-5.55
349462991869161.06	3.77
349418218665921.19	4.36
349369388254201.12	-2.44
349320571488455.00	7.04
349271768362963.19	21.82
349222978872009.75	11.88
349174203009881.62	-0.40
349125440770868.94	4.28
349076692149265.19	7.30
349027957139366.81	10.07
348979235735473.75	-10.88
348930527931888.75	12.04
348881833722918.00	11.85
348833153102870.87	3.92
348784486066059.75	15.19
348735832606800.31	-8.95
348687192719411.37	15.40
348638566398214.87	2.08
348594004183128.00	22.13
348545403847941.19	23.51
348496817062404.12	2.36
348448243820851.06	4.51
348399684117619.69	-3.73
348351137947050.62	-10.73
348302605303487.62	5.82
348254086181277.81	11.81
348205580574771.31	0.20
348157088478321.44	3.11
348108609886284.50	6.47
348060144793020.25	7.85
348011693192891.31	14.65
347963255080263.50	3.41
347918865320607.25	7.69
347870453043286.69	-7.34
347822054237052.31	8.80
347773668896282.25	15.19
347725297015357.87	8.73
347676938588663.37	0.90
347628593610586.44	10.90
347580262075517.56	13.02
347531943977850.56	-2.66
347483639311982.37	-13.30
347435348072312.81	5.84
347387070253245.12	18.32
347338805849185.50	-8.53
347294575258734.37	21.70
347246336551149.31	-0.36
347198111242274.87	-9.58
347149899326529.19	4.52
347101700798333.87	10.16
347053515652113.56	11.19
347005343882295.81	4.28
346957185483311.37	14.36
346909040449594.06	1.28
346860908775581.00	-2.85
346812790455712.00	-1.83
346764685484430.25	16.01
346720600982375.00	12.97
346672521580364.44	13.42
346624455510751.06	13.58
346576402767990.19	1.51
346528363346539.81	5.32
346480337240861.56	-2.56
346432324445419.56	-0.35
346384324954681.37	10.53
346336338763117.44	0.62
346288365865201.44	3.93
346240406255409.94	0.15
346196454948301.31	6.21
346148520791987.81	24.72
346100599907706.56	-1.07
346052692289946.00	-8.40
346004797933198.00	-6.14
345956916831957.19	-3.32
345909048980721.31	18.02
345861194373991.25	-1.66
345813353006270.75	10.97
345765524872066.75	-3.12
345721694036300.69	-3.19
345673891250993.75	8.62
345626101683199.12	-0.70
345578325327435.44	13.89
345530562178224.62	-8.26
345482812230091.50	-24.22
345435075477563.94	-3.08
345387351915172.81	6.56
345339641537452.06	-5.59
345291944338938.56	3.55
345248233479872.00	-12.31
345200561526246.75	14.52
345152902735912.06	1.70
345105257103416.56	9.22
345057624623312.06	-3.68
345010005290153.37	2.67
344962399098498.25	5.70
344914806042907.37	1.40
344867226117944.62	9.02
344823622716980.31	-7.33
344776067943870.44	-12.15
344728526285550.12	0.35
344680997736594.75	11.72
344633482291582.81	-7.52
344585979945095.94	-4.55
344538490691718.44	-0.50
344491014526037.75	10.99
344443551442644.37	6.85
344400055104008.81	5.77
344352617079889.75	4.14
344305192122297.12	3.55
344257780225833.06	-4.44
344210381385102.56	11.06
344162995594713.62	16.24
344115622849277.37	30.47
344068263143407.62	32.15
344024861529993.25	7.41
343977526801582.31	22.31
343930205097045.69	-7.80
343882896411008.81	-5.02
343835600738100.44	9.27
343788318072951.94	20.19
343741048410197.62	14.78
343693791744475.12	-8.99
343646548070424.56	1.54
343603252777459.56	-1.84
343556033989143.62	5.25
343508828176884.12	-10.73
343461635335333.00	-4.54
343414455459145.12	4.73
343367288542978.06	6.21
343320134581492.69	4.01
343276921492568.06	-0.29
343229792345975.62	0.72
343182676138508.50	-10.71
343135572864838.87	13.37
343088482519641.87	-2.89
343041405097595.25	-1.02
342994340593380.19	0.21
342947289001680.44	10.08
342904169714703.75	17.57
342857142857142.81	0.43
342810128896608.44	3.82
342763127827795.75	-4.58
342716139645403.00	3.84
342669164344131.19	-5.31
342622201918684.31	-16.10
342579164335225.06	2.68
342532226573650.12	-0.64
342485301672469.87	9.21
342438389626399.69	-5.71
342391490430157.75	2.87
342344604078465.37	-0.84
342297730566046.31	-2.42
342254774454103.62	2.20
342207925535555.37	-5.55
342161089440908.81	-12.77
342114266164899.06	-9.28
342067455702264.44	-0.02
342020658047746.06	-1.04
341973873196087.81	12.32
341930998324538.06	4.93
341884237997014.19	-2.17
341837490457036.69	14.20
341790755699360.81	-6.26
341744033718744.62	-26.68
341697324509949.00	2.06
341650628067737.87	-1.53
341607834206331.12	-13.47
341561162218781.25	-1.98
341514502982559.94	11.77
341467856492442.12	6.18
341421222743205.69	-0.77
341374601729631.25	-0.84
341331876983991.56	-2.54
341285280365857.81	-3.87
341238696468179.56	13.05
341192125285748.44	-14.20
341145566813359.25	0.15
341099021045809.56	4.92
341056365248630.12	11.45
341009843817491.50	-6.12
340963335076034.81	-11.47
340916839019068.62	2.27
340870355641404.37	-14.05
340823884937856.44	3.25
340777426903241.87	-13.47
340734851496393.81	-0.16
340688417729425.19	0.06
340641996616289.44	-3.02
340595588151814.81	2.57
340549192330832.19	-1.58
340502809148175.50	18.91
340460302328748.44	7.93
340413943355119.81	-5.68
340367597004765.12	-7.85
340321263272529.25	4.11
340274942153259.81	5.97
340228633641807.31	-14.05
340186195244196.94	-2.01
340139910883343.31	-5.36
340093639115303.06	-8.50
340047379934937.56	5.59
340001133337111.12	6.13
339958751671463.87	-3.20
339912529175825.37	13.29
339866319247762.50	6.74
339820121882150.37	5.89
339773937073866.81	-6.78
339727764817792.62	-5.11
339685451272122.06	15.61
339639303060150.12	14.42
339593167385472.19	1.01
339547044242979.81	2.20
339500933627567.44	-4.20
339454835534132.19	-5.68
339412589944336.37	10.82
339366515837104.06	1.23
339320454236981.37	6.99
339274405138876.25	-9.93
339228368537699.56	0.96
339186179293814.37	-13.06
339140166630868.50	9.96
339094166450023.12	-4.30
339048178746199.81	-5.93
339002203514322.75	7.59
338960070503694.69	-3.17
338914119162204.25	-1.88
338868180277871.94	-10.68
338822253845632.56	-2.59
338776339860424.19	-11.41
338730438317187.19	-8.52
338688372828160.81	6.54
338642495117904.06	0.18
338596629834877.69	-9.35
338550776974033.12	-4.87
338504936530324.37	-11.96
338462927027392.87	-9.36
338417110369100.19	-10.72
338371306113241.50	8.97
338325514254781.62	-12.62
338279734788687.87	-2.67
338237781160155.56	4.56
338192025432040.31	1.75
338146282081628.44	3.49
338100551103898.31	-4.26
338054832493830.50	-0.21
338012934628298.44	-9.02
337967239708897.50	-13.28
337921557142535.31	-2.22
337875886924203.19	0.16
337830229048895.31	-3.67
337788386835260.62	-9.54
337742752603433.69	-7.47
337697130700046.12	5.89
337651521120102.62	-21.44
337605923858610.56	7.53
337564137186065.31	-1.14
337518563520993.62	1.25
337473002159827.25	4.04
337427453097583.94	4.69
337381916329284.69	5.23
337340185087314.87	9.44
337294671868500.06	7.16
337249170929121.44	5.60
337203682264210.31	8.38
337158205868800.56	-0.57
337116529947185.06	1.05
337071077054448.19	-3.16
337025636416743.44	12.98
336980208029115.06	-6.73
336938576097577.37	-7.29
336893171175420.31	-9.39
336847778488900.87	1.46
336802398033074.00	-25.88
336757029802997.06	-15.85
336715452994522.75	-12.48
336670108183328.06	-14.31
336624775583482.87	-23.09
336579455190055.19	4.81
336534146998115.37	-5.24
336492625203297.69	2.84
336447340383774.31	-0.68
336402067751376.44	1.38
336356807301185.06	-17.49
336315329252707.31	4.21
336270092138005.25	-4.84
336224867191177.44	-6.99
336179654407315.25	-3.27
336134453781512.62	-2.05
336093030550856.50	4.79
336047853214297.69	-10.09
336002688021504.19	1.74
335957534967580.06	-9.04
335916155327630.19	-4.47
335871025526197.94	-7.53
335825907849370.87	4.03
335780802292263.56	-8.29
335739466174248.75	-23.76
335694383832958.44	5.77
335649313597153.62	-5.07
335604255461959.25	17.78
335559209422502.56	-2.11
335517927841277.62	-12.61
335472904971708.50	-3.22
335427894183680.31	8.66
335382895472330.87	4.90
335341657258470.12	-11.66
335296681680506.94	-13.66
335251718165055.56	-5.42
335206766707263.87	13.27
335165571792465.44	6.33
335120643431635.31	2.54
335075727114327.81	-10.63
335030822835700.81	-8.70
334989671151806.19	7.51
334944789933792.62	18.67
334899920740352.06	-8.04
334855063566652.87	10.90
334813955045646.31	-5.04
334769120896288.50	2.33
334724298752594.06	-6.79
334679488609741.37	1.17
334634690462911.31	-9.35
334593636029042.69	6.06
334548860861128.75	5.78
334504097675196.50	-3.66
334459346466436.94	-9.33
334418335042582.56	8.85
334373606776638.37	9.48
334328890473855.44	-2.41
334284186129434.75	-0.47
334243217648041.87	-0.21
334198536210411.37	-13.21
334153866717161.00	-5.61
334109209163501.94	-14.51
334068283557159.06	-6.48
334023648874340.25	-1.17
333979026117159.87	-23.99
333938132395338.19	-18.80
333893532482275.75	-3.98
333848944480920.56	6.02
333804368386500.94	-3.34
333763517422455.62	-3.93
333718964136335.25	-1.26
333674422743248.62	-4.64
333629893238434.12	11.12
333589084965139.94	11.33
333544578232880.87	-2.08
333500083375020.81	-0.72
333455600386808.44	-9.15
333414834737380.25	-3.69
333370374486054.00	-6.80
333325926090531.31	-32.35
333281489546070.56	8.01
333240766453762.81	-10.11
333196352610593.37	-9.88
333151950604670.75	-11.40
333107560431263.19	-4.65
333066879829469.75	-7.61
333022512321832.94	-2.58
332978156632924.87	-8.82
332937507629817.87	-18.64
332893174580277.12	-9.44
332848853335700.25	0.53
332804543891372.56	-7.76
332763937262905.69	12.68
332719650422553.94	-7.74
332675375368715.19	7.88
332631112096684.75	14.25
332590547776632.19	-4.99
332546307073259.94	8.52
332502078137988.31	13.27
332461545281262.44	-17.64
332417338888396.37	-12.63
332373144249944.56	-5.90
332328961361219.37	8.91
332288470697695.06	-4.12
332244310316185.81	0.81
332200161670745.25	14.82
332156024756695.62	-5.40
332115576220524.75	-9.66
332071461778574.75	-12.41
332027359054386.06	5.07
331986941846954.00	-0.24
331942861568761.94	5.93
331898792994722.75	8.94
331854736120175.69	-6.40
331814360925540.87	1.19
331770326462001.19	-2.23
331726303684373.44	2.67
331685959733324.44	8.15
331641959340695.75	-9.53
331597970620419.81	-6.79
331553993567852.44	-10.60
331513691515459.56	-15.23
331469736813029.00	-2.16
331425793764776.06	-15.96
331385522871124.19	-1.08
331341602147093.56	-5.53
331297693063730.62	-6.05
331253795616408.06	-13.28
331213566507684.12	-2.41
331169691349847.62	10.85
331125827814569.56	4.12
331085629780048.81	-0.70
331041788508436.00	-13.41
330997958845920.44	-17.42
330957791849612.75	-8.69
330913984424981.75	-14.94
330870188596007.44	-2.87
330826404358086.50	-7.31
330786278985147.69	1.73
330742516950554.00	1.69
330698766493601.00	-14.56
330658672074772.94	-8.36
330614943795459.50	-6.12
330571227080394.94	-2.00
330531163579872.81	9.54
330487469016799.81	-7.53
330443786004604.19	-4.58
330400114538706.31	-0.50
330360092500825.87	1.74
330316443152540.12	-5.55
330272805337208.56	-5.45
330232814133964.44	-24.30
330189198410689.25	-7.04
330145594207045.25	-11.81
330105633802816.87	-13.24
330062051665713.19	-1.47
330018481034937.94	3.12
329978551394159.37	4.91
329935002804447.50	-2.87
329891465707782.12	1.14
329847940099614.06	-14.32
329808051713902.44	3.00
329764548112647.50	-1.99
329721055986635.31	-11.96
329681198281261.94	5.88
329637728136777.69	-0.23
329594269454301.69	-13.86
329554442393883.44	-3.20
329511005667589.25	-14.23
329467580390089.62	2.12
329427783939297.37	14.20
329384380592672.31	-10.92
329340988681648.06	-13.30
329301222805207.31	-23.80
329257852799789.25	-10.20
329214494216798.69	4.82
329174758879489.06	-15.23
329131422176875.19	-3.77
329088096883535.75	-4.26
329048392050190.81	-11.02
329005088612037.12	-11.28
328961796570024.94	-5.29
328922122205532.44	-21.25
328878851993553.94	-21.83
328835593164604.19	-1.12
328792345714191.75	3.57
328752712209875.69	-5.57
328709486555782.00	-2.88
328666272267139.94	10.73
328626669149623.75	-9.01
328583476632238.37	-3.41
328540295467239.06	-4.09
328500722701589.87	-0.29
328457563282823.81	4.43
328414415203397.94	-0.63
328374872754736.75	-2.44
328331746396559.06	4.33
328288631364695.81	-9.97
328249119198196.81	-13.37
328206025862634.87	-21.09
328162943840381.50	-18.75
328123461921272.25	-18.50
328080401570411.50	-1.92
328037352519873.62	-11.65
327997900813434.75	-3.60
327954873409418.87	-12.03
327915441538142.00	-9.89
327872435764325.31	5.42
327829441269355.56	-6.02
327790039553331.44	-6.99
327747066663753.31	7.89
327704105040089.06	11.28
327664733444739.31	-5.44
327621793401697.06	-4.63
327578864611655.25	-1.79
327539523102454.37	-6.94
327496615868302.69	-13.31
327453719874257.75	13.79
327414408416733.00	-24.43
327371533953884.25	-21.02
327328670718268.19	-2.02
327289389277999.62	8.77
327246547548923.31	-22.29
327203717034225.44	-14.67
327164465576845.50	-0.79
327121656544068.69	-8.82
327078858712835.62	0.40
327039637204029.06	-4.77
326996860830136.00	-23.18
326957658983161.62	4.81
326914904050475.62	-5.67
326872160298107.37	-2.58
326832988342956.69	-6.92
326790266007276.50	3.95
326747554839131.31	3.90
326708412741628.06	-1.47
326665722965689.19	16.24
326623044344522.00	-16.90
326583932070542.12	2.62
326541274817136.87	-13.10
326498628705759.37	2.54
326459546221230.75	-0.90
326416921453208.12	-11.04
326377858526077.56	-6.37
326335255085391.06	-4.92
326292662765656.56	-4.85
326253629571628.94	-10.59
326211058554885.00	-7.75
326168498646400.69	9.73
326129495151541.44	-3.38
326086956521739.12	0.41
326044428987523.37	-10.87
326005455157949.56	-19.64
325962948878144.19	5.50
325923994524476.87	-6.80
325881509483151.87	4.11
325839035516454.81	-7.81
325800110772037.69	-19.56
325757658019610.62	-8.56
325715216329189.50	-4.25
325676321160276.12	-14.08
325633900659951.37	-1.45
325595024908019.37	-4.26
325552625581925.31	-1.08
325510237296963.00	10.01
325471391064725.44	0.78
325429023929880.81	8.93
325386667823597.00	-7.12
325347851077443.62	-11.22
325305516097201.25	-11.43
325266718709341.69	-3.83
325224404839339.12	9.53
325182101977107.19	3.20
325143334019747.06	8.02
325101052243739.12	4.90
325058781462981.19	3.54
325020042902645.62	-8.29
324977793184132.44	1.44
324939073923639.31	-12.50
324896845251632.56	9.43
324854627554169.50	4.32
324815937635339.94	3.73
324773740960464.19	-7.45
324735070305142.62	-10.02
324692894637155.69	-9.78
324650729923057.75	3.18
324612088554177.81	-8.42
324569944823109.37	-9.47
324527812033491.25	2.09
324489199917796.06	-3.20
324447088087384.37	-10.40
324408495177127.00	-11.69
324366404290286.31	17.77
324324324324324.31	-8.80
324285760612251.50	-15.91
324243701566097.06	0.80
324205157023364.37	-16.78
324163118881421.06	-1.40
324121091639836.62	7.97
324082576240426.06	6.83
324040569879348.87	7.07
324002073613271.12	-11.14
323960088117143.94	0.44
323918113500907.00	-0.05
323879646323426.25	12.42
323837692548494.62	5.92
323799244468429.56	-5.84
323757311519285.12	-4.79
323715389429613.44	-6.55
323676970383557.19	-6.48
323635069096087.25	-14.98
323596669111619.25	9.78
323554788610871.44	-12.25
323512918949230.00	0.68
323474547944319.25	-11.53
323432699045873.50	-11.22
323394347066813.31	-7.73
323352518916122.37	1.89
323310701584222.44	-3.50
323272378530403.75	16.78
323230581922790.94	-0.73
323192277859174.31	9.83
323150501960446.37	8.21
323112216872919.94	-4.23
323070461667689.69	-2.28
323028717252963.81	-6.71
322990461015051.25	-1.84
322948737270437.25	-7.96
322910499973090.81	8.14
322868796883239.87	10.08
322827104563699.19	-15.28
322788896061975.44	3.59
322747224373870.31	3.97
322709034777276.94	2.90
322667383705297.06	0.04
322629212999806.44	-2.12
322587582528656.56	-6.54
322545962799698.87	-0.07
322507820814654.69	15.26
322466221663280.75	12.96
322428098534026.87	1.04
322386519944979.37	-11.10
322344952078050.44	-14.67
322306857615573.87	0.45
322265310287782.94	-2.19
322227234645872.25	13.94
322185707842000.12	5.93
322147651006711.44	-5.43
322106144711553.87	3.30
322064649110564.81	-1.84
322026620867325.00	-4.92
321985145751942.62	-8.35
321947136280222.75	5.96
321905681635280.81	-13.76
321867690921185.37	-4.01
321826256731532.50	3.10
321784833208194.75	-7.25
321746871011679.44	-9.43
321705467920603.06	-0.24
321667524446731.87	1.40
321626141772803.25	-6.57
321588217007728.81	-17.30
321546854735849.25	1.37
321508948665737.87	-9.04
321467606780823.31	-8.35
321426275526603.37	3.11
321388397878836.50	-4.46
321347086988656.44	-7.14
321309228001028.19	-11.70
321267937459841.44	1.73
321230097118566.00	-0.38
321188826911341.19	-6.66
321147567307177.62	-8.81
321109755314366.44	-1.58
321068516021318.87	-1.33
321030722640156.62	0.85
320989503643230.81	-0.97
320951728859979.50	-10.39
320910530144195.75	-5.52
320872773945130.75	-2.44
320831595495524.37	-5.93
320790427613640.00	11.25
320752699668555.56	3.93
320711552030104.12	8.28
320673842634656.25	-12.18
320632715224710.12	-5.97
320595024365221.81	-3.73
320553917168867.75	10.90
320516244831675.56	-1.47
320475157834015.19	-1.84
320437504005468.81	18.71
320396437191618.37	20.74
320355380902547.87	-0.82
320317755213171.44	-11.44
320276719085289.69	-15.11
320239111870196.44	-13.48
320198095888656.44	0.30
320160507134243.31	-2.88
320119511284212.81	0.53
320081940976890.06	4.00
320040965243551.12	-2.67
320003413369742.62	-4.14
319962457738292.00	-5.06
319921512588911.50	8.60
319883988740083.56	-6.43
319843063670092.50	7.79
319805558220601.81	4.31
319764653215233.56	-1.63
319727166151550.69	-0.63
319686281196052.94	-8.12
319648812504661.56	-8.07
319607947584296.56	8.42
319570497251693.69	1.58
319529652351738.19	5.24
319492220364434.12	4.45
319451395470179.19	-11.38
319413981814697.25	-3.70
319373176911448.44	13.41
319332382432461.19	-4.63
319294996647402.50	2.30
319254222137087.69	3.23
319216854649925.50	-3.21
319176100093625.00	4.70
319138750890929.00	15.31
319098016273998.81	-8.06
319060685342352.06	-7.12
319019970650162.69	-6.40
318982657976161.37	-2.04
318941963194097.44	-8.03
318904668764350.69	-3.28
318863993877811.25	11.99
318826717678941.44	4.95
318786062673339.87	0.82
318748804691982.44	-15.91
318708169552746.19	4.31
318670929775549.37	-6.05
318630314488120.37	-6.51
318589709552381.44	-5.07
318552497451580.00	-2.68
318511912345521.75	15.20
318474718415269.81	-2.47
318434153124369.75	-18.46
318396977351361.69	-9.02
318356431861111.69	-5.33
318319274232054.69	-6.99
318278748527960.75	0.78
318241609029575.25	-4.83
318201103097157.44	-8.34
318163981716176.50	5.14
318123495540969.00	-1.44
318086392264138.94	3.42
318045925831690.06	0.42
318008840645769.94	7.70
317968393941642.19	-2.88
317931326833404.00	-4.66
317890899843173.81	3.88
317853850799402.44	-4.37
317813443508660.37	-6.26
317776412516153.62	-0.99
317736024910504.37	9.99
317699011956072.81	6.77
317658644021134.87	-6.75
317621649091602.06	-4.22
317581300813008.12	-1.97
317544323895210.37	-6.87
317503995258607.00	5.12
317467036339393.37	0.45
317426727330441.19	-1.65
317389786396673.69	-5.95
317349497001047.19	-5.92
317312574039600.56	2.26
317272304242988.31	-2.71
317235399240749.94	1.38
317195149028854.12	-7.79
317158261972724.44	4.94
317118031331261.44	-10.15
317081162208153.19	-1.27
317040951122853.31	-1.36
317004099919692.25	6.52
316963908376299.56	0.63
316927075080024.06	-5.52
316886903064296.25	1.08
316850087661857.50	9.30
316809935159566.56	6.71
316773137637928.31	25.75
316733004634859.62	6.84
316696224980998.19	1.52
316656111462951.19	-6.52
316619349663855.75	7.57
316579255616643.62	11.70
316542511659315.81	20.22
316502437068765.37	9.22
316465710940219.56	5.64
316425655792171.56	-4.76
316388947479434.69	8.31
316348911759743.50	1.30
316312221249855.06	3.72
316275539249794.37	8.21
316235532224400.69	2.34
316198868008052.56	5.02
316158880376018.25	-1.23
316122233930453.12	-3.60
316082265677680.37	-5.67
316045636989981.37	-2.08
316005688102385.81	3.80
315969077159648.62	-0.64
315929147623159.69	0.45
315892554412492.44	18.26
315852644213053.12	12.47
315816068721576.56	6.55
315776177845143.37	10.01
315739620059990.50	10.25
315699748492533.69	-9.63
315663208400850.19	-10.10
315623356128353.44	-6.07
315586833717297.25	-1.91
315547000725758.12	4.60
315510495982499.62	10.33
315473999684526.00	-2.80
315434195169651.00	5.37
315397716520532.37	3.74
315357931251970.94	-5.45
315321470238908.56	-13.86
315281704202705.12	10.99
315245260812912.44	2.22
315205513995124.81	11.62
315169088215827.81	15.02
315129360602527.31	-3.56
315092952420964.12	13.10
315053243998235.69	7.56
315016853401657.00	2.76
314980471210784.87	-5.81
314940791131267.31	-22.02
314904426506555.25	0.62
314864765583182.00	-14.31
314828418511911.00	2.89
314788776730813.56	6.40
314752447200276.94	6.13
314712824547600.31	-3.19
314676512545103.62	-14.56
314636909007005.87	7.12
314600614519867.00	10.29
314564328405158.81	14.50
314524753098068.75	3.74
314488484479993.25	12.51
314448928253236.19	20.11
314412677119141.44	-4.55
314373139958921.87	0.53
314336906296168.25	7.75
314297388188704.12	-4.25
314261171984664.06	6.46
314221672916186.62	1.50
314185474158244.75	-0.17
314149283739633.00	-2.85
314109812790551.56	8.12
314073639799411.56	8.28
314034187855251.12	6.96
313998032278997.69	12.38
313958599326035.56	9.25
313922461152095.37	-6.47
313883047176622.00	-6.90
313846926392434.12	4.84
313810813920647.69	-9.80
313771427973768.69	14.85
313735332873188.12	-14.50
313695965869878.87	12.06
313659888127973.19	3.39
313620540054569.94	2.67
313584479658820.12	2.11
313548427554635.81	2.46
313509107439571.12	-0.83
313473072663058.25	12.35
313433771444093.87	-10.85
313397753982763.12	13.69
313358471646280.87	11.58
313322471487655.06	11.34
313283208020050.06	-3.70
313247225151663.87	9.12
313211250548119.62	4.90
313172014948744.19	9.59
313136057617034.56	-3.84
313096840852875.81	11.61
313060900780565.19	2.45
313021702838063.44	-7.25
312985780012728.06	3.42
312949865431557.81	8.00
312910695287564.94	2.11
312874797935026.31	13.18
312835646579142.19	7.70
312799766442841.00	9.25
312760633861551.31	-1.70
312724770929105.31	22.39
312688916220216.37	6.66
312649811367947.19	8.66
312613973844630.87	-0.81
312574887733519.44	1.39
312539067383422.94	10.01
312503255242242.06	10.72
312464196810782.12	-9.75
312428401824581.81	-8.54
312389362100922.56	-8.39
312353584257379.37	0.66
312314563228083.25	-6.83
312278802514885.31	-3.38
312243049990112.25	4.70
312204056571375.00	-4.92
312168321158768.75	5.03
312129346401148.62	1.80
312093628088426.50	4.21
312057917949571.44	12.28
312018970753421.75	15.09
311983277696315.44	0.10
311944349128115.50	0.84
311908673140504.44	7.50
311869763186893.12	20.37
311834104256535.56	9.46
311798453479670.75	4.98
311759571018830.25	4.43
311723937281143.81	7.31
311685073401834.81	13.14
311649456691113.81	1.40
311613848119410.44	10.87
311575011684062.94	-2.58
311539420121292.62	12.95
311500602234497.62	0.18
311465027668476.56	-4.67
311429461227032.12	4.18
311390670735504.75	2.57
311355121272819.75	9.33
311316349296943.87	-8.22
311280816800863.25	-4.50
311245292414952.25	5.97
311206547785765.37	6.97
311171040348511.56	-10.36
311132314202153.00	-4.18
311096823701430.00	0.51
311061341296503.69	6.50
311022642448370.25	-16.84
310987176962069.87	2.02
310948496564019.12	6.95
310913047984247.06	-11.28
310877607485932.75	7.46
310838954337757.56	6.70
310803530728109.00	4.19
310768115191381.37	-3.10
310729489264296.06	-6.82
310694090598396.75	7.19
310655483069276.12	-10.31
310620101262153.00	2.37
310584727513665.69	5.32
310546147157467.62	-5.33
310510790249961.19	-3.38
310472228259182.25	7.24
310436888180632.87	14.60
310401556146468.12	2.16
310363021280557.81	0.97
310327706057596.75	-9.84
310292398870535.62	4.76
310253891100884.19	2.85
310218600707298.44	1.72
310180111251266.50	6.11
310144837639177.50	4.75
310109572048790.56	9.43
310071109641144.37	-5.10
310035860814567.56	-16.57
309997416688194.25	9.74
309962184613477.19	13.23
309926960546297.87	-0.01
309888543420549.69	6.41
309853336087585.19	-6.79
309818136753725.56	-3.37
309779746600167.25	3.07
309744563982902.12	2.65
309706192059133.19	5.95
309671026146557.00	16.50
309635868218974.50	8.67
309597523219814.25	-5.04
309562381979341.87	-12.05
309527248715461.87	-5.46
309488930612581.75	14.18
309453814018257.75	4.55
309418705392136.69	-2.01
309380414157247.69	-10.28
309345322183153.06	-13.24
309307049107649.12	-5.11
309271973773736.69	-2.68
309236906393988.44	1.49
309198660139139.31	-0.62
309163609382085.00	7.07
309128566570836.75	6.59
309090347108459.81	-7.29
309055320902441.50	-0.01
309020302633883.06	-11.97
308982109935834.69	-10.90
308947108255066.75	0.74
308908933646361.06	-6.82
308873948541600.12	-11.75
308838971360332.69	-3.93
308800823468862.56	6.55
308765862846203.69	-15.81
308730910138723.06	-10.72
308692788936450.44	-8.66
308657852770204.19	17.05
308622924510832.69	3.56
308584829969758.69	10.68
308549918234271.69	0.54
308515014397367.37	-0.24
308476946489532.31	1.39
308442059159186.94	-6.87
308407179719143.81	-1.26
308369138416627.25	-7.19
308334275465841.69	-0.01
308296252145228.12	2.07
308261405672009.87	2.75
308226567075238.12	14.27
308188570313222.31	5.09
308153748176756.94	3.31
308118933908488.69	2.62
308080963677254.37	-5.49
308046165852055.69	7.07
308011375886816.06	25.31
307973432158585.81	3.80
307938658619203.06	-5.83
307903892931552.94	7.16
307865975678587.87	1.66
307831226399606.00	10.10
307796484964141.75	10.03
307758594158741.87	4.02
307723869114781.00	1.50
307689151906134.31	4.15
307651287520638.31	9.70
307616586686354.12	0.81
307581893679192.06	4.20
307544055685977.00	8.98
307509379036060.56	-1.74
307474710205085.56	-13.47
307436898576567.12	2.87
307402246085744.75	4.66
307367601405694.50	-1.66
307329816114326.69	-9.01
307295187757359.75	-3.96
307260567203007.00	-7.33
307222808221282.31	-3.98
307188203972967.37	4.47
307153607519120.25	9.54
307115874819569.37	21.40
307081294654738.25	5.69
307046722276239.69	-8.63
307009015831431.62	-14.20
306974459724950.87	-7.70
306939911396678.87	-4.37
306902231179220.69	19.27
306867699105992.06	8.26
306833174802859.62	-1.93
306795520785396.50	-7.98
306761012720356.62	0.92
306726512417311.62	-12.25
306688884572526.75	-1.83
306654400490647.06	1.44
306619924162672.06	-3.43
306585455585987.00	0.40
306547862339573.25	-9.43
306513409961685.75	2.84
306478965327013.06	-14.68
306441398189952.75	-8.83
306406969737204.94	-1.77
306372549019607.81	-3.05
306335007964710.19	-8.71
306300603412188.69	-1.77
306266206586765.25	2.79
306228691586877.06	-6.03
306194310909703.31	-1.91
306159937951585.87	1.77
306122448979591.75	-6.80
306088092152921.62	-0.65
306053743037277.31	-6.32
306019401630063.31	2.60
305981947065123.12	1.00
305947621767153.50	-1.36
305913304169598.31	2.02
305875875569693.81	7.61
305841574064634.50	5.67
305807280251985.19	-1.34
305769877590125.69	5.26
305735599853246.87	5.65
305701329800784.56	10.91
305663953050016.81	6.15
305629699056622.94	6.64
305595452739663.12	-12.07
305561214096557.31	-21.57
305523871598500.87	-13.30
305489648992393.25	-1.95
305455434052171.75	15.61
305418117402724.31	-10.13
305383918482852.69	-11.52
305349727220910.37	19.22
305315543614325.37	-2.09
305278261135024.50	-3.10
305244093526790.25	-25.94
305209933565971.12	4.91
305172676872997.25	-6.68
305138532893933.81	-6.16
305104396554354.37	-4.69
305067165620964.19	-0.17
305033045246568.37	1.58
304998932503736.19	-8.82
304964827389907.69	8.54
304927630509025.81	10.47
304893541338482.56	-4.90
304859459789037.25	-3.23
304822288605742.87	6.43
304788222983063.94	-11.82
304754164973587.94	0.51
304720114574763.06	-7.76
304682977362054.75	6.76
304648942868168.19	-4.86
304614915977052.31	-6.41
304577804400134.00	-15.47
304543793397490.50	3.31
304509789989748.12	-5.08
304475794174363.12	-1.75
304438716486371.25	3.20
304404736537700.50	0.64
304370764173531.94	2.08
304336799391326.37	-4.90
304299755545863.06	-9.65
304265806608653.31	-7.29
304231865245565.75	-4.14
304194846939292.87	-1.44
304160921404817.87	-8.41
304127003436635.12	-6.05
304093093032213.56	-14.45
304056108487219.50	-13.99
304022213889761.50	-6.02
303988326848249.00	5.82
303951367781155.00	-0.23
303917496530275.25	-7.39
303883632827535.87	-9.96
303849776670414.12	-8.71
303812851283609.25	-5.59
303779010895540.50	-6.86
303745178045298.50	-24.04
303711352730365.06	-2.46
303674460977831.75	5.48
303640651410410.81	15.13
303606849370521.75	-12.13
303573054855651.00	-9.16
303536196691455.44	-1.18
303502417902595.94	-6.58
303468646630992.19	-12.27
303434882874135.19	-13.73
303398058252427.19	-10.92
303364310200119.31	-0.18
303330569654809.75	-0.78
303293770345957.12	-3.42
303260045489006.81	-0.19
303226328131317.19	-5.10
303192618270387.12	9.97
303155852423731.00	2.18
303122158229766.56	7.76
303088471524838.06	0.48
303054792306449.00	-1.95
303018059876368.56	8.97
302984396303590.37	3.68
302950740209641.87	2.01
302917091592031.25	4.29
302880392532988.75	7.04
302846759539672.87	-1.58
302813134014999.31	-3.03
302779515956480.50	-0.01
302742850223020.50	8.18
302709247767519.31	-15.26
302675652770491.12	1.33
302642065229453.12	-3.48
302605432776203.06	-17.55
302571860816944.00	12.38
302538296306007.37	18.98
302504739240914.75	5.94
302468140022584.31	17.00
302434598518070.44	-23.92
302401064451746.87	-1.09
302367537821139.50	4.46
302330971792520.37	2.99
302297460701330.12	-5.73
302263957038216.19	-2.34
302230460800709.19	-12.97
302196971986340.69	-4.58
302160447197461.81	-1.04
302126973896229.44	-18.57
302093508010512.81	-11.43
302060049537848.12	-14.17
302023557837511.31	-3.87
301990114856907.06	-0.66
301956679281745.75	-2.18
301923251109567.94	-10.77
301886792452830.19	2.65
301853379751675.25	0.47
301819974445908.81	-3.64
301786576533075.81	-21.52
301753186010722.25	-19.66
301716768412265.75	-33.95
301683393334808.19	-6.99
301650025640252.19	-5.40
301616665326148.12	14.65
301580280670714.50	-1.33
301546935780554.25	-3.69
301513598263281.62	-9.41
301480268116451.75	-5.09
301443916359361.31	-1.14
301410601615560.75	-9.18
301377294234652.37	-10.61
301343994214195.25	-5.56
301310701551750.12	-3.00
301274390672544.87	7.77
301241113387155.06	7.92
301207843452243.50	-6.55
301174580865374.94	-8.64
301138302784525.50	3.71
301105055553882.69	-13.65
301071815663762.94	-1.97
301038583111735.50	3.37
301005357895370.50	-7.31
300969120568229.69	9.59
300935910682221.69	-9.48
300902708124373.06	-9.47
300869512892258.62	-6.92
300836324983454.00	4.33
300800128341388.06	-7.07
300766955737129.69	-20.60
300733790448694.81	-9.44
300700632473663.62	3.54
300664468475330.50	-1.39
300631325784146.69	-2.09
300598190398893.75	3.06
300565062317156.19	-6.18
300531941536519.62	6.22
300495818099864.75	-4.64
300462712577369.19	8.14
300429614348518.37	4.06
300396523410902.37	-14.00
300363439762112.19	-8.91
300327356818932.62	1.21
300294288402634.56	-17.61
300261227267722.87	-10.03
300228173411792.94	-9.77
300195126832441.06	-14.34
300159084314686.75	-5.56
300126052942235.75	-10.52
300093028838940.06	3.39
300060012002400.50	-0.50
300027002430218.75	-26.10
299991000269991.94	4.45
299958005879176.87	2.04
299925018745313.62	0.98
299892038866008.19	-1.94
299859066238867.69	-22.71
299823104368422.56	-15.33
299790146897171.94	-2.94
299757196670696.69	-3.72
299724253686608.31	-11.23
299691317942519.19	-0.84
299655396294261.62	-7.90
299622475680642.37	1.86
299589562299649.44	1.23
299556656148899.56	-12.18
299523757226010.62	-2.96
299490865528601.37	-5.35
299454991914715.19	4.01
299422115317437.31	-4.42
299389245938285.94	6.13
299356383774884.00	4.73
299323528824855.81	-7.64
299287695285221.12	-2.68
299254855410029.00	4.04
299222022740873.69	-9.60
299189197275383.69	-5.22
299156379011188.44	10.09
299123567945918.50	-8.62
299087782264094.50	-13.02
299054986243470.62	0.86
299022197414454.69	0.64
298989415774681.56	-9.69
298956641321786.87	-19.21
298920895567003.06	-7.32
298888136133583.06	4.87
298855383879740.62	-0.69
298822638803115.69	-13.32
298789900901349.56	-4.44
298757170172084.12	-1.37
298721472099414.56	-21.89
298688756359581.44	-5.12
298656047784967.62	1.88
298623346373219.44	3.30
298590652121984.19	6.16
298557965028910.31	-5.39
298522314543012.12	-11.92
298489642409408.37	5.12
298456977426703.94	6.64
298424319592551.31	-4.99
298391668904604.12	-6.00
298359025360517.12	-10.85
298323422366301.37	-15.00
298290793751802.12	2.64
298258172273920.31	-15.04
298225557930314.62	-3.49
298192950718645.00	1.83
298160350636572.37	2.14
298124795039203.44	7.95
298092209856915.75	7.01
298059631797001.50	-1.25
298027060857125.75	-18.31
297994497034954.75	-8.75
297961940328155.37	-15.57
297926432033049.94	-19.72
297893890196312.06	5.32
297861355467741.62	7.96
297828827845009.87	-10.14
297796307325789.12	-28.47
297763793907752.69	-2.97
297731287588575.06	5.50
297695834242959.44	-2.63
297663342759339.19	-13.46
297630858367395.50	7.45
297598381064807.00	-5.42
297565910849253.12	-12.14
297533447718414.31	4.25
297498041471227.00	-5.61
297465593146392.69	8.12
297433151899110.62	-6.72
297400717727065.44	-1.81
297368290627942.69	-15.47
297335870599429.06	-1.01
297303457639212.37	-7.39
297268106104895.94	13.85
297235707916377.69	-9.99
297203316789015.31	-10.74
297170932720500.87	-10.53
297138555708526.87	-4.44
297106185750787.31	6.10
297073822844976.94	-9.68
297038525896808.81	-22.61
297006177728496.69	-1.06
296973836604995.12	-7.50
296941502524002.75	-1.61
296909175483219.69	4.31
296876855480346.75	8.58
296844542513085.87	11.93
296809300024734.12	3.19
296777001760876.81	-2.65
296744710525534.87	-6.67
296712426316414.12	7.58
296680149131221.62	-14.52
296647878967665.37	-1.96
296615615823454.37	-8.33
296583359696298.56	-5.22
296548179194179.75	0.27
296515937731653.06	-15.33
296483703279109.69	-3.82
296451475834263.87	-5.84
296419255394830.44	-2.19
296387041958525.56	-18.61
296354835523066.25	-0.42
296319709211592.06	-11.93
296287517406891.62	4.75
296255332595986.69	-11.09
296223154776598.37	-5.96
296190983946448.69	6.85
296158820103260.69	-2.72
296126663244758.50	-0.02
296094513368667.25	-10.43
296062370472712.87	-2.03
296027313453454.62	2.16
295995185144988.31	-11.41
295963063809636.56	-29.28
295930949445129.44	1.69
295898842049198.06	0.79
295866741619574.50	-22.60
295834648153991.81	1.12
295802561650183.87	5.36
295767566128698.31	-12.64
295735494174010.75	-4.27
295703429174100.31	-11.90
295671371126705.00	-4.78
295639320029563.87	-9.48
295607275880416.94	0.52
295575238677005.19	-5.64
295543208417070.50	10.63
295511185098355.87	-8.09
295476258482630.87	3.66
295444249670087.25	11.05
295412247791793.44	-9.78
295380252845496.37	15.72
295348264828944.12	-5.74
295316283739885.37	-15.65
295284309576070.12	-12.70
295252342335249.12	-12.09
295220382015174.31	-12.45
295185524101898.06	1.65
295153578245213.56	1.39
295121639302332.44	-22.13
295089707271010.37	0.38
295057782149004.19	-11.60
295025863934071.50	1.72
294993952623971.12	-8.99
294962048216462.81	-6.17
294930150709306.94	5.10
294898260100265.44	2.46
294863478209588.94	1.78
294831602016648.12	-6.82
294799732714909.00	-14.16
294767870302137.06	4.82
294736014776098.87	-9.57
294704166134561.94	-14.60
294672324375294.62	-7.00
294640489496066.50	-0.77
294608661494647.94	-1.64
294576840368810.19	-11.49
294545026116325.62	-6.46
294510327495484.12	13.16
294478527607362.00	-1.08
294446734585713.44	2.90
294414948428314.81	-5.60
294383169132943.37	1.38
294351396697377.31	-2.79
294319631119395.69	-17.26
294287872396778.50	4.64
294256120527306.94	-5.35
294224375508762.94	-6.37
294192637338929.56	4.85
294158021689251.44	-6.87
294126297832289.19	2.99
294094580817190.81	4.32
294062870641743.19	-6.24
294031167303734.19	12.26
293999470800952.56	8.04
293967781131188.00	-13.82
293936098292231.25	-2.08
293904422281873.94	5.25
293872753097908.56	-5.99
293841090738128.81	-4.02
293809435200329.06	-13.09
293777786482304.81	-5.75
293743268383432.87	-8.32
293711633917819.50	-8.66
293680006265173.44	-2.77
293648385423294.12	-17.04
293616771389981.75	2.60
293585164163037.62	-9.16
293553563740263.81	4.75
293521970119463.37	-17.12
293490383298440.56	3.30
293458803275000.25	-1.77
293427230046948.37	4.90
293395663612091.81	-0.48
293364103968238.44	-2.98
293332551113197.00	-2.32
293298137556826.50	-5.55
293266598889497.12	9.04
293235067004212.81	-3.11
293203541898786.12	-12.54
293172023571030.69	-3.09
293140512018761.00	-1.69
293109007239792.44	-5.37
293077509231941.50	5.63
293046017993025.50	3.84
293014533520862.62	8.13
292983055813272.06	-5.77
292951584868074.12	5.79
292920120683089.69	3.31
292888663256140.87	-5.46
292857212585050.56	6.11
292825768667642.69	4.29
292791473912279.69	20.86
292760044109179.94	1.54
292728621053042.44	-0.70
292697204741694.69	-1.73
292665795172965.44	13.66
292634392344684.25	10.57
292602996254681.62	-2.63
292571606900788.94	-4.66
292540224280838.62	-9.38
292508848392663.87	-5.06
292477479234098.94	13.06
292446116802979.06	-1.62
292414761097140.19	6.00
292383412114419.37	3.63
292352069852654.50	-9.30
292320734309684.56	-18.62
292289405483349.19	-4.39
292258083371489.25	-4.66
292226767971946.25	12.72
292195459282562.69	2.81
292161311999065.06	6.29
292130017333047.69	1.70
292098729370527.25	-6.69
292067448109350.06	-8.71
292036173547363.37	-4.14
292004905682415.44	-4.62
291973644512355.37	3.12
291942390035033.12	5.42
291911142248299.56	-9.99
291879901150006.81	-7.59
291848666738007.44	10.69
291817439010155.25	-6.64
291786217964304.81	1.70
291755003598311.69	10.14
291723795910032.37	4.00
291692594897324.19	3.32
291661400558045.50	-5.66
291630212890055.37	8.92
291599031891214.12	12.48
291567857559382.62	-4.55
291536689892422.94	-4.40
291505528888197.87	0.24
291474374544571.25	-3.69
291443226859407.81	-2.28
291412085830573.00	4.72
291380951455933.50	7.51
291349823733356.62	7.43
291318702660710.81	-10.37
291287588235865.25	-10.25
291256480456690.19	10.27
291222552274448.06	0.60
291191458383887.37	-12.65
291160371132419.75	10.31
291129290517918.94	2.35
291098216538260.00	-5.13
291067149191318.44	5.76
291036088474970.94	-4.75
291005034387094.81	-17.83
290973986925568.81	-7.14
290942946088272.06	0.86
290911911873084.81	-18.09
290880884277888.25	2.65
290849863300564.19	4.76
290818848938995.87	3.09
290787841191067.00	-2.90
290756840054662.31	-7.41
290725845527667.37	-0.10
290694857607968.87	-3.84
290663876293454.25	-2.53
290632901582011.75	8.72
290601933471530.75	-13.41
290570971959901.19	-8.27
290540017045014.31	6.26
290509068724762.00	9.52
290478126997037.12	5.90
290447191859733.31	2.84
290416263310745.37	9.86
290385341347968.75	0.41
290354425969299.87	-5.39
290323517172636.06	-6.07
290292614955875.50	2.22
290261719316917.44	-4.47
290230830253661.69	12.03
290199947764009.44	-9.26
290169071845862.12	-7.35
290138202497122.75	-6.36
290107339715694.81	4.73
290076483499482.69	8.23
290045633846391.87	6.86
290014790754328.37	-6.61
289983954221199.75	-2.90
