869565217391304.25	45.00
869565217391304.25	45.00
867052023121387.37	45.00
867052023121387.37	67.00
867052023121387.37	-54.00
867052023121387.37	111.00
864553314121037.50	50.00
864553314121037.50	54.00
864553314121037.50	126.00
864553314121037.50	-20.00
864553314121037.50	28.00
862068965517241.25	67.00
862068965517241.25	98.00
862068965517241.25	98.00
862068965517241.25	85.00
862068965517241.25	87.00
859598853868194.75	49.00
859598853868194.75	99.00
859598853868194.75	67.00
859598853868194.75	191.00
857142857142857.00	58.00
857142857142857.00	13.00
857142857142857.00	29.00
857142857142857.00	95.00
857142857142857.00	81.00
854700854700854.62	62.00
854700854700854.62	76.00
854700854700854.62	90.00
854700854700854.62	-9.00
854700854700854.62	99.00
852272727272727.25	90.00
852272727272727.25	11.00
852272727272727.25	127.00
852272727272727.25	39.00
849858356940510.00	97.00
849858356940510.00	40.00
849858356940510.00	54.00
849858356940510.00	151.00
849858356940510.00	53.00
847457627118644.12	148.00
847457627118644.12	114.00
847457627118644.12	15.00
847457627118644.12	-15.00
847457627118644.12	23.00
845070422535211.25	20.00
845070422535211.25	56.00
845070422535211.25	74.00
845070422535211.25	115.00
842696629213483.12	20.00
842696629213483.12	126.00
842696629213483.12	33.00
842696629213483.12	46.00
842696629213483.12	11.00
840336134453781.50	96.00
840336134453781.50	10.00
840336134453781.50	125.00
840336134453781.50	88.00
840336134453781.50	65.00
837988826815642.50	93.00
837988826815642.50	76.00
837988826815642.50	47.00
837988826815642.50	75.00
835654596100278.50	104.00
835654596100278.50	89.00
835654596100278.50	88.00
835654596100278.50	91.00
835654596100278.50	38.00
833333333333333.25	132.00
833333333333333.25	127.00
833333333333333.25	32.00
833333333333333.25	151.00
833333333333333.25	87.00
831024930747922.37	85.00
831024930747922.37	64.00
831024930747922.37	71.00
831024930747922.37	-4.00
828729281767955.62	155.00
828729281767955.62	72.00
828729281767955.62	24.00
828729281767955.62	24.00
828729281767955.62	87.00
826446280991735.50	116.00
826446280991735.50	69.00
826446280991735.50	82.00
826446280991735.50	79.00
826446280991735.50	72.00
824175824175824.12	91.00
824175824175824.12	52.00
824175824175824.12	97.00
824175824175824.12	103.00
824175824175824.12	34.00
821917808219178.00	120.00
821917808219178.00	49.00
821917808219178.00	28.00
821917808219178.00	43.00
819672131147540.87	56.00
819672131147540.87	6.00
819672131147540.87	77.00
819672131147540.87	-55.00
819672131147540.87	96.00
817438692098092.62	97.00
817438692098092.62	-2.00
817438692098092.62	85.00
817438692098092.62	27.00
817438692098092.62	81.00
815217391304347.87	32.00
815217391304347.87	38.00
815217391304347.87	113.00
815217391304347.87	69.00
813008130081300.75	100.00
813008130081300.75	52.00
813008130081300.75	-22.00
813008130081300.75	102.00
813008130081300.75	73.00
810810810810810.75	52.00
810810810810810.75	144.00
810810810810810.75	116.00
810810810810810.75	100.00
810810810810810.75	53.00
808625336927223.75	70.00
808625336927223.75	98.00
808625336927223.75	54.00
808625336927223.75	0.00
806451612903225.62	27.00
806451612903225.62	99.00
806451612903225.62	94.00
806451612903225.62	6.00
806451612903225.62	13.00
804289544235925.00	47.00
804289544235925.00	106.00
804289544235925.00	122.00
804289544235925.00	24.00
804289544235925.00	98.00
802139037433155.00	96.00
802139037433155.00	105.00
802139037433155.00	27.00
802139037433155.00	24.00
802139037433155.00	67.00
800000000000000.00	44.00
800000000000000.00	29.00
800000000000000.00	44.00
800000000000000.00	61.00
797872340425531.75	103.00
797872340425531.75	116.00
797872340425531.75	80.00
797872340425531.75	75.00
797872340425531.75	38.00
795755968169761.25	79.00
795755968169761.25	96.00
795755968169761.25	101.00
795755968169761.25	32.00
795755968169761.25	131.00
793650793650793.62	112.00
793650793650793.62	76.00
793650793650793.62	130.00
793650793650793.62	7.00
791556728232189.87	94.00
791556728232189.87	-15.00
791556728232189.87	64.00
791556728232189.87	32.00
791556728232189.87	83.00
789473684210526.37	160.00
789473684210526.37	102.00
789473684210526.37	66.00
789473684210526.37	109.00
789473684210526.37	18.00
787401574803149.50	78.00
787401574803149.50	82.00
787401574803149.50	21.00
787401574803149.50	55.00
787401574803149.50	48.00
785340314136125.62	94.00
785340314136125.62	84.00
785340314136125.62	69.00
785340314136125.62	103.00
783289817232376.00	120.00
783289817232376.00	92.00
783289817232376.00	39.00
783289817232376.00	30.00
783289817232376.00	3.00
781250000000000.00	123.00
781250000000000.00	68.00
781250000000000.00	116.00
781250000000000.00	59.00
781250000000000.00	24.00
779220779220779.25	85.00
779220779220779.25	51.00
779220779220779.25	82.00
779220779220779.25	64.00
777202072538860.00	71.00
777202072538860.00	83.00
777202072538860.00	132.00
777202072538860.00	104.00
777202072538860.00	86.00
775193798449612.37	23.00
775193798449612.37	74.00
775193798449612.37	89.00
775193798449612.37	96.00
775193798449612.37	79.00
773195876288659.62	92.00
773195876288659.62	151.00
773195876288659.62	139.00
773195876288659.62	44.00
773195876288659.62	53.00
771208226221079.75	81.00
771208226221079.75	33.00
771208226221079.75	146.00
771208226221079.75	5.00
769230769230769.25	131.00
769230769230769.25	46.00
769230769230769.25	34.00
769230769230769.25	24.00
769230769230769.25	170.00
767263427109974.37	103.00
767263427109974.37	-15.00
767263427109974.37	137.00
767263427109974.37	45.00
767263427109974.37	93.00
765306122448979.62	97.00
765306122448979.62	46.00
765306122448979.62	78.00
765306122448979.62	-19.00
763358778625954.12	139.00
763358778625954.12	26.00
763358778625954.12	93.00
763358778625954.12	110.00
763358778625954.12	92.00
761421319796954.37	80.00
761421319796954.37	94.00
761421319796954.37	82.00
761421319796954.37	59.00
761421319796954.37	161.00
759493670886075.87	40.00
759493670886075.87	148.00
759493670886075.87	85.00
759493670886075.87	-8.00
759493670886075.87	83.00
757575757575757.62	66.00
757575757575757.62	53.00
757575757575757.62	66.00
757575757575757.62	53.00
755667506297229.25	88.00
755667506297229.25	85.00
755667506297229.25	87.00
755667506297229.25	98.00
755667506297229.25	18.00
753768844221105.37	139.00
753768844221105.37	117.00
753768844221105.37	109.00
753768844221105.37	193.00
753768844221105.37	92.00
751879699248120.37	75.00
751879699248120.37	25.00
751879699248120.37	115.00
751879699248120.37	57.00
751879699248120.37	73.00
750000000000000.00	51.00
750000000000000.00	55.00
750000000000000.00	49.00
750000000000000.00	73.00
748129675810473.75	32.00
748129675810473.75	91.00
748129675810473.75	80.00
748129675810473.75	130.00
748129675810473.75	134.00
746268656716417.87	45.00
746268656716417.87	136.00
746268656716417.87	41.00
746268656716417.87	3.00
746268656716417.87	113.00
744416873449131.37	77.00
744416873449131.37	54.00
744416873449131.37	73.00
744416873449131.37	88.00
744416873449131.37	95.00
742574257425742.62	53.00
742574257425742.62	10.00
742574257425742.62	143.00
742574257425742.62	22.00
740740740740740.75	102.00
740740740740740.75	93.00
740740740740740.75	131.00
740740740740740.75	66.00
740740740740740.75	34.00
738916256157635.50	27.00
738916256157635.50	96.00
738916256157635.50	38.00
738916256157635.50	61.00
738916256157635.50	81.00
737100737100737.00	14.00
737100737100737.00	-18.00
737100737100737.00	53.00
737100737100737.00	69.00
735294117647058.75	0.00
735294117647058.75	51.00
735294117647058.75	102.00
735294117647058.75	61.00
735294117647058.75	53.00
733496332518337.37	73.00
733496332518337.37	99.00
733496332518337.37	60.00
733496332518337.37	48.00
733496332518337.37	46.00
731707317073170.75	-27.00
731707317073170.75	135.00
731707317073170.75	72.00
731707317073170.75	38.00
731707317073170.75	0.00
729927007299270.00	57.00
729927007299270.00	63.00
729927007299270.00	130.00
729927007299270.00	110.00
728155339805825.12	101.00
728155339805825.12	61.00
728155339805825.12	47.00
728155339805825.12	57.00
728155339805825.12	93.00
726392251815980.62	22.00
726392251815980.62	25.00
726392251815980.62	92.00
726392251815980.62	114.00
726392251815980.62	107.00
724637681159420.25	21.00
724637681159420.25	67.00
724637681159420.25	101.00
724637681159420.25	25.00
724637681159420.25	95.00
722891566265060.25	15.00
722891566265060.25	80.00
722891566265060.25	91.00
722891566265060.25	151.00
721153846153846.00	67.00
721153846153846.00	32.00
721153846153846.00	98.00
721153846153846.00	97.00
721153846153846.00	129.00
719424460431654.62	45.00
719424460431654.62	124.00
719424460431654.62	39.00
719424460431654.62	87.00
719424460431654.62	57.00
717703349282296.62	130.00
717703349282296.62	58.00
717703349282296.62	103.00
717703349282296.62	50.00
717703349282296.62	78.00
715990453460620.50	72.00
715990453460620.50	20.00
715990453460620.50	67.00
715990453460620.50	113.00
715990453460620.50	115.00
714285714285714.37	131.00
714285714285714.37	60.00
714285714285714.37	103.00
714285714285714.37	80.00
712589073634204.12	24.00
712589073634204.12	27.00
712589073634204.12	49.00
712589073634204.12	66.00
712589073634204.12	120.00
710900473933649.25	63.00
710900473933649.25	54.00
710900473933649.25	-36.00
710900473933649.25	53.00
710900473933649.25	71.00
709219858156028.25	127.00
709219858156028.25	48.00
709219858156028.25	33.00
709219858156028.25	121.00
709219858156028.25	75.00
707547169811320.62	149.00
707547169811320.62	17.00
707547169811320.62	52.00
707547169811320.62	52.00
705882352941176.50	146.00
705882352941176.50	120.00
705882352941176.50	71.00
705882352941176.50	5.00
705882352941176.50	116.00
704225352112676.12	7.00
704225352112676.12	63.00
704225352112676.12	43.00
704225352112676.12	26.00
704225352112676.12	122.00
702576112412177.87	108.00
702576112412177.87	102.00
702576112412177.87	111.00
702576112412177.87	113.00
702576112412177.87	34.00
700934579439252.25	104.00
700934579439252.25	129.00
700934579439252.25	45.00
700934579439252.25	93.00
699300699300699.25	76.00
699300699300699.25	43.00
699300699300699.25	4.00
699300699300699.25	143.00
699300699300699.25	61.00
697674418604651.12	85.00
697674418604651.12	60.00
697674418604651.12	-31.00
697674418604651.12	36.00
697674418604651.12	101.00
696055684454756.37	52.00
696055684454756.37	89.00
696055684454756.37	43.00
696055684454756.37	131.00
696055684454756.37	39.00
694444444444444.50	65.00
694444444444444.50	32.00
694444444444444.50	103.00
694444444444444.50	42.00
692840646651270.25	64.00
692840646651270.25	58.00
692840646651270.25	146.00
692840646651270.25	138.00
692840646651270.25	-18.00
691244239631336.25	45.00
691244239631336.25	99.00
691244239631336.25	75.00
691244239631336.25	102.00
691244239631336.25	43.00
689655172413793.00	119.00
689655172413793.00	143.00
689655172413793.00	127.00
689655172413793.00	132.00
689655172413793.00	70.00
688073394495412.75	70.00
688073394495412.75	96.00
688073394495412.75	180.00
688073394495412.75	0.00
688073394495412.75	77.00
686498855835240.25	101.00
686498855835240.25	2.00
686498855835240.25	105.00
686498855835240.25	71.00
684931506849315.12	85.00
684931506849315.12	74.00
684931506849315.12	70.00
684931506849315.12	114.00
684931506849315.12	112.00
683371298405466.87	50.00
683371298405466.87	84.00
683371298405466.87	115.00
683371298405466.87	30.00
683371298405466.87	48.00
681818181818181.75	59.00
681818181818181.75	13.00
681818181818181.75	57.00
681818181818181.75	78.00
681818181818181.75	155.00
680272108843537.25	48.00
680272108843537.25	77.00
680272108843537.25	100.00
680272108843537.25	111.00
680272108843537.25	29.00
678733031674208.12	73.00
678733031674208.12	51.00
678733031674208.12	101.00
678733031674208.12	75.00
677200902934537.12	143.00
677200902934537.12	126.00
677200902934537.12	144.00
677200902934537.12	86.00
677200902934537.12	56.00
675675675675675.75	34.00
675675675675675.75	109.00
675675675675675.75	7.00
675675675675675.75	112.00
675675675675675.75	170.00
674157303370786.37	54.00
674157303370786.37	61.00
674157303370786.37	137.00
674157303370786.37	4.00
674157303370786.37	106.00
672645739910313.87	132.00
672645739910313.87	141.00
672645739910313.87	46.00
672645739910313.87	51.00
671140939597315.37	128.00
671140939597315.37	86.00
671140939597315.37	75.00
671140939597315.37	17.00
671140939597315.37	111.00
669642857142857.00	0.00
669642857142857.00	16.00
669642857142857.00	139.00
669642857142857.00	167.00
669642857142857.00	56.00
668151447661470.00	95.00
668151447661470.00	78.00
668151447661470.00	71.00
668151447661470.00	87.00
668151447661470.00	87.00
666666666666666.62	119.00
666666666666666.62	8.00
666666666666666.62	58.00
666666666666666.62	79.00
666666666666666.62	165.00
665188470066518.87	143.00
665188470066518.87	72.00
665188470066518.87	20.00
665188470066518.87	62.00
663716814159292.00	117.00
663716814159292.00	57.00
663716814159292.00	110.00
663716814159292.00	71.00
663716814159292.00	90.00
662251655629139.12	95.00
662251655629139.12	102.00
662251655629139.12	68.00
662251655629139.12	70.00
662251655629139.12	28.00
660792951541850.25	-35.00
660792951541850.25	89.00
660792951541850.25	115.00
660792951541850.25	11.00
660792951541850.25	41.00
659340659340659.25	32.00
659340659340659.25	53.00
659340659340659.25	86.00
659340659340659.25	146.00
659340659340659.25	70.00
657894736842105.25	83.00
657894736842105.25	93.00
657894736842105.25	74.00
657894736842105.25	55.00
657894736842105.25	152.00
656455142231947.50	100.00
656455142231947.50	-4.00
656455142231947.50	136.00
656455142231947.50	114.00
655021834061135.37	26.00
655021834061135.37	109.00
655021834061135.37	109.00
655021834061135.37	31.00
655021834061135.37	97.00
653594771241830.12	121.00
653594771241830.12	35.00
653594771241830.12	72.00
653594771241830.12	147.00
653594771241830.12	57.00
652173913043478.25	140.00
652173913043478.25	7.00
652173913043478.25	80.00
652173913043478.25	33.00
652173913043478.25	65.00
650759219088937.12	87.00
650759219088937.12	48.00
650759219088937.12	34.00
650759219088937.12	117.00
650759219088937.12	49.00
649350649350649.25	115.00
649350649350649.25	8.00
649350649350649.25	87.00
649350649350649.25	129.00
647948164146868.25	138.00
647948164146868.25	14.00
647948164146868.25	104.00
647948164146868.25	23.00
647948164146868.25	69.00
646551724137931.00	90.00
646551724137931.00	58.00
646551724137931.00	29.00
646551724137931.00	129.00
646551724137931.00	80.00
645161290322580.62	7.00
645161290322580.62	88.00
645161290322580.62	47.00
645161290322580.62	71.00
645161290322580.62	89.00
643776824034334.75	63.00
643776824034334.75	19.00
643776824034334.75	32.00
643776824034334.75	85.00
643776824034334.75	142.00
642398286937901.50	55.00
642398286937901.50	104.00
642398286937901.50	99.00
642398286937901.50	-11.00
641025641025641.00	65.00
641025641025641.00	23.00
641025641025641.00	19.00
641025641025641.00	34.00
641025641025641.00	43.00
639658848614072.50	39.00
639658848614072.50	84.00
639658848614072.50	120.00
639658848614072.50	46.00
639658848614072.50	87.00
638297872340425.50	57.00
638297872340425.50	84.00
638297872340425.50	52.00
638297872340425.50	81.00
638297872340425.50	137.00
636942675159235.62	91.00
636942675159235.62	26.00
636942675159235.62	67.00
636942675159235.62	95.00
636942675159235.62	167.00
635593220338983.00	57.00
635593220338983.00	26.00
635593220338983.00	85.00
635593220338983.00	20.00
635593220338983.00	66.00
634249471458773.87	107.00
634249471458773.87	21.00
634249471458773.87	52.00
634249471458773.87	62.00
632911392405063.25	54.00
632911392405063.25	-4.00
632911392405063.25	69.00
632911392405063.25	116.00
632911392405063.25	33.00
631578947368421.00	75.00
631578947368421.00	85.00
631578947368421.00	133.00
631578947368421.00	128.00
631578947368421.00	141.00
630252100840336.12	52.00
630252100840336.12	77.00
630252100840336.12	83.00
630252100840336.12	17.00
630252100840336.12	23.00
628930817610062.87	98.00
628930817610062.87	81.00
628930817610062.87	74.00
628930817610062.87	67.00
628930817610062.87	109.00
627615062761506.25	36.00
627615062761506.25	61.00
627615062761506.25	116.00
627615062761506.25	124.00
627615062761506.25	88.00
626304801670146.12	81.00
626304801670146.12	124.00
626304801670146.12	57.00
626304801670146.12	114.00
624999999999999.87	77.00
624999999999999.87	92.00
624999999999999.87	107.00
624999999999999.87	85.00
624999999999999.87	59.00
623700623700623.62	77.00
623700623700623.62	89.00
623700623700623.62	12.00
623700623700623.62	118.00
623700623700623.62	97.00
622406639004149.37	65.00
622406639004149.37	11.00
622406639004149.37	96.00
622406639004149.37	97.00
622406639004149.37	52.00
621118012422360.12	178.00
621118012422360.12	129.00
621118012422360.12	109.00
621118012422360.12	99.00
621118012422360.12	40.00
619834710743801.62	81.00
619834710743801.62	84.00
619834710743801.62	81.00
619834710743801.62	85.00
619834710743801.62	106.00
618556701030927.75	103.00
618556701030927.75	132.00
618556701030927.75	44.00
618556701030927.75	123.00
618556701030927.75	102.00
617283950617284.00	114.00
617283950617284.00	46.00
617283950617284.00	95.00
617283950617284.00	67.00
616016427104722.62	49.00
616016427104722.62	46.00
616016427104722.62	70.00
616016427104722.62	52.00
616016427104722.62	49.00
614754098360655.75	100.00
614754098360655.75	122.00
614754098360655.75	107.00
614754098360655.75	159.00
614754098360655.75	26.00
613496932515337.50	59.00
613496932515337.50	35.00
613496932515337.50	63.00
613496932515337.50	77.00
613496932515337.50	62.00
612244897959183.50	6.00
612244897959183.50	121.00
612244897959183.50	46.00
612244897959183.50	78.00
612244897959183.50	88.00
610997963340122.12	39.00
610997963340122.12	78.00
610997963340122.12	77.00
610997963340122.12	92.00
610997963340122.12	123.00
609756097560975.62	91.00
609756097560975.62	113.00
609756097560975.62	54.00
609756097560975.62	63.00
609756097560975.62	56.00
608519269776876.37	109.00
608519269776876.37	93.00
608519269776876.37	61.00
608519269776876.37	73.00
607287449392712.50	81.00
607287449392712.50	49.00
607287449392712.50	132.00
607287449392712.50	94.00
607287449392712.50	97.00
606060606060606.00	96.00
606060606060606.00	59.00
606060606060606.00	116.00
606060606060606.00	123.00
606060606060606.00	151.00
604838709677419.37	102.00
604838709677419.37	94.00
604838709677419.37	36.00
604838709677419.37	99.00
604838709677419.37	159.00
603621730382293.62	73.00
603621730382293.62	120.00
603621730382293.62	34.00
603621730382293.62	69.00
603621730382293.62	55.00
602409638554216.87	132.00
602409638554216.87	85.00
602409638554216.87	124.00
602409638554216.87	57.00
602409638554216.87	109.00
601202404809619.25	69.00
601202404809619.25	10.00
601202404809619.25	80.00
601202404809619.25	77.00
601202404809619.25	88.00
599999999999999.87	61.00
599999999999999.87	88.00
599999999999999.87	108.00
599999999999999.87	84.00
598802395209580.75	119.00
598802395209580.75	68.00
598802395209580.75	76.00
598802395209580.75	120.00
598802395209580.75	132.00
597609561752988.00	140.00
597609561752988.00	94.00
597609561752988.00	97.00
597609561752988.00	98.00
597609561752988.00	82.00
596421471172962.25	98.00
596421471172962.25	117.00
596421471172962.25	93.00
596421471172962.25	111.00
596421471172962.25	79.00
595238095238095.12	36.00
595238095238095.12	101.00
595238095238095.12	-23.00
595238095238095.12	64.00
595238095238095.12	139.00
594059405940594.00	55.00
594059405940594.00	99.00
594059405940594.00	56.00
594059405940594.00	175.00
594059405940594.00	51.00
592885375494071.12	73.00
592885375494071.12	82.00
592885375494071.12	43.00
592885375494071.12	78.00
592885375494071.12	105.00
591715976331360.87	12.00
591715976331360.87	90.00
591715976331360.87	49.00
591715976331360.87	100.00
591715976331360.87	68.00
590551181102362.12	27.00
590551181102362.12	96.00
590551181102362.12	28.00
590551181102362.12	150.00
589390962671905.62	13.00
589390962671905.62	90.00
589390962671905.62	87.00
589390962671905.62	83.00
589390962671905.62	98.00
588235294117647.12	62.00
588235294117647.12	61.00
588235294117647.12	87.00
588235294117647.12	70.00
588235294117647.12	62.00
587084148727984.25	95.00
587084148727984.25	91.00
587084148727984.25	121.00
587084148727984.25	98.00
587084148727984.25	7.00
585937499999999.87	53.00
585937499999999.87	162.00
585937499999999.87	27.00
585937499999999.87	85.00
585937499999999.87	64.00
584795321637426.87	75.00
584795321637426.87	118.00
584795321637426.87	107.00
584795321637426.87	128.00
584795321637426.87	94.00
583657587548638.00	66.00
583657587548638.00	31.00
583657587548638.00	98.00
583657587548638.00	128.00
583657587548638.00	155.00
582524271844660.12	72.00
582524271844660.12	84.00
582524271844660.12	79.00
582524271844660.12	55.00
582524271844660.12	78.00
581395348837209.25	103.00
581395348837209.25	83.00
581395348837209.25	160.00
581395348837209.25	99.00
581395348837209.25	120.00
580270793036750.50	54.00
580270793036750.50	115.00
580270793036750.50	59.00
580270793036750.50	98.00
579150579150579.00	152.00
579150579150579.00	60.00
579150579150579.00	160.00
579150579150579.00	85.00
579150579150579.00	53.00
578034682080924.75	104.00
578034682080924.75	82.00
578034682080924.75	8.00
578034682080924.75	66.00
578034682080924.75	50.00
576923076923076.87	49.00
576923076923076.87	141.00
576923076923076.87	61.00
576923076923076.87	107.00
576923076923076.87	90.00
575815738963531.62	142.00
575815738963531.62	84.00
575815738963531.62	45.00
575815738963531.62	85.00
575815738963531.62	155.00
574712643678160.87	121.00
574712643678160.87	93.00
574712643678160.87	60.00
574712643678160.87	84.00
574712643678160.87	52.00
573613766730401.50	169.00
573613766730401.50	91.00
573613766730401.50	50.00
573613766730401.50	39.00
573613766730401.50	125.00
572519083969465.62	93.00
572519083969465.62	60.00
572519083969465.62	99.00
572519083969465.62	59.00
572519083969465.62	114.00
571428571428571.37	127.00
571428571428571.37	76.00
571428571428571.37	86.00
571428571428571.37	170.00
571428571428571.37	113.00
570342205323193.87	153.00
570342205323193.87	124.00
570342205323193.87	47.00
570342205323193.87	69.00
570342205323193.87	59.00
569259962049335.87	58.00
569259962049335.87	117.00
569259962049335.87	86.00
569259962049335.87	98.00
568181818181818.12	126.00
568181818181818.12	130.00
568181818181818.12	83.00
568181818181818.12	87.00
568181818181818.12	122.00
567107750472589.75	57.00
567107750472589.75	81.00
567107750472589.75	169.00
567107750472589.75	94.00
567107750472589.75	119.00
566037735849056.62	111.00
566037735849056.62	100.00
566037735849056.62	75.00
566037735849056.62	6.00
566037735849056.62	117.00
564971751412429.25	34.00
564971751412429.25	112.00
564971751412429.25	140.00
564971751412429.25	20.00
564971751412429.25	132.00
563909774436090.12	90.00
563909774436090.12	167.00
563909774436090.12	96.00
563909774436090.12	132.00
563909774436090.12	115.00
562851782363977.44	114.00
562851782363977.44	126.00
562851782363977.44	108.00
562851782363977.44	154.00
562851782363977.44	139.00
561797752808988.75	155.00
561797752808988.75	154.00
561797752808988.75	121.00
561797752808988.75	165.00
561797752808988.75	77.00
560747663551401.75	39.00
560747663551401.75	79.00
560747663551401.75	92.00
560747663551401.75	114.00
560747663551401.75	148.00
559701492537313.44	151.00
559701492537313.44	101.00
559701492537313.44	-6.00
559701492537313.44	28.00
559701492537313.44	117.00
558659217877094.94	40.00
558659217877094.94	116.00
558659217877094.94	36.00
558659217877094.94	150.00
558659217877094.94	114.00
557620817843866.12	165.00
557620817843866.12	200.00
557620817843866.12	54.00
557620817843866.12	136.00
557620817843866.12	50.00
556586270871985.12	135.00
556586270871985.12	174.00
556586270871985.12	80.00
556586270871985.12	182.00
556586270871985.12	98.00
555555555555555.50	24.00
555555555555555.50	102.00
555555555555555.50	187.00
555555555555555.50	130.00
554528650646950.12	112.00
554528650646950.12	113.00
554528650646950.12	154.00
554528650646950.12	120.00
554528650646950.12	173.00
553505535055350.50	98.00
553505535055350.50	125.00
553505535055350.50	78.00
553505535055350.50	103.00
553505535055350.50	71.00
552486187845303.81	160.00
552486187845303.81	66.00
552486187845303.81	78.00
552486187845303.81	141.00
552486187845303.81	90.00
551470588235294.12	88.00
551470588235294.12	124.00
551470588235294.12	82.00
551470588235294.12	33.00
551470588235294.12	185.00
550458715596330.19	137.00
550458715596330.19	84.00
550458715596330.19	120.00
550458715596330.19	150.00
550458715596330.19	145.00
549450549450549.37	159.00
549450549450549.37	163.00
549450549450549.37	124.00
549450549450549.37	133.00
549450549450549.37	98.00
548446069469835.50	112.00
548446069469835.50	154.00
548446069469835.50	121.00
548446069469835.50	94.00
548446069469835.50	113.00
547445255474452.56	132.00
547445255474452.56	44.00
547445255474452.56	115.00
547445255474452.56	161.00
547445255474452.56	91.00
546448087431693.94	48.00
546448087431693.94	157.00
546448087431693.94	115.00
546448087431693.94	100.00
546448087431693.94	128.00
545454545454545.44	182.00
545454545454545.44	86.00
545454545454545.44	129.00
545454545454545.44	147.00
545454545454545.44	166.00
544464609800363.00	163.00
544464609800363.00	120.00
544464609800363.00	97.00
544464609800363.00	89.00
544464609800363.00	141.00
543478260869565.19	185.00
543478260869565.19	112.00
543478260869565.19	142.00
543478260869565.19	182.00
543478260869565.19	135.00
542495479204339.94	173.00
542495479204339.94	111.00
542495479204339.94	77.00
542495479204339.94	124.00
542495479204339.94	100.00
541516245487364.62	162.00
541516245487364.62	155.00
541516245487364.62	202.00
541516245487364.62	125.00
541516245487364.62	89.00
540540540540540.44	104.00
540540540540540.44	186.00
540540540540540.44	59.00
540540540540540.44	117.00
540540540540540.44	146.00
539568345323740.94	164.00
539568345323740.94	190.00
539568345323740.94	161.00
539568345323740.94	91.00
539568345323740.94	167.00
538599640933572.69	220.00
538599640933572.69	163.00
538599640933572.69	127.00
538599640933572.69	119.00
537634408602150.56	197.00
537634408602150.56	138.00
537634408602150.56	132.00
537634408602150.56	88.00
537634408602150.56	195.00
536672629695885.44	63.00
536672629695885.44	185.00
536672629695885.44	120.00
536672629695885.44	128.00
536672629695885.44	120.00
535714285714285.69	164.00
535714285714285.69	109.00
535714285714285.69	208.00
535714285714285.69	157.00
535714285714285.69	197.00
534759358288770.06	124.00
534759358288770.06	177.00
534759358288770.06	254.00
534759358288770.06	192.00
534759358288770.06	117.00
533807829181494.56	135.00
533807829181494.56	116.00
533807829181494.56	261.00
533807829181494.56	196.00
533807829181494.56	215.00
532859680284191.81	180.00
532859680284191.81	119.00
532859680284191.81	229.00
532859680284191.81	158.00
532859680284191.81	178.00
531914893617021.25	246.00
531914893617021.25	179.00
531914893617021.25	149.00
531914893617021.25	162.00
531914893617021.25	147.00
530973451327433.62	155.00
530973451327433.62	156.00
530973451327433.62	166.00
530973451327433.62	167.00
530973451327433.62	162.00
530035335689045.87	150.00
530035335689045.87	208.00
530035335689045.87	171.00
530035335689045.87	135.00
530035335689045.87	202.00
529100529100529.06	127.00
529100529100529.06	200.00
529100529100529.06	170.00
529100529100529.06	187.00
529100529100529.06	178.00
528169014084507.00	158.00
528169014084507.00	169.00
528169014084507.00	226.00
528169014084507.00	183.00
528169014084507.00	193.00
527240773286467.44	200.00
527240773286467.44	229.00
527240773286467.44	269.00
527240773286467.44	258.00
527240773286467.44	203.00
526315789473684.12	158.00
526315789473684.12	194.00
526315789473684.12	204.00
526315789473684.12	176.00
526315789473684.12	198.00
525394045534150.62	216.00
525394045534150.62	219.00
525394045534150.62	194.00
525394045534150.62	229.00
525394045534150.62	159.00
524475524475524.50	154.00
524475524475524.50	199.00
524475524475524.50	216.00
524475524475524.50	279.00
524475524475524.50	242.00
523560209424083.69	171.00
523560209424083.69	194.00
523560209424083.69	199.00
523560209424083.69	162.00
523560209424083.69	177.00
522648083623693.37	229.00
522648083623693.37	208.00
522648083623693.37	208.00
522648083623693.37	223.00
522648083623693.37	240.00
521739130434782.56	149.00
521739130434782.56	216.00
521739130434782.56	236.00
521739130434782.56	265.00
521739130434782.56	171.00
520833333333333.25	188.00
520833333333333.25	223.00
520833333333333.25	207.00
520833333333333.25	256.00
520833333333333.25	199.00
519930675909878.62	281.00
519930675909878.62	197.00
519930675909878.62	133.00
519930675909878.62	250.00
519930675909878.62	244.00
519031141868512.12	257.00
519031141868512.12	201.00
519031141868512.12	266.00
519031141868512.12	250.00
519031141868512.12	294.00
518134715025906.75	248.00
518134715025906.75	301.00
518134715025906.75	303.00
518134715025906.75	244.00
518134715025906.75	261.00
517241379310344.75	233.00
517241379310344.75	283.00
517241379310344.75	327.00
517241379310344.75	314.00
517241379310344.75	230.00
516351118760757.31	174.00
516351118760757.31	335.00
516351118760757.31	196.00
516351118760757.31	281.00
516351118760757.31	269.00
515463917525773.19	254.00
515463917525773.19	209.00
515463917525773.19	212.00
515463917525773.19	212.00
515463917525773.19	185.00
514579759862778.69	256.00
514579759862778.69	331.00
514579759862778.69	274.00
514579759862778.69	280.00
514579759862778.69	308.00
513698630136986.25	260.00
513698630136986.25	316.00
513698630136986.25	244.00
513698630136986.25	277.00
513698630136986.25	339.00
512820512820512.75	275.00
512820512820512.75	281.00
512820512820512.75	265.00
512820512820512.75	318.00
512820512820512.75	266.00
511945392491467.50	318.00
511945392491467.50	290.00
511945392491467.50	269.00
511945392491467.50	323.00
511945392491467.50	241.00
511073253833049.37	327.00
511073253833049.37	297.00
511073253833049.37	280.00
511073253833049.37	310.00
511073253833049.37	311.00
510204081632653.06	247.00
510204081632653.06	314.00
510204081632653.06	279.00
510204081632653.06	304.00
510204081632653.06	357.00
509337860780984.75	276.00
509337860780984.75	281.00
509337860780984.75	286.00
509337860780984.75	380.00
509337860780984.75	354.00
508474576271186.37	334.00
508474576271186.37	308.00
508474576271186.37	315.00
508474576271186.37	300.00
508474576271186.37	401.00
507614213197969.50	384.00
507614213197969.50	322.00
507614213197969.50	286.00
507614213197969.50	295.00
507614213197969.50	295.00
506756756756756.75	375.00
506756756756756.75	387.00
506756756756756.75	317.00
506756756756756.75	433.00
506756756756756.75	294.00
505902192242833.00	287.00
505902192242833.00	392.00
505902192242833.00	441.00
505902192242833.00	349.00
505902192242833.00	327.00
505050505050505.00	404.00
505050505050505.00	375.00
505050505050505.00	306.00
505050505050505.00	339.00
505050505050505.00	326.00
504201680672268.94	361.00
504201680672268.94	374.00
504201680672268.94	362.00
504201680672268.94	331.00
504201680672268.94	374.00
503355704697986.56	299.00
503355704697986.56	411.00
503355704697986.56	347.00
503355704697986.56	426.00
503355704697986.56	360.00
502512562814070.31	413.00
502512562814070.31	384.00
502512562814070.31	383.00
502512562814070.31	379.00
502512562814070.31	424.00
501672240802675.56	320.00
501672240802675.56	379.00
501672240802675.56	479.00
501672240802675.56	348.00
501672240802675.56	385.00
500834724540901.50	347.00
500834724540901.50	429.00
500834724540901.50	353.00
500834724540901.50	479.00
500834724540901.50	373.00
499999999999999.94	405.00
499999999999999.94	364.00
499999999999999.94	368.00
499999999999999.94	422.00
499999999999999.94	454.00
499168053244592.31	310.00
499168053244592.31	458.00
499168053244592.31	494.00
499168053244592.31	474.00
499168053244592.31	426.00
498338870431893.69	413.00
498338870431893.69	460.00
498338870431893.69	474.00
498338870431893.69	388.00
498338870431893.69	427.00
497512437810945.31	412.00
497512437810945.31	440.00
497512437810945.31	400.00
497512437810945.31	492.00
497512437810945.31	427.00
496688741721854.25	447.00
496688741721854.25	456.00
496688741721854.25	497.00
496688741721854.25	438.00
496688741721854.25	478.00
495867768595041.31	500.00
495867768595041.31	476.00
495867768595041.31	497.00
495867768595041.31	389.00
495867768595041.31	586.00
495049504950495.06	444.00
495049504950495.06	474.00
495049504950495.06	498.00
495049504950495.06	444.00
495049504950495.06	477.00
494233937397034.50	497.00
494233937397034.50	444.00
494233937397034.50	457.00
494233937397034.50	408.00
494233937397034.50	565.00
493421052631578.94	454.00
493421052631578.94	493.00
493421052631578.94	497.00
493421052631578.94	435.00
493421052631578.94	541.00
493421052631578.94	494.00
492610837438423.62	491.00
492610837438423.62	477.00
492610837438423.62	548.00
492610837438423.62	500.00
492610837438423.62	545.00
491803278688524.50	563.00
491803278688524.50	523.00
491803278688524.50	519.00
491803278688524.50	499.00
491803278688524.50	482.00
490998363338788.81	557.00
490998363338788.81	559.00
490998363338788.81	543.00
490998363338788.81	508.00
490998363338788.81	557.00
490196078431372.50	526.00
490196078431372.50	542.00
490196078431372.50	647.00
490196078431372.50	538.00
490196078431372.50	563.00
489396411092985.31	544.00
489396411092985.31	574.00
489396411092985.31	565.00
489396411092985.31	575.00
489396411092985.31	600.00
488599348534201.87	495.00
488599348534201.87	551.00
488599348534201.87	632.00
488599348534201.87	555.00
488599348534201.87	614.00
487804878048780.44	612.00
487804878048780.44	550.00
487804878048780.44	489.00
487804878048780.44	553.00
487804878048780.44	617.00
487012987012987.00	583.00
487012987012987.00	627.00
487012987012987.00	557.00
487012987012987.00	615.00
487012987012987.00	531.00
486223662884927.00	558.00
486223662884927.00	585.00
486223662884927.00	538.00
486223662884927.00	594.00
486223662884927.00	586.00
485436893203883.50	589.00
485436893203883.50	641.00
485436893203883.50	573.00
485436893203883.50	581.00
485436893203883.50	596.00
484652665589660.75	606.00
484652665589660.75	620.00
484652665589660.75	620.00
484652665589660.75	564.00
484652665589660.75	647.00
483870967741935.50	585.00
483870967741935.50	616.00
483870967741935.50	631.00
483870967741935.50	585.00
483870967741935.50	573.00
483091787439613.44	579.00
483091787439613.44	573.00
483091787439613.44	648.00
483091787439613.44	632.00
483091787439613.44	609.00
482315112540192.94	622.00
482315112540192.94	540.00
482315112540192.94	689.00
482315112540192.94	682.00
482315112540192.94	651.00
481540930979133.19	608.00
481540930979133.19	675.00
481540930979133.19	576.00
481540930979133.19	675.00
481540930979133.19	693.00
480769230769230.69	672.00
480769230769230.69	686.00
480769230769230.69	698.00
480769230769230.69	574.00
480769230769230.69	600.00
479999999999999.94	641.00
479999999999999.94	653.00
479999999999999.94	563.00
479999999999999.94	674.00
479999999999999.94	728.00
479999999999999.94	609.00
479233226837060.69	607.00
479233226837060.69	684.00
479233226837060.69	645.00
479233226837060.69	692.00
479233226837060.69	690.00
478468899521531.12	651.00
478468899521531.12	671.00
478468899521531.12	712.00
478468899521531.12	677.00
478468899521531.12	689.00
477707006369426.69	668.00
477707006369426.69	767.00
477707006369426.69	715.00
477707006369426.69	649.00
477707006369426.69	690.00
476947535771065.19	741.00
476947535771065.19	662.00
476947535771065.19	713.00
476947535771065.19	677.00
476947535771065.19	703.00
476190476190476.19	639.00
476190476190476.19	680.00
476190476190476.19	703.00
476190476190476.19	639.00
476190476190476.19	741.00
475435816164817.69	732.00
475435816164817.69	671.00
475435816164817.69	723.00
475435816164817.69	674.00
475435816164817.69	669.00
474683544303797.44	700.00
474683544303797.44	767.00
474683544303797.44	716.00
474683544303797.44	733.00
474683544303797.44	692.00
473933649289099.56	734.00
473933649289099.56	722.00
473933649289099.56	824.00
473933649289099.56	748.00
473933649289099.56	743.00
473186119873816.94	761.00
473186119873816.94	806.00
473186119873816.94	685.00
473186119873816.94	769.00
473186119873816.94	716.00
472440944881889.75	771.00
472440944881889.75	622.00
472440944881889.75	738.00
472440944881889.75	755.00
472440944881889.75	765.00
471698113207547.12	753.00
471698113207547.12	732.00
471698113207547.12	672.00
471698113207547.12	807.00
471698113207547.12	719.00
470957613814756.69	742.00
470957613814756.69	758.00
470957613814756.69	688.00
470957613814756.69	758.00
470957613814756.69	702.00
470957613814756.69	762.00
470219435736677.00	731.00
470219435736677.00	783.00
470219435736677.00	804.00
470219435736677.00	768.00
470219435736677.00	884.00
469483568075117.31	734.00
469483568075117.31	886.00
469483568075117.31	843.00
469483568075117.31	798.00
469483568075117.31	809.00
468750000000000.00	767.00
468750000000000.00	759.00
468750000000000.00	870.00
468750000000000.00	804.00
468750000000000.00	813.00
468018720748829.94	764.00
468018720748829.94	802.00
468018720748829.94	790.00
468018720748829.94	901.00
468018720748829.94	831.00
467289719626168.19	823.00
467289719626168.19	816.00
467289719626168.19	822.00
467289719626168.19	829.00
467289719626168.19	871.00
466562986003110.37	827.00
466562986003110.37	886.00
466562986003110.37	776.00
466562986003110.37	840.00
466562986003110.37	784.00
465838509316770.25	824.00
465838509316770.25	887.00
465838509316770.25	847.00
465838509316770.25	832.00
465838509316770.25	840.00
465116279069767.37	816.00
465116279069767.37	856.00
465116279069767.37	832.00
465116279069767.37	838.00
465116279069767.37	817.00
464396284829721.37	844.00
464396284829721.37	877.00
464396284829721.37	918.00
464396284829721.37	778.00
464396284829721.37	822.00
464396284829721.37	795.00
463678516228748.06	876.00
463678516228748.06	836.00
463678516228748.06	883.00
463678516228748.06	898.00
463678516228748.06	917.00
462962962962962.87	870.00
462962962962962.87	925.00
462962962962962.87	905.00
462962962962962.87	891.00
462962962962962.87	917.00
462249614791987.62	894.00
462249614791987.62	922.00
462249614791987.62	857.00
462249614791987.62	906.00
462249614791987.62	898.00
461538461538461.56	973.00
461538461538461.56	897.00
461538461538461.56	904.00
461538461538461.56	854.00
461538461538461.56	908.00
460829493087557.56	862.00
460829493087557.56	944.00
460829493087557.56	909.00
460829493087557.56	910.00
460829493087557.56	854.00
460122699386503.00	1010.00
460122699386503.00	878.00
460122699386503.00	892.00
460122699386503.00	901.00
460122699386503.00	842.00
459418070444104.12	958.00
459418070444104.12	958.00
459418070444104.12	1017.00
459418070444104.12	948.00
459418070444104.12	970.00
458715596330275.25	900.00
458715596330275.25	909.00
458715596330275.25	915.00
458715596330275.25	886.00
458715596330275.25	956.00
458715596330275.25	981.00
458015267175572.44	940.00
458015267175572.44	969.00
458015267175572.44	1012.00
458015267175572.44	909.00
458015267175572.44	968.00
457317073170731.69	931.00
457317073170731.69	942.00
457317073170731.69	944.00
457317073170731.69	956.00
457317073170731.69	957.00
456621004566210.00	1040.00
456621004566210.00	952.00
456621004566210.00	909.00
456621004566210.00	991.00
456621004566210.00	949.00
455927051671732.50	1028.00
455927051671732.50	1001.00
455927051671732.50	941.00
455927051671732.50	952.00
455927051671732.50	963.00
455235204855842.19	950.00
455235204855842.19	1028.00
455235204855842.19	986.00
455235204855842.19	1021.00
455235204855842.19	1033.00
454545454545454.56	1078.00
454545454545454.56	1099.00
454545454545454.56	906.00
454545454545454.56	934.00
454545454545454.56	1033.00
453857791225416.00	943.00
453857791225416.00	1071.00
453857791225416.00	920.00
453857791225416.00	938.00
453857791225416.00	994.00
453172205438066.37	968.00
453172205438066.37	1010.00
453172205438066.37	1050.00
453172205438066.37	982.00
453172205438066.37	1003.00
453172205438066.37	1109.00
452488687782805.44	1062.00
452488687782805.44	1022.00
452488687782805.44	1024.00
452488687782805.44	1011.00
452488687782805.44	989.00
451807228915662.62	1048.00
451807228915662.62	996.00
451807228915662.62	1025.00
451807228915662.62	1026.00
451807228915662.62	957.00
451127819548872.12	1022.00
451127819548872.12	955.00
451127819548872.12	952.00
451127819548872.12	1038.00
451127819548872.12	1042.00
450450450450450.37	1040.00
450450450450450.37	1092.00
450450450450450.37	1057.00
450450450450450.37	1020.00
450450450450450.37	1014.00
449775112443778.12	1059.00
449775112443778.12	1077.00
449775112443778.12	1024.00
449775112443778.12	995.00
449775112443778.12	1082.00
449101796407185.62	1109.00
449101796407185.62	1043.00
449101796407185.62	937.00
449101796407185.62	996.00
449101796407185.62	1021.00
449101796407185.62	1028.00
448430493273542.50	952.00
448430493273542.50	1065.00
448430493273542.50	1018.00
448430493273542.50	1093.00
448430493273542.50	1051.00
447761194029850.75	1063.00
447761194029850.75	1029.00
447761194029850.75	1025.00
447761194029850.75	1117.00
447761194029850.75	1072.00
447093889716840.56	1080.00
447093889716840.56	1018.00
447093889716840.56	1083.00
447093889716840.56	1049.00
447093889716840.56	1079.00
446428571428571.37	1127.00
446428571428571.37	1069.00
446428571428571.37	992.00
446428571428571.37	1065.00
446428571428571.37	1154.00
445765230312035.62	1012.00
445765230312035.62	1059.00
445765230312035.62	1090.00
445765230312035.62	1026.00
445765230312035.62	1076.00
445103857566765.56	1100.00
445103857566765.56	1158.00
445103857566765.56	1103.00
445103857566765.56	1039.00
445103857566765.56	1155.00
445103857566765.56	1144.00
444444444444444.50	1037.00
444444444444444.50	1157.00
444444444444444.50	1007.00
444444444444444.50	1044.00
444444444444444.50	1091.00
443786982248520.69	1014.00
443786982248520.69	1063.00
443786982248520.69	1127.00
443786982248520.69	1027.00
443786982248520.69	1032.00
443131462333825.69	1142.00
443131462333825.69	1048.00
443131462333825.69	1161.00
443131462333825.69	1131.00
443131462333825.69	1124.00
442477876106194.69	1104.00
442477876106194.69	1101.00
442477876106194.69	1122.00
442477876106194.69	1084.00
442477876106194.69	1019.00
441826215022091.31	1082.00
441826215022091.31	1118.00
441826215022091.31	1063.00
441826215022091.31	1169.00
441826215022091.31	1199.00
441176470588235.25	1124.00
441176470588235.25	1157.00
441176470588235.25	1195.00
441176470588235.25	1120.00
441176470588235.25	1138.00
441176470588235.25	1136.00
440528634361233.50	1053.00
440528634361233.50	1145.00
440528634361233.50	1109.00
440528634361233.50	1107.00
440528634361233.50	1121.00
439882697947214.12	1107.00
439882697947214.12	1085.00
439882697947214.12	1187.00
439882697947214.12	1189.00
439882697947214.12	1085.00
439238653001464.06	1133.00
439238653001464.06	1166.00
439238653001464.06	1143.00
439238653001464.06	1197.00
439238653001464.06	1181.00
438596491228070.19	1194.00
438596491228070.19	1216.00
438596491228070.19	1191.00
438596491228070.19	1164.00
438596491228070.19	1135.00
437956204379562.00	1176.00
437956204379562.00	1181.00
437956204379562.00	1177.00
437956204379562.00	1162.00
437956204379562.00	1241.00
437317784256559.69	1207.00
437317784256559.69	1201.00
437317784256559.69	1239.00
437317784256559.69	1226.00
437317784256559.69	1252.00
437317784256559.69	1209.00
436681222707423.50	1164.00
436681222707423.50	1242.00
436681222707423.50	1221.00
436681222707423.50	1212.00
436681222707423.50	1267.00
436046511627907.00	1172.00
436046511627907.00	1202.00
436046511627907.00	1158.00
436046511627907.00	1099.00
436046511627907.00	1148.00
435413642960812.75	1174.00
435413642960812.75	1220.00
435413642960812.75	1216.00
435413642960812.75	1148.00
435413642960812.75	1208.00
434782608695652.12	1198.00
434782608695652.12	1218.00
434782608695652.12	1274.00
434782608695652.12	1151.00
434782608695652.12	1198.00
434153400868306.75	1208.00
434153400868306.75	1218.00
434153400868306.75	1152.00
434153400868306.75	1168.00
434153400868306.75	1170.00
434153400868306.75	1192.00
433526011560693.69	1227.00
433526011560693.69	1219.00
433526011560693.69	1233.00
433526011560693.69	1182.00
433526011560693.69	1174.00
432900432900432.87	1190.00
432900432900432.87	1164.00
432900432900432.87	1257.00
432900432900432.87	1213.00
432900432900432.87	1191.00
432276657060518.75	1216.00
432276657060518.75	1335.00
432276657060518.75	1216.00
432276657060518.75	1262.00
432276657060518.75	1242.00
431654676258992.81	1301.00
431654676258992.81	1225.00
431654676258992.81	1281.00
431654676258992.81	1271.00
431654676258992.81	1265.00
431654676258992.81	1235.00
431034482758620.62	1320.00
431034482758620.62	1296.00
431034482758620.62	1290.00
431034482758620.62	1359.00
431034482758620.62	1350.00
430416068866571.00	1313.00
430416068866571.00	1177.00
430416068866571.00	1301.00
430416068866571.00	1322.00
430416068866571.00	1434.00
429799426934097.37	1277.00
429799426934097.37	1380.00
429799426934097.37	1358.00
429799426934097.37	1293.00
429799426934097.37	1312.00
429184549356223.19	1355.00
429184549356223.19	1320.00
429184549356223.19	1383.00
429184549356223.19	1365.00
429184549356223.19	1363.00
428571428571428.50	1264.00
428571428571428.50	1271.00
428571428571428.50	1347.00
428571428571428.50	1312.00
428571428571428.50	1367.00
428571428571428.50	1319.00
427960057061340.87	1337.00
427960057061340.87	1342.00
427960057061340.87	1376.00
427960057061340.87	1348.00
427960057061340.87	1393.00
427350427350427.31	1338.00
427350427350427.31	1299.00
427350427350427.31	1343.00
427350427350427.31	1349.00
427350427350427.31	1385.00
426742532005689.87	1393.00
426742532005689.87	1428.00
426742532005689.87	1371.00
426742532005689.87	1410.00
426742532005689.87	1328.00
426136363636363.62	1402.00
426136363636363.62	1468.00
426136363636363.62	1397.00
426136363636363.62	1375.00
426136363636363.62	1419.00
426136363636363.62	1400.00
425531914893617.00	1386.00
425531914893617.00	1432.00
425531914893617.00	1416.00
425531914893617.00	1338.00
425531914893617.00	1343.00
424929178470255.00	1367.00
424929178470255.00	1436.00
424929178470255.00	1440.00
424929178470255.00	1472.00
424929178470255.00	1420.00
424328147100424.31	1406.00
424328147100424.31	1410.00
424328147100424.31	1340.00
424328147100424.31	1454.00
424328147100424.31	1468.00
423728813559322.06	1395.00
423728813559322.06	1411.00
423728813559322.06	1535.00
423728813559322.06	1447.00
423728813559322.06	1474.00
423131170662905.44	1368.00
423131170662905.44	1384.00
423131170662905.44	1489.00
423131170662905.44	1376.00
423131170662905.44	1457.00
423131170662905.44	1532.00
422535211267605.62	1382.00
422535211267605.62	1524.00
422535211267605.62	1408.00
422535211267605.62	1445.00
422535211267605.62	1450.00
421940928270042.12	1499.00
421940928270042.12	1425.00
421940928270042.12	1456.00
421940928270042.12	1494.00
421940928270042.12	1479.00
421348314606741.56	1487.00
421348314606741.56	1424.00
421348314606741.56	1546.00
421348314606741.56	1598.00
421348314606741.56	1586.00
420757363253856.94	1475.00
420757363253856.94	1496.00
420757363253856.94	1501.00
420757363253856.94	1554.00
420757363253856.94	1418.00
420757363253856.94	1446.00
420168067226890.75	1500.00
420168067226890.75	1501.00
420168067226890.75	1504.00
420168067226890.75	1515.00
420168067226890.75	1424.00
419580419580419.56	1516.00
419580419580419.56	1500.00
419580419580419.56	1525.00
419580419580419.56	1510.00
419580419580419.56	1513.00
418994413407821.25	1508.00
418994413407821.25	1557.00
418994413407821.25	1515.00
418994413407821.25	1525.00
418994413407821.25	1617.00
418410041841004.12	1580.00
418410041841004.12	1643.00
418410041841004.12	1501.00
418410041841004.12	1630.00
418410041841004.12	1574.00
418410041841004.12	1587.00
417827298050139.25	1615.00
417827298050139.25	1610.00
417827298050139.25	1644.00
417827298050139.25	1659.00
417827298050139.25	1607.00
417246175243393.62	1636.00
417246175243393.62	1641.00
417246175243393.62	1721.00
417246175243393.62	1694.00
417246175243393.62	1711.00
416666666666666.62	1637.00
416666666666666.62	1661.00
416666666666666.62	1625.00
416666666666666.62	1703.00
416666666666666.62	1622.00
416666666666666.62	1626.00
416088765603328.69	1658.00
416088765603328.69	1762.00
416088765603328.69	1726.00
416088765603328.69	1821.00
416088765603328.69	1707.00
415512465373961.19	1784.00
415512465373961.19	1766.00
415512465373961.19	1746.00
415512465373961.19	1685.00
415512465373961.19	1762.00
414937759336099.56	1766.00
414937759336099.56	1723.00
414937759336099.56	1766.00
414937759336099.56	1706.00
414937759336099.56	1784.00
414364640883977.81	1946.00
414364640883977.81	1823.00
414364640883977.81	1813.00
414364640883977.81	1763.00
414364640883977.81	1818.00
414364640883977.81	1792.00
413793103448275.81	1749.00
413793103448275.81	1733.00
413793103448275.81	1777.00
413793103448275.81	1772.00
413793103448275.81	1843.00
413223140495867.75	1835.00
413223140495867.75	1771.00
413223140495867.75	1765.00
413223140495867.75	1833.00
413223140495867.75	1811.00
412654745529573.50	1872.00
412654745529573.50	1821.00
412654745529573.50	1787.00
412654745529573.50	1851.00
412654745529573.50	1766.00
412087912087912.06	1806.00
412087912087912.06	1895.00
412087912087912.06	1818.00
412087912087912.06	1885.00
412087912087912.06	1868.00
412087912087912.06	1800.00
411522633744856.00	1867.00
411522633744856.00	1796.00
411522633744856.00	1756.00
411522633744856.00	1824.00
411522633744856.00	1783.00
410958904109589.00	1739.00
410958904109589.00	1759.00
410958904109589.00	1777.00
410958904109589.00	1742.00
410958904109589.00	1840.00
410396716826265.37	1889.00
410396716826265.37	1857.00
410396716826265.37	1776.00
410396716826265.37	1740.00
410396716826265.37	1811.00
410396716826265.37	1778.00
409836065573770.44	1739.00
409836065573770.44	1804.00
409836065573770.44	1798.00
409836065573770.44	1811.00
409836065573770.44	1881.00
409276944065484.31	1791.00
409276944065484.31	1772.00
409276944065484.31	1806.00
409276944065484.31	1810.00
409276944065484.31	1795.00
408719346049046.31	1770.00
408719346049046.31	1707.00
408719346049046.31	1644.00
408719346049046.31	1721.00
408719346049046.31	1808.00
408163265306122.44	1730.00
408163265306122.44	1649.00
408163265306122.44	1735.00
408163265306122.44	1755.00
408163265306122.44	1685.00
408163265306122.44	1764.00
407608695652173.94	1784.00
407608695652173.94	1675.00
407608695652173.94	1770.00
407608695652173.94	1850.00
407608695652173.94	1686.00
407055630936227.94	1812.00
407055630936227.94	1720.00
407055630936227.94	1709.00
407055630936227.94	1796.00
407055630936227.94	1838.00
406504065040650.37	1853.00
406504065040650.37	1849.00
406504065040650.37	1819.00
406504065040650.37	1810.00
406504065040650.37	1758.00
406504065040650.37	1796.00
405953991880920.12	1859.00
405953991880920.12	1776.00
405953991880920.12	1809.00
405953991880920.12	1805.00
405953991880920.12	1734.00
405405405405405.37	1821.00
405405405405405.37	1733.00
405405405405405.37	1773.00
405405405405405.37	1800.00
405405405405405.37	1827.00
404858299595141.69	1892.00
404858299595141.69	1817.00
404858299595141.69	1842.00
404858299595141.69	1743.00
404858299595141.69	1762.00
404858299595141.69	1763.00
404312668463611.87	1783.00
404312668463611.87	1701.00
404312668463611.87	1805.00
404312668463611.87	1815.00
404312668463611.87	1820.00
403768506056527.56	1776.00
403768506056527.56	1808.00
403768506056527.56	1798.00
403768506056527.56	1915.00
403768506056527.56	1791.00
403225806451612.81	1796.00
403225806451612.81	1742.00
403225806451612.81	1784.00
403225806451612.81	1737.00
403225806451612.81	1764.00
403225806451612.81	1844.00
402684563758389.25	1741.00
402684563758389.25	1836.00
402684563758389.25	1756.00
402684563758389.25	1777.00
402684563758389.25	1790.00
402144772117962.50	1755.00
402144772117962.50	1722.00
402144772117962.50	1701.00
402144772117962.50	1754.00
402144772117962.50	1704.00
401606425702811.25	1759.00
401606425702811.25	1766.00
401606425702811.25	1818.00
401606425702811.25	1757.00
401606425702811.25	1679.00
401606425702811.25	1648.00
401069518716577.50	1761.00
401069518716577.50	1715.00
401069518716577.50	1618.00
401069518716577.50	1630.00
401069518716577.50	1715.00
400534045393858.44	1667.00
400534045393858.44	1685.00
400534045393858.44	1688.00
400534045393858.44	1710.00
400534045393858.44	1591.00
400000000000000.00	1587.00
400000000000000.00	1493.00
400000000000000.00	1618.00
400000000000000.00	1565.00
400000000000000.00	1625.00
400000000000000.00	1614.00
399467376830892.12	1578.00
399467376830892.12	1459.00
399467376830892.12	1460.00
399467376830892.12	1518.00
399467376830892.12	1583.00
398936170212765.87	1630.00
398936170212765.87	1566.00
398936170212765.87	1533.00
398936170212765.87	1434.00
398936170212765.87	1469.00
398406374501992.00	1431.00
398406374501992.00	1449.00
398406374501992.00	1422.00
398406374501992.00	1484.00
398406374501992.00	1406.00
398406374501992.00	1448.00
397877984084880.62	1382.00
397877984084880.62	1442.00
397877984084880.62	1468.00
397877984084880.62	1311.00
397877984084880.62	1367.00
397350993377483.44	1372.00
397350993377483.44	1346.00
397350993377483.44	1340.00
397350993377483.44	1292.00
397350993377483.44	1321.00
396825396825396.81	1222.00
396825396825396.81	1223.00
396825396825396.81	1260.00
396825396825396.81	1173.00
396825396825396.81	1177.00
396825396825396.81	1246.00
396301188903566.69	1251.00
396301188903566.69	1238.00
396301188903566.69	1154.00
396301188903566.69	1235.00
396301188903566.69	1063.00
395778364116094.94	1131.00
395778364116094.94	1117.00
395778364116094.94	1140.00
395778364116094.94	1087.00
395778364116094.94	944.00
395256916996047.37	961.00
395256916996047.37	963.00
395256916996047.37	1009.00
395256916996047.37	904.00
395256916996047.37	911.00
395256916996047.37	966.00
394736842105263.19	917.00
394736842105263.19	868.00
394736842105263.19	837.00
394736842105263.19	809.00
394736842105263.19	913.00
394218134034165.56	808.00
394218134034165.56	893.00
394218134034165.56	853.00
394218134034165.56	809.00
394218134034165.56	810.00
393700787401574.75	774.00
393700787401574.75	811.00
393700787401574.75	795.00
393700787401574.75	842.00
393700787401574.75	885.00
393700787401574.75	830.00
393184796854521.56	822.00
393184796854521.56	889.00
393184796854521.56	887.00
393184796854521.56	911.00
393184796854521.56	960.00
392670157068062.81	1027.00
392670157068062.81	1122.00
392670157068062.81	1058.00
392670157068062.81	1092.00
392670157068062.81	1217.00
392156862745098.00	1135.00
392156862745098.00	1170.00
392156862745098.00	1281.00
392156862745098.00	1238.00
392156862745098.00	1200.00
392156862745098.00	1410.00
391644908616188.00	1388.00
391644908616188.00	1538.00
391644908616188.00	1443.00
391644908616188.00	1676.00
391644908616188.00	1758.00
391134289439374.12	1694.00
391134289439374.12	1811.00
391134289439374.12	1828.00
391134289439374.12	1979.00
391134289439374.12	1974.00
391134289439374.12	1994.00
390625000000000.00	2095.00
390625000000000.00	2107.00
390625000000000.00	2117.00
390625000000000.00	2162.00
390625000000000.00	2202.00
390117035110533.12	2222.00
390117035110533.12	2220.00
390117035110533.12	2258.00
390117035110533.12	2340.00
390117035110533.12	2418.00
389610389610389.62	2562.00
389610389610389.62	2595.00
389610389610389.62	2641.00
389610389610389.62	2699.00
389610389610389.62	2802.00
389610389610389.62	2856.00
389105058365758.75	2895.00
389105058365758.75	2974.00
389105058365758.75	3108.00
389105058365758.75	3046.00
389105058365758.75	3118.00
388601036269430.00	3113.00
388601036269430.00	3073.00
388601036269430.00	3134.00
388601036269430.00	3122.00
388601036269430.00	3303.00
388601036269430.00	3256.00
388098318240620.94	3384.00
388098318240620.94	3360.00
388098318240620.94	3319.00
388098318240620.94	3297.00
388098318240620.94	3336.00
387596899224806.19	3341.00
387596899224806.19	3309.00
387596899224806.19	3323.00
387596899224806.19	3241.00
387596899224806.19	3174.00
387096774193548.37	3244.00
387096774193548.37	3198.00
387096774193548.37	3127.00
387096774193548.37	3293.00
387096774193548.37	3224.00
387096774193548.37	3213.00
386597938144329.81	3163.00
386597938144329.81	3197.00
386597938144329.81	3121.00
386597938144329.81	3103.00
386597938144329.81	2994.00
386100386100386.06	3097.00
386100386100386.06	3025.00
386100386100386.06	3067.00
386100386100386.06	3009.00
386100386100386.06	3025.00
386100386100386.06	3135.00
385604113110539.87	3165.00
385604113110539.87	3067.00
385604113110539.87	3186.00
385604113110539.87	3112.00
385604113110539.87	2972.00
385109114249037.19	2938.00
385109114249037.19	2923.00
385109114249037.19	2790.00
385109114249037.19	2686.00
385109114249037.19	2549.00
384615384615384.62	2391.00
384615384615384.62	2314.00
384615384615384.62	2218.00
384615384615384.62	2238.00
384615384615384.62	2224.00
384615384615384.62	2182.00
384122919334186.94	2188.00
384122919334186.94	2218.00
384122919334186.94	2114.00
384122919334186.94	2023.00
384122919334186.94	1981.00
383631713554987.19	2040.00
383631713554987.19	2012.00
383631713554987.19	1970.00
383631713554987.19	1922.00
383631713554987.19	1852.00
383631713554987.19	1809.00
383141762452107.25	1622.00
383141762452107.25	1594.00
383141762452107.25	1510.00
383141762452107.25	1406.00
383141762452107.25	1262.00
382653061224489.81	1280.00
382653061224489.81	1231.00
382653061224489.81	1160.00
382653061224489.81	1086.00
382653061224489.81	979.00
382165605095541.44	947.00
382165605095541.44	933.00
382165605095541.44	886.00
382165605095541.44	939.00
382165605095541.44	908.00
382165605095541.44	813.00
381679389312977.06	821.00
381679389312977.06	877.00
381679389312977.06	863.00
381679389312977.06	893.00
381679389312977.06	868.00
381194409148665.75	867.00
381194409148665.75	769.00
381194409148665.75	818.00
381194409148665.75	784.00
381194409148665.75	785.00
381194409148665.75	748.00
380710659898477.19	736.00
380710659898477.19	667.00
380710659898477.19	598.00
380710659898477.19	588.00
380710659898477.19	499.00
380228136882129.25	530.00
380228136882129.25	530.00
380228136882129.25	441.00
380228136882129.25	424.00
380228136882129.25	456.00
380228136882129.25	464.00
379746835443037.94	334.00
379746835443037.94	398.00
379746835443037.94	380.00
379746835443037.94	451.00
379746835443037.94	428.00
379266750948166.87	408.00
379266750948166.87	445.00
379266750948166.87	473.00
379266750948166.87	469.00
379266750948166.87	512.00
378787878787878.81	473.00
378787878787878.81	469.00
378787878787878.81	490.00
378787878787878.81	474.00
378787878787878.81	509.00
378787878787878.81	573.00
378310214375788.06	589.00
378310214375788.06	588.00
378310214375788.06	587.00
378310214375788.06	646.00
378310214375788.06	582.00
377833753148614.62	560.00
377833753148614.62	646.00
377833753148614.62	565.00
377833753148614.62	594.00
377833753148614.62	528.00
377833753148614.62	485.00
377358490566037.75	596.00
377358490566037.75	511.00
377358490566037.75	582.00
377358490566037.75	566.00
377358490566037.75	604.00
376884422110552.69	673.00
376884422110552.69	679.00
376884422110552.69	670.00
376884422110552.69	675.00
376884422110552.69	671.00
376884422110552.69	768.00
376411543287327.44	794.00
376411543287327.44	877.00
376411543287327.44	903.00
376411543287327.44	1004.00
376411543287327.44	1108.00
375939849624060.19	1173.00
375939849624060.19	1217.00
375939849624060.19	1415.00
375939849624060.19	1462.00
375939849624060.19	1468.00
375939849624060.19	1564.00
375469336670838.50	1598.00
375469336670838.50	1549.00
375469336670838.50	1556.00
375469336670838.50	1649.00
375469336670838.50	1590.00
375000000000000.00	1631.00
375000000000000.00	1546.00
375000000000000.00	1549.00
375000000000000.00	1536.00
375000000000000.00	1529.00
374531835205992.50	1388.00
374531835205992.50	1438.00
374531835205992.50	1440.00
374531835205992.50	1471.00
374531835205992.50	1588.00
374531835205992.50	1559.00
374064837905236.87	1469.00
374064837905236.87	1483.00
374064837905236.87	1488.00
374064837905236.87	1467.00
374064837905236.87	1427.00
373599003735990.00	1474.00
373599003735990.00	1496.00
373599003735990.00	1516.00
373599003735990.00	1531.00
373599003735990.00	1521.00
373599003735990.00	1630.00
373134328358208.94	1548.00
373134328358208.94	1476.00
373134328358208.94	1499.00
373134328358208.94	1510.00
373134328358208.94	1469.00
372670807453416.12	1480.00
372670807453416.12	1473.00
372670807453416.12	1379.00
372670807453416.12	1350.00
372670807453416.12	1249.00
372670807453416.12	1189.00
372208436724565.69	1161.00
372208436724565.69	1146.00
372208436724565.69	1064.00
372208436724565.69	1040.00
372208436724565.69	973.00
371747211895910.75	940.00
371747211895910.75	851.00
371747211895910.75	917.00
371747211895910.75	802.00
371747211895910.75	869.00
371747211895910.75	849.00
371287128712871.31	732.00
371287128712871.31	681.00
371287128712871.31	692.00
371287128712871.31	654.00
371287128712871.31	721.00
370828182941903.56	639.00
370828182941903.56	633.00
370828182941903.56	622.00
370828182941903.56	544.00
370828182941903.56	502.00
370828182941903.56	485.00
370370370370370.37	521.00
370370370370370.37	475.00
370370370370370.37	345.00
370370370370370.37	482.00
370370370370370.37	372.00
369913686806411.81	359.00
369913686806411.81	326.00
369913686806411.81	404.00
369913686806411.81	343.00
369913686806411.81	353.00
369913686806411.81	309.00
369458128078817.75	375.00
369458128078817.75	414.00
369458128078817.75	388.00
369458128078817.75	406.00
369458128078817.75	417.00
369003690036900.31	327.00
369003690036900.31	403.00
369003690036900.31	366.00
369003690036900.31	394.00
369003690036900.31	369.00
369003690036900.31	405.00
368550368550368.50	366.00
368550368550368.50	371.00
368550368550368.50	415.00
368550368550368.50	329.00
368550368550368.50	350.00
368098159509202.44	333.00
368098159509202.44	303.00
368098159509202.44	304.00
368098159509202.44	311.00
368098159509202.44	426.00
368098159509202.44	346.00
367647058823529.37	346.00
367647058823529.37	393.00
367647058823529.37	413.00
367647058823529.37	464.00
367647058823529.37	479.00
367197062423500.56	399.00
367197062423500.56	498.00
367197062423500.56	598.00
367197062423500.56	504.00
367197062423500.56	475.00
367197062423500.56	544.00
366748166259168.69	476.00
366748166259168.69	462.00
366748166259168.69	502.00
366748166259168.69	442.00
366748166259168.69	411.00
366300366300366.25	389.00
366300366300366.25	476.00
366300366300366.25	382.00
366300366300366.25	402.00
366300366300366.25	452.00
366300366300366.25	450.00
365853658536585.37	416.00
365853658536585.37	438.00
365853658536585.37	351.00
365853658536585.37	416.00
365853658536585.37	331.00
365408038976857.50	383.00
365408038976857.50	405.00
365408038976857.50	354.00
365408038976857.50	384.00
365408038976857.50	438.00
365408038976857.50	391.00
364963503649635.00	431.00
364963503649635.00	374.00
364963503649635.00	570.00
364963503649635.00	535.00
364963503649635.00	647.00
364520048602673.06	625.00
364520048602673.06	735.00
364520048602673.06	755.00
364520048602673.06	835.00
364520048602673.06	933.00
364520048602673.06	924.00
364077669902912.56	957.00
364077669902912.56	1043.00
364077669902912.56	1164.00
364077669902912.56	1281.00
364077669902912.56	1346.00
363636363636363.62	1297.00
363636363636363.62	1407.00
363636363636363.62	1458.00
363636363636363.62	1576.00
363636363636363.62	1656.00
363636363636363.62	1731.00
363196125907990.31	1860.00
363196125907990.31	1875.00
363196125907990.31	1931.00
363196125907990.31	1872.00
363196125907990.31	1948.00
362756952841596.12	2011.00
362756952841596.12	2086.00
362756952841596.12	2043.00
362756952841596.12	1968.00
362756952841596.12	1863.00
362756952841596.12	1925.00
362318840579710.12	1985.00
362318840579710.12	1956.00
362318840579710.12	1999.00
362318840579710.12	2190.00
362318840579710.12	2241.00
361881785283474.06	2404.00
361881785283474.06	2297.00
361881785283474.06	2397.00
361881785283474.06	2456.00
361881785283474.06	2560.00
361881785283474.06	2543.00
361445783132530.12	2623.00
361445783132530.12	2818.00
361445783132530.12	2872.00
361445783132530.12	3069.00
361445783132530.12	3241.00
361010830324909.75	3226.00
361010830324909.75	3497.00
361010830324909.75	3480.00
361010830324909.75	3450.00
361010830324909.75	3514.00
361010830324909.75	3490.00
360576923076923.00	3505.00
360576923076923.00	3465.00
360576923076923.00	3458.00
360576923076923.00	3397.00
360576923076923.00	3234.00
360576923076923.00	3241.00
360144057623049.19	3072.00
360144057623049.19	3036.00
360144057623049.19	2958.00
360144057623049.19	2842.00
360144057623049.19	2932.00
359712230215827.31	2983.00
359712230215827.31	3072.00
359712230215827.31	3140.00
359712230215827.31	3145.00
359712230215827.31	3163.00
359712230215827.31	3097.00
359281437125748.44	3032.00
359281437125748.44	3050.00
359281437125748.44	3088.00
359281437125748.44	3024.00
359281437125748.44	3131.00
358851674641148.31	3134.00
358851674641148.31	3173.00
358851674641148.31	3156.00
358851674641148.31	3245.00
358851674641148.31	3094.00
358851674641148.31	3222.00
358422939068100.37	3038.00
358422939068100.37	2836.00
358422939068100.37	2687.00
358422939068100.37	2574.00
358422939068100.37	2411.00
357995226730310.25	2382.00
357995226730310.25	2271.00
357995226730310.25	2174.00
357995226730310.25	2030.00
357995226730310.25	1915.00
357995226730310.25	1724.00
357568533969010.69	1662.00
357568533969010.69	1634.00
357568533969010.69	1567.00
357568533969010.69	1556.00
357568533969010.69	1550.00
357142857142857.19	1585.00
357142857142857.19	1611.00
357142857142857.19	1578.00
357142857142857.19	1639.00
357142857142857.19	1594.00
357142857142857.19	1619.00
356718192627824.00	1554.00
356718192627824.00	1631.00
356718192627824.00	1606.00
356718192627824.00	1559.00
356718192627824.00	1603.00
356718192627824.00	1527.00
356294536817102.06	1505.00
356294536817102.06	1451.00
356294536817102.06	1461.00
356294536817102.06	1486.00
356294536817102.06	1385.00
355871886120996.44	1454.00
355871886120996.44	1479.00
355871886120996.44	1414.00
355871886120996.44	1322.00
355871886120996.44	1384.00
355871886120996.44	1408.00
355450236966824.62	1394.00
355450236966824.62	1222.00
355450236966824.62	1299.00
355450236966824.62	1273.00
355450236966824.62	1193.00
355029585798816.50	1226.00
355029585798816.50	1177.00
355029585798816.50	1230.00
355029585798816.50	1128.00
355029585798816.50	1193.00
355029585798816.50	1157.00
354609929078014.12	1204.00
354609929078014.12	1177.00
354609929078014.12	1131.00
354609929078014.12	1104.00
354609929078014.12	1109.00
354609929078014.12	1157.00
354191263282172.37	1077.00
354191263282172.37	1181.00
354191263282172.37	984.00
354191263282172.37	1011.00
354191263282172.37	1004.00
353773584905660.31	980.00
353773584905660.31	972.00
353773584905660.31	1013.00
353773584905660.31	931.00
353773584905660.31	1039.00
353773584905660.31	989.00
353356890459363.94	1014.00
353356890459363.94	840.00
353356890459363.94	967.00
353356890459363.94	994.00
353356890459363.94	1038.00
352941176470588.25	1093.00
352941176470588.25	1003.00
352941176470588.25	1039.00
352941176470588.25	1116.00
352941176470588.25	1111.00
352941176470588.25	1084.00
352526439482961.19	1070.00
352526439482961.19	1063.00
352526439482961.19	1182.00
352526439482961.19	1169.00
352526439482961.19	1216.00
352112676056338.06	1261.00
352112676056338.06	1157.00
352112676056338.06	1214.00
352112676056338.06	1268.00
352112676056338.06	1249.00
352112676056338.06	1190.00
351699882766705.75	1274.00
351699882766705.75	1275.00
351699882766705.75	1315.00
351699882766705.75	1234.00
351699882766705.75	1270.00
351699882766705.75	1300.00
351288056206088.94	1278.00
351288056206088.94	1285.00
351288056206088.94	1386.00
351288056206088.94	1322.00
351288056206088.94	1341.00
350877192982456.12	1320.00
350877192982456.12	1283.00
350877192982456.12	1369.00
350877192982456.12	1391.00
350877192982456.12	1323.00
350877192982456.12	1417.00
350467289719626.12	1398.00
350467289719626.12	1419.00
350467289719626.12	1443.00
350467289719626.12	1391.00
350467289719626.12	1471.00
350467289719626.12	1489.00
350058343057176.19	1490.00
350058343057176.19	1481.00
350058343057176.19	1439.00
350058343057176.19	1406.00
350058343057176.19	1398.00
349650349650349.62	1372.00
349650349650349.62	1391.00
349650349650349.62	1405.00
349650349650349.62	1437.00
349650349650349.62	1370.00
349650349650349.62	1381.00
349243306169965.06	1398.00
349243306169965.06	1367.00
349243306169965.06	1316.00
349243306169965.06	1297.00
349243306169965.06	1271.00
348837209302325.56	1316.00
348837209302325.56	1326.00
348837209302325.56	1476.00
348837209302325.56	1441.00
348837209302325.56	1386.00
348837209302325.56	1392.00
348432055749128.87	1455.00
348432055749128.87	1436.00
348432055749128.87	1368.00
348432055749128.87	1411.00
348432055749128.87	1346.00
348432055749128.87	1489.00
348027842227378.19	1377.00
348027842227378.19	1367.00
348027842227378.19	1296.00
348027842227378.19	1324.00
348027842227378.19	1315.00
347624565469293.12	1240.00
347624565469293.12	1313.00
347624565469293.12	1287.00
347624565469293.12	1329.00
347624565469293.12	1295.00
347624565469293.12	1281.00
347222222222222.25	1233.00
347222222222222.25	1292.00
347222222222222.25	1252.00
347222222222222.25	1304.00
347222222222222.25	1276.00
347222222222222.25	1358.00
346820809248554.87	1251.00
346820809248554.87	1235.00
346820809248554.87	1204.00
346820809248554.87	1164.00
346820809248554.87	1206.00
346420323325635.12	1187.00
346420323325635.12	1152.00
346420323325635.12	1155.00
346420323325635.12	1262.00
346420323325635.12	1263.00
346420323325635.12	1232.00
346020761245674.75	1215.00
346020761245674.75	1081.00
346020761245674.75	1209.00
346020761245674.75	1209.00
346020761245674.75	1265.00
346020761245674.75	1205.00
345622119815668.12	1202.00
345622119815668.12	1169.00
345622119815668.12	1246.00
345622119815668.12	1188.00
345622119815668.12	1167.00
345224395857307.25	1138.00
345224395857307.25	1126.00
345224395857307.25	1068.00
345224395857307.25	1188.00
345224395857307.25	1127.00
345224395857307.25	1114.00
344827586206896.50	1084.00
344827586206896.50	1168.00
344827586206896.50	1155.00
344827586206896.50	1227.00
344827586206896.50	1151.00
344827586206896.50	1034.00
344431687715269.81	1065.00
344431687715269.81	1073.00
344431687715269.81	1090.00
344431687715269.81	1150.00
344431687715269.81	1110.00
344036697247706.37	1144.00
344036697247706.37	1117.00
344036697247706.37	1134.00
344036697247706.37	1128.00
344036697247706.37	1063.00
344036697247706.37	1114.00
343642611683848.75	1136.00
343642611683848.75	1065.00
343642611683848.75	1142.00
343642611683848.75	1063.00
343642611683848.75	1035.00
343642611683848.75	1064.00
343249427917620.12	1101.00
343249427917620.12	1156.00
343249427917620.12	1083.00
343249427917620.12	1042.00
343249427917620.12	1080.00
342857142857142.81	987.00
342857142857142.81	1041.00
342857142857142.81	1076.00
342857142857142.81	1081.00
342857142857142.81	995.00
342857142857142.81	1032.00
342465753424657.56	1058.00
342465753424657.56	1034.00
342465753424657.56	1047.00
342465753424657.56	996.00
342465753424657.56	1083.00
342465753424657.56	974.00
342075256556442.37	1075.00
342075256556442.37	1051.00
342075256556442.37	990.00
342075256556442.37	1075.00
342075256556442.37	1108.00
341685649202733.44	1009.00
341685649202733.44	1037.00
341685649202733.44	939.00
341685649202733.44	977.00
341685649202733.44	937.00
341685649202733.44	970.00
341296928327645.00	1008.00
341296928327645.00	1033.00
341296928327645.00	937.00
341296928327645.00	946.00
341296928327645.00	914.00
341296928327645.00	913.00
340909090909090.87	970.00
340909090909090.87	969.00
340909090909090.87	870.00
340909090909090.87	889.00
340909090909090.87	915.00
340522133938706.00	965.00
340522133938706.00	882.00
340522133938706.00	899.00
340522133938706.00	947.00
340522133938706.00	969.00
340522133938706.00	958.00
340136054421768.62	897.00
340136054421768.62	948.00
340136054421768.62	998.00
340136054421768.62	850.00
340136054421768.62	871.00
340136054421768.62	875.00
339750849377123.44	897.00
339750849377123.44	894.00
339750849377123.44	901.00
339750849377123.44	921.00
339750849377123.44	879.00
339366515837104.06	860.00
339366515837104.06	878.00
339366515837104.06	851.00
339366515837104.06	824.00
339366515837104.06	895.00
339366515837104.06	890.00
338983050847457.56	830.00
338983050847457.56	891.00
338983050847457.56	822.00
338983050847457.56	806.00
338983050847457.56	781.00
338983050847457.56	796.00
338600451467268.56	848.00
338600451467268.56	798.00
338600451467268.56	742.00
338600451467268.56	756.00
338600451467268.56	853.00
338218714768883.87	931.00
338218714768883.87	849.00
338218714768883.87	819.00
338218714768883.87	794.00
338218714768883.87	767.00
338218714768883.87	854.00
337837837837837.87	824.00
337837837837837.87	852.00
337837837837837.87	763.00
337837837837837.87	821.00
337837837837837.87	839.00
337837837837837.87	742.00
337457817772778.37	762.00
337457817772778.37	731.00
337457817772778.37	727.00
337457817772778.37	789.00
337457817772778.37	743.00
337457817772778.37	805.00
337078651685393.19	818.00
337078651685393.19	712.00
337078651685393.19	719.00
337078651685393.19	698.00
337078651685393.19	737.00
336700336700336.69	750.00
336700336700336.69	740.00
336700336700336.69	743.00
336700336700336.69	679.00
336700336700336.69	688.00
336700336700336.69	728.00
336322869955156.94	724.00
336322869955156.94	741.00
336322869955156.94	665.00
336322869955156.94	746.00
336322869955156.94	683.00
336322869955156.94	752.00
335946248600223.94	714.00
335946248600223.94	772.00
335946248600223.94	699.00
335946248600223.94	726.00
335946248600223.94	676.00
335946248600223.94	686.00
335570469798657.69	654.00
335570469798657.69	687.00
335570469798657.69	693.00
335570469798657.69	729.00
335570469798657.69	617.00
335195530726257.00	594.00
335195530726257.00	645.00
335195530726257.00	673.00
335195530726257.00	668.00
335195530726257.00	668.00
335195530726257.00	600.00
334821428571428.50	633.00
334821428571428.50	713.00
334821428571428.50	645.00
334821428571428.50	583.00
334821428571428.50	587.00
334821428571428.50	645.00
334448160535117.00	594.00
334448160535117.00	584.00
334448160535117.00	609.00
334448160535117.00	596.00
334448160535117.00	646.00
334448160535117.00	616.00
334075723830735.00	566.00
334075723830735.00	577.00
334075723830735.00	635.00
334075723830735.00	666.00
334075723830735.00	681.00
333704115684093.37	609.00
333704115684093.37	594.00
333704115684093.37	589.00
333704115684093.37	559.00
333704115684093.37	638.00
333704115684093.37	516.00
333333333333333.31	570.00
333333333333333.31	560.00
333333333333333.31	623.00
333333333333333.31	610.00
333333333333333.31	508.00
333333333333333.31	541.00
332963374028856.81	575.00
332963374028856.81	526.00
332963374028856.81	586.00
332963374028856.81	519.00
332963374028856.81	528.00
332963374028856.81	457.00
332594235033259.44	535.00
332594235033259.44	548.00
332594235033259.44	459.00
332594235033259.44	489.00
332594235033259.44	419.00
332225913621262.44	565.00
332225913621262.44	552.00
332225913621262.44	498.00
332225913621262.44	524.00
332225913621262.44	573.00
332225913621262.44	491.00
331858407079646.00	501.00
331858407079646.00	580.00
331858407079646.00	534.00
331858407079646.00	609.00
331858407079646.00	564.00
331858407079646.00	468.00
331491712707182.37	515.00
331491712707182.37	460.00
331491712707182.37	513.00
331491712707182.37	532.00
331491712707182.37	425.00
331491712707182.37	479.00
331125827814569.56	497.00
331125827814569.56	515.00
331125827814569.56	517.00
331125827814569.56	434.00
331125827814569.56	489.00
330760749724366.06	427.00
330760749724366.06	528.00
330760749724366.06	454.00
330760749724366.06	494.00
330760749724366.06	496.00
330760749724366.06	485.00
330396475770925.12	506.00
330396475770925.12	514.00
330396475770925.12	454.00
330396475770925.12	518.00
330396475770925.12	506.00
330396475770925.12	503.00
330033003300330.00	445.00
330033003300330.00	451.00
330033003300330.00	441.00
330033003300330.00	462.00
330033003300330.00	467.00
330033003300330.00	482.00
329670329670329.62	359.00
329670329670329.62	435.00
329670329670329.62	441.00
329670329670329.62	414.00
329670329670329.62	424.00
329670329670329.62	396.00
329308452250274.44	401.00
329308452250274.44	415.00
329308452250274.44	442.00
329308452250274.44	398.00
329308452250274.44	432.00
328947368421052.62	385.00
328947368421052.62	399.00
328947368421052.62	400.00
328947368421052.62	376.00
328947368421052.62	388.00
328947368421052.62	369.00
328587075575027.31	399.00
328587075575027.31	467.00
328587075575027.31	435.00
328587075575027.31	314.00
328587075575027.31	429.00
328587075575027.31	305.00
328227571115973.75	361.00
328227571115973.75	359.00
328227571115973.75	391.00
328227571115973.75	383.00
328227571115973.75	342.00
328227571115973.75	297.00
327868852459016.37	319.00
327868852459016.37	353.00
327868852459016.37	327.00
327868852459016.37	356.00
327868852459016.37	303.00
327868852459016.37	394.00
327510917030567.69	273.00
327510917030567.69	300.00
327510917030567.69	311.00
327510917030567.69	317.00
327510917030567.69	281.00
327153762268266.06	391.00
327153762268266.06	357.00
327153762268266.06	346.00
327153762268266.06	333.00
327153762268266.06	274.00
327153762268266.06	384.00
326797385620915.06	309.00
326797385620915.06	308.00
326797385620915.06	285.00
326797385620915.06	384.00
326797385620915.06	239.00
326797385620915.06	233.00
326441784548422.19	258.00
326441784548422.19	340.00
326441784548422.19	346.00
326441784548422.19	271.00
326441784548422.19	294.00
326441784548422.19	248.00
326086956521739.12	312.00
326086956521739.12	292.00
326086956521739.12	250.00
326086956521739.12	234.00
326086956521739.12	259.00
326086956521739.12	287.00
325732899022801.31	202.00
325732899022801.31	256.00
325732899022801.31	233.00
325732899022801.31	286.00
325732899022801.31	362.00
325379609544468.56	303.00
325379609544468.56	203.00
325379609544468.56	276.00
325379609544468.56	284.00
325379609544468.56	308.00
325379609544468.56	242.00
325027085590465.81	281.00
325027085590465.81	297.00
325027085590465.81	259.00
325027085590465.81	299.00
325027085590465.81	280.00
325027085590465.81	221.00
324675324675324.62	276.00
324675324675324.62	226.00
324675324675324.62	290.00
324675324675324.62	217.00
324675324675324.62	216.00
324675324675324.62	241.00
324324324324324.31	250.00
324324324324324.31	244.00
324324324324324.31	271.00
324324324324324.31	227.00
324324324324324.31	178.00
324324324324324.31	224.00
323974082073434.12	251.00
323974082073434.12	240.00
323974082073434.12	251.00
323974082073434.12	189.00
323974082073434.12	176.00
323974082073434.12	255.00
323624595469255.62	233.00
323624595469255.62	206.00
323624595469255.62	219.00
323624595469255.62	199.00
323624595469255.62	174.00
323275862068965.50	299.00
323275862068965.50	218.00
323275862068965.50	239.00
323275862068965.50	144.00
323275862068965.50	188.00
323275862068965.50	207.00
322927879440258.31	195.00
322927879440258.31	256.00
322927879440258.31	216.00
322927879440258.31	217.00
322927879440258.31	155.00
322927879440258.31	260.00
322580645161290.31	249.00
322580645161290.31	217.00
322580645161290.31	134.00
322580645161290.31	166.00
322580645161290.31	181.00
322580645161290.31	254.00
322234156820622.94	253.00
322234156820622.94	228.00
322234156820622.94	136.00
322234156820622.94	247.00
322234156820622.94	187.00
322234156820622.94	214.00
321888412017167.37	163.00
321888412017167.37	180.00
321888412017167.37	127.00
321888412017167.37	190.00
321888412017167.37	153.00
321888412017167.37	111.00
321543408360128.56	223.00
321543408360128.56	180.00
321543408360128.56	273.00
321543408360128.56	169.00
321543408360128.56	205.00
321543408360128.56	172.00
321199143468950.75	212.00
321199143468950.75	162.00
321199143468950.75	155.00
321199143468950.75	243.00
321199143468950.75	182.00
321199143468950.75	135.00
320855614973262.06	258.00
320855614973262.06	64.00
320855614973262.06	152.00
320855614973262.06	135.00
320855614973262.06	88.00
320512820512820.50	159.00
320512820512820.50	137.00
320512820512820.50	118.00
320512820512820.50	128.00
320512820512820.50	116.00
320512820512820.50	105.00
320170757737459.94	124.00
320170757737459.94	114.00
320170757737459.94	184.00
320170757737459.94	147.00
320170757737459.94	190.00
320170757737459.94	137.00
319829424307036.25	154.00
319829424307036.25	144.00
319829424307036.25	113.00
319829424307036.25	163.00
319829424307036.25	173.00
319829424307036.25	171.00
319488817891373.81	133.00
319488817891373.81	160.00
319488817891373.81	150.00
319488817891373.81	134.00
319488817891373.81	87.00
319488817891373.81	146.00
319148936170212.75	-33.00
319148936170212.75	84.00
319148936170212.75	116.00
319148936170212.75	145.00
319148936170212.75	160.00
319148936170212.75	132.00
318809776833156.19	152.00
318809776833156.19	189.00
318809776833156.19	82.00
318809776833156.19	103.00
318809776833156.19	117.00
318809776833156.19	162.00
318471337579617.81	87.00
318471337579617.81	89.00
318471337579617.81	136.00
318471337579617.81	181.00
318471337579617.81	137.00
318471337579617.81	100.00
318133616118769.94	138.00
318133616118769.94	180.00
318133616118769.94	106.00
318133616118769.94	104.00
318133616118769.94	218.00
318133616118769.94	131.00
317796610169491.50	133.00
317796610169491.50	104.00
317796610169491.50	114.00
317796610169491.50	63.00
317796610169491.50	222.00
317460317460317.44	128.00
317460317460317.44	144.00
317460317460317.44	141.00
317460317460317.44	112.00
317460317460317.44	150.00
317460317460317.44	202.00
317124735729386.94	104.00
317124735729386.94	108.00
317124735729386.94	130.00
317124735729386.94	155.00
317124735729386.94	125.00
317124735729386.94	80.00
316789862724392.81	0.00
316789862724392.81	102.00
316789862724392.81	107.00
316789862724392.81	91.00
316789862724392.81	171.00
316789862724392.81	129.00
316455696202531.62	90.00
316455696202531.62	188.00
316455696202531.62	87.00
316455696202531.62	114.00
316455696202531.62	149.00
316455696202531.62	172.00
316122233930453.12	55.00
316122233930453.12	88.00
316122233930453.12	117.00
316122233930453.12	127.00
316122233930453.12	182.00
316122233930453.12	173.00
315789473684210.50	133.00
315789473684210.50	161.00
315789473684210.50	43.00
315789473684210.50	54.00
315789473684210.50	148.00
315789473684210.50	34.00
315457413249211.37	105.00
315457413249211.37	116.00
315457413249211.37	148.00
315457413249211.37	91.00
315457413249211.37	107.00
315457413249211.37	139.00
315126050420168.06	173.00
315126050420168.06	97.00
315126050420168.06	102.00
315126050420168.06	151.00
315126050420168.06	76.00
315126050420168.06	62.00
314795383001049.31	131.00
314795383001049.31	71.00
314795383001049.31	131.00
314795383001049.31	85.00
314795383001049.31	61.00
314795383001049.31	134.00
314465408805031.44	165.00
314465408805031.44	119.00
314465408805031.44	133.00
314465408805031.44	121.00
314465408805031.44	54.00
314465408805031.44	120.00
314136125654450.25	60.00
314136125654450.25	83.00
314136125654450.25	103.00
314136125654450.25	95.00
314136125654450.25	121.00
314136125654450.25	139.00
313807531380753.12	79.00
313807531380753.12	65.00
313807531380753.12	149.00
313807531380753.12	78.00
313807531380753.12	127.00
313807531380753.12	73.00
313479623824451.37	43.00
313479623824451.37	126.00
313479623824451.37	85.00
313479623824451.37	87.00
313479623824451.37	111.00
313479623824451.37	132.00
313152400835073.06	211.00
313152400835073.06	130.00
313152400835073.06	47.00
313152400835073.06	96.00
313152400835073.06	52.00
313152400835073.06	150.00
312825860271115.75	36.00
312825860271115.75	64.00
312825860271115.75	111.00
312825860271115.75	-28.00
312825860271115.75	178.00
312825860271115.75	44.00
312499999999999.94	123.00
312499999999999.94	47.00
312499999999999.94	141.00
312499999999999.94	59.00
312499999999999.94	91.00
312499999999999.94	146.00
312174817898022.94	123.00
312174817898022.94	69.00
312174817898022.94	123.00
312174817898022.94	141.00
312174817898022.94	52.00
312174817898022.94	28.00
311850311850311.81	134.00
311850311850311.81	34.00
311850311850311.81	158.00
311850311850311.81	106.00
311850311850311.81	136.00
311526479750778.75	127.00
311526479750778.75	83.00
311526479750778.75	97.00
311526479750778.75	127.00
311526479750778.75	70.00
311526479750778.75	79.00
311203319502074.69	39.00
311203319502074.69	52.00
311203319502074.69	24.00
311203319502074.69	99.00
311203319502074.69	96.00
311203319502074.69	51.00
310880829015544.00	59.00
310880829015544.00	142.00
310880829015544.00	136.00
310880829015544.00	90.00
310880829015544.00	112.00
310880829015544.00	124.00
310559006211180.06	89.00
310559006211180.06	155.00
310559006211180.06	47.00
310559006211180.06	98.00
310559006211180.06	100.00
310559006211180.06	127.00
310237849017580.12	110.00
310237849017580.12	104.00
310237849017580.12	89.00
310237849017580.12	137.00
310237849017580.12	102.00
310237849017580.12	32.00
309917355371900.81	25.00
309917355371900.81	66.00
309917355371900.81	63.00
309917355371900.81	36.00
309917355371900.81	96.00
309917355371900.81	12.00
309597523219814.25	121.00
309597523219814.25	44.00
309597523219814.25	94.00
309597523219814.25	94.00
309597523219814.25	89.00
309597523219814.25	75.00
309278350515463.87	87.00
309278350515463.87	60.00
309278350515463.87	96.00
309278350515463.87	192.00
309278350515463.87	79.00
309278350515463.87	79.00
308959835221421.19	95.00
308959835221421.19	23.00
308959835221421.19	58.00
308959835221421.19	113.00
308959835221421.19	-28.00
308959835221421.19	150.00
308641975308642.00	19.00
308641975308642.00	105.00
308641975308642.00	148.00
308641975308642.00	132.00
308641975308642.00	108.00
308641975308642.00	-10.00
308641975308642.00	81.00
308324768756423.44	96.00
308324768756423.44	104.00
308324768756423.44	49.00
308324768756423.44	101.00
308324768756423.44	68.00
308324768756423.44	54.00
308008213552361.31	78.00
308008213552361.31	156.00
308008213552361.31	127.00
308008213552361.31	182.00
308008213552361.31	14.00
308008213552361.31	78.00
307692307692307.69	164.00
307692307692307.69	18.00
307692307692307.69	39.00
307692307692307.69	14.00
307692307692307.69	73.00
307692307692307.69	118.00
307377049180327.87	131.00
307377049180327.87	92.00
307377049180327.87	120.00
307377049180327.87	55.00
307377049180327.87	58.00
307377049180327.87	75.00
307062436028659.12	64.00
307062436028659.12	104.00
307062436028659.12	85.00
307062436028659.12	138.00
307062436028659.12	109.00
307062436028659.12	115.00
306748466257668.75	104.00
306748466257668.75	70.00
306748466257668.75	113.00
306748466257668.75	23.00
306748466257668.75	44.00
306748466257668.75	54.00
306435137895812.00	56.00
306435137895812.00	92.00
306435137895812.00	69.00
306435137895812.00	153.00
306435137895812.00	109.00
306435137895812.00	83.00
306122448979591.75	111.00
306122448979591.75	30.00
306122448979591.75	47.00
306122448979591.75	10.00
306122448979591.75	41.00
306122448979591.75	113.00
305810397553516.81	143.00
305810397553516.81	66.00
305810397553516.81	98.00
305810397553516.81	128.00
305810397553516.81	74.00
305810397553516.81	58.00
305498981670061.06	95.00
305498981670061.06	91.00
305498981670061.06	73.00
305498981670061.06	110.00
305498981670061.06	15.00
305498981670061.06	2.00
305188199389623.56	173.00
305188199389623.56	97.00
305188199389623.56	11.00
305188199389623.56	129.00
305188199389623.56	139.00
305188199389623.56	137.00
304878048780487.81	33.00
304878048780487.81	135.00
304878048780487.81	120.00
304878048780487.81	70.00
304878048780487.81	7.00
304878048780487.81	29.00
304568527918781.69	81.00
304568527918781.69	111.00
304568527918781.69	127.00
304568527918781.69	69.00
304568527918781.69	99.00
304568527918781.69	68.00
304259634888438.19	57.00
304259634888438.19	45.00
304259634888438.19	90.00
304259634888438.19	28.00
304259634888438.19	54.00
304259634888438.19	117.00
303951367781155.00	113.00
303951367781155.00	99.00
303951367781155.00	38.00
303951367781155.00	88.00
303951367781155.00	55.00
303951367781155.00	49.00
303643724696356.25	60.00
303643724696356.25	140.00
303643724696356.25	116.00
303643724696356.25	61.00
303643724696356.25	105.00
303643724696356.25	116.00
303336703741152.69	93.00
303336703741152.69	45.00
303336703741152.69	32.00
303336703741152.69	132.00
303336703741152.69	103.00
303336703741152.69	142.00
303030303030303.00	58.00
303030303030303.00	31.00
303030303030303.00	90.00
303030303030303.00	80.00
303030303030303.00	-12.00
303030303030303.00	87.00
303030303030303.00	48.00
302724520686175.56	124.00
302724520686175.56	149.00
302724520686175.56	69.00
302724520686175.56	126.00
302724520686175.56	92.00
302724520686175.56	95.00
302419354838709.69	28.00
302419354838709.69	3.00
302419354838709.69	17.00
302419354838709.69	51.00
302419354838709.69	78.00
302419354838709.69	7.00
302114803625377.62	109.00
302114803625377.62	105.00
302114803625377.62	87.00
302114803625377.62	147.00
302114803625377.62	123.00
302114803625377.62	125.00
301810865191146.81	124.00
301810865191146.81	89.00
301810865191146.81	111.00
301810865191146.81	108.00
301810865191146.81	83.00
301810865191146.81	72.00
301507537688442.25	93.00
301507537688442.25	108.00
301507537688442.25	57.00
301507537688442.25	104.00
301507537688442.25	98.00
301507537688442.25	160.00
301204819277108.44	97.00
301204819277108.44	71.00
301204819277108.44	49.00
301204819277108.44	59.00
301204819277108.44	82.00
301204819277108.44	39.00
300902708124373.06	16.00
300902708124373.06	17.00
300902708124373.06	58.00
300902708124373.06	75.00
300902708124373.06	97.00
300902708124373.06	37.00
300601202404809.62	122.00
300601202404809.62	83.00
300601202404809.62	44.00
300601202404809.62	37.00
300601202404809.62	90.00
300601202404809.62	117.00
300300300300300.25	61.00
300300300300300.25	97.00
300300300300300.25	134.00
300300300300300.25	101.00
300300300300300.25	136.00
300300300300300.25	42.00
300300300300300.25	25.00
299999999999999.94	102.00
299999999999999.94	94.00
299999999999999.94	124.00
299999999999999.94	-14.00
299999999999999.94	59.00
299999999999999.94	30.00
299700299700299.69	46.00
299700299700299.69	62.00
299700299700299.69	76.00
299700299700299.69	13.00
299700299700299.69	36.00
299700299700299.69	75.00
299401197604790.37	110.00
299401197604790.37	-10.00
299401197604790.37	37.00
299401197604790.37	88.00
299401197604790.37	153.00
299401197604790.37	85.00
299102691924227.31	139.00
299102691924227.31	129.00
299102691924227.31	64.00
299102691924227.31	106.00
299102691924227.31	88.00
299102691924227.31	60.00
298804780876494.00	117.00
298804780876494.00	105.00
298804780876494.00	78.00
298804780876494.00	83.00
298804780876494.00	43.00
298804780876494.00	95.00
298507462686567.12	91.00
298507462686567.12	62.00
298507462686567.12	71.00
298507462686567.12	53.00
298507462686567.12	81.00
298507462686567.12	42.00
298210735586481.12	34.00
298210735586481.12	97.00
298210735586481.12	101.00
298210735586481.12	38.00
298210735586481.12	92.00
298210735586481.12	109.00
298210735586481.12	158.00
297914597815292.94	87.00
297914597815292.94	82.00
297914597815292.94	68.00
297914597815292.94	82.00
297914597815292.94	4.00
297914597815292.94	138.00
297619047619047.56	120.00
297619047619047.56	99.00
297619047619047.56	-13.00
297619047619047.56	59.00
297619047619047.56	123.00
297619047619047.56	99.00
297324083250743.31	53.00
297324083250743.31	114.00
297324083250743.31	48.00
297324083250743.31	116.00
297324083250743.31	0.00
297324083250743.31	1.00
297029702970297.00	42.00
297029702970297.00	133.00
297029702970297.00	17.00
297029702970297.00	24.00
297029702970297.00	77.00
297029702970297.00	53.00
296735905044510.37	74.00
296735905044510.37	117.00
296735905044510.37	84.00
296735905044510.37	30.00
296735905044510.37	35.00
296735905044510.37	67.00
296735905044510.37	-19.00
296442687747035.56	77.00
296442687747035.56	24.00
296442687747035.56	17.00
296442687747035.56	80.00
296442687747035.56	133.00
296442687747035.56	113.00
296150049358341.56	59.00
296150049358341.56	142.00
296150049358341.56	107.00
296150049358341.56	105.00
296150049358341.56	83.00
296150049358341.56	74.00
295857988165680.44	113.00
295857988165680.44	41.00
295857988165680.44	134.00
295857988165680.44	85.00
295857988165680.44	46.00
295857988165680.44	99.00
295566502463054.19	128.00
295566502463054.19	130.00
295566502463054.19	-13.00
295566502463054.19	39.00
295566502463054.19	71.00
295566502463054.19	43.00
295275590551181.06	108.00
295275590551181.06	87.00
295275590551181.06	121.00
295275590551181.06	82.00
295275590551181.06	55.00
295275590551181.06	36.00
295275590551181.06	13.00
294985250737463.12	98.00
294985250737463.12	89.00
294985250737463.12	85.00
294985250737463.12	104.00
294985250737463.12	96.00
294985250737463.12	43.00
294695481335952.81	65.00
294695481335952.81	67.00
294695481335952.81	36.00
294695481335952.81	76.00
294695481335952.81	63.00
294695481335952.81	67.00
294406280667320.87	105.00
294406280667320.87	-6.00
294406280667320.87	6.00
294406280667320.87	-20.00
294406280667320.87	81.00
294406280667320.87	13.00
294117647058823.56	73.00
294117647058823.56	18.00
294117647058823.56	108.00
294117647058823.56	30.00
294117647058823.56	89.00
294117647058823.56	96.00
293829578844270.31	45.00
293829578844270.31	2.00
293829578844270.31	61.00
293829578844270.31	65.00
293829578844270.31	97.00
293829578844270.31	-3.00
293829578844270.31	-39.00
293542074363992.12	134.00
293542074363992.12	62.00
293542074363992.12	21.00
293542074363992.12	101.00
293542074363992.12	46.00
293542074363992.12	61.00
293255131964809.37	74.00
293255131964809.37	111.00
293255131964809.37	66.00
293255131964809.37	131.00
293255131964809.37	59.00
293255131964809.37	132.00
292968749999999.94	39.00
292968749999999.94	101.00
292968749999999.94	94.00
292968749999999.94	106.00
292968749999999.94	-7.00
292968749999999.94	81.00
292682926829268.25	66.00
292682926829268.25	10.00
292682926829268.25	107.00
292682926829268.25	97.00
292682926829268.25	23.00
292682926829268.25	59.00
292682926829268.25	82.00
292397660818713.44	75.00
292397660818713.44	37.00
292397660818713.44	90.00
292397660818713.44	52.00
292397660818713.44	122.00
292397660818713.44	60.00
292112950340798.44	129.00
292112950340798.44	30.00
292112950340798.44	111.00
292112950340798.44	6.00
292112950340798.44	70.00
292112950340798.44	43.00
291828793774319.00	108.00
291828793774319.00	79.00
291828793774319.00	62.00
291828793774319.00	30.00
291828793774319.00	15.00
291828793774319.00	122.00
291545189504373.19	107.00
291545189504373.19	82.00
291545189504373.19	136.00
291545189504373.19	143.00
291545189504373.19	145.00
291545189504373.19	93.00
291545189504373.19	40.00
291262135922330.06	76.00
291262135922330.06	27.00
291262135922330.06	1.00
291262135922330.06	76.00
291262135922330.06	123.00
291262135922330.06	51.00
290979631425800.12	29.00
290979631425800.12	139.00
290979631425800.12	108.00
290979631425800.12	126.00
290979631425800.12	55.00
290979631425800.12	85.00
290697674418604.62	32.00
290697674418604.62	68.00
290697674418604.62	26.00
290697674418604.62	40.00
290697674418604.62	99.00
290697674418604.62	101.00
290416263310745.37	81.00
290416263310745.37	91.00
290416263310745.37	101.00
290416263310745.37	48.00
290416263310745.37	44.00
290416263310745.37	87.00
290416263310745.37	22.00
290135396518375.25	127.00
290135396518375.25	-6.00
290135396518375.25	45.00
290135396518375.25	138.00
290135396518375.25	115.00
290135396518375.25	-20.00
289855072463768.06	27.00
