869565217391304.25	43.00
869565217391304.25	43.00
867052023121387.37	43.00
867052023121387.37	79.00
867052023121387.37	-52.00
867052023121387.37	126.00
864553314121037.50	57.00
864553314121037.50	62.00
864553314121037.50	138.00
864553314121037.50	-11.00
864553314121037.50	36.00
862068965517241.25	80.00
862068965517241.25	95.00
862068965517241.25	104.00
862068965517241.25	102.00
862068965517241.25	99.00
859598853868194.75	60.00
859598853868194.75	114.00
859598853868194.75	79.00
859598853868194.75	212.00
857142857142857.00	68.00
857142857142857.00	55.00
857142857142857.00	45.00
857142857142857.00	110.00
857142857142857.00	95.00
854700854700854.62	74.00
854700854700854.62	92.00
854700854700854.62	108.00
854700854700854.62	10.00
854700854700854.62	116.00
852272727272727.25	104.00
852272727272727.25	29.00
852272727272727.25	135.00
852272727272727.25	61.00
849858356940510.00	113.00
849858356940510.00	55.00
849858356940510.00	61.00
849858356940510.00	165.00
849858356940510.00	61.00
847457627118644.12	161.00
847457627118644.12	120.00
847457627118644.12	34.00
847457627118644.12	6.00
847457627118644.12	50.00
845070422535211.25	39.00
845070422535211.25	68.00
845070422535211.25	88.00
845070422535211.25	133.00
842696629213483.12	44.00
842696629213483.12	149.00
842696629213483.12	57.00
842696629213483.12	63.00
842696629213483.12	28.00
840336134453781.50	112.00
840336134453781.50	25.00
840336134453781.50	147.00
840336134453781.50	104.00
840336134453781.50	77.00
837988826815642.50	108.00
837988826815642.50	84.00
837988826815642.50	78.00
837988826815642.50	86.00
835654596100278.50	117.00
835654596100278.50	104.00
835654596100278.50	101.00
835654596100278.50	109.00
835654596100278.50	64.00
833333333333333.25	132.00
833333333333333.25	146.00
833333333333333.25	56.00
833333333333333.25	162.00
833333333333333.25	98.00
831024930747922.37	93.00
831024930747922.37	82.00
831024930747922.37	82.00
831024930747922.37	17.00
828729281767955.62	181.00
828729281767955.62	91.00
828729281767955.62	35.00
828729281767955.62	42.00
828729281767955.62	112.00
826446280991735.50	131.00
826446280991735.50	88.00
826446280991735.50	104.00
826446280991735.50	94.00
826446280991735.50	86.00
824175824175824.12	96.00
824175824175824.12	65.00
824175824175824.12	116.00
824175824175824.12	120.00
824175824175824.12	38.00
821917808219178.00	137.00
821917808219178.00	70.00
821917808219178.00	51.00
821917808219178.00	58.00
819672131147540.87	78.00
819672131147540.87	14.00
819672131147540.87	84.00
819672131147540.87	-45.00
819672131147540.87	119.00
817438692098092.62	111.00
817438692098092.62	-2.00
817438692098092.62	106.00
817438692098092.62	35.00
817438692098092.62	91.00
815217391304347.87	45.00
815217391304347.87	48.00
815217391304347.87	133.00
815217391304347.87	78.00
813008130081300.75	119.00
813008130081300.75	53.00
813008130081300.75	-17.00
813008130081300.75	118.00
813008130081300.75	89.00
810810810810810.75	68.00
810810810810810.75	145.00
810810810810810.75	135.00
810810810810810.75	118.00
810810810810810.75	70.00
808625336927223.75	90.00
808625336927223.75	112.00
808625336927223.75	76.00
808625336927223.75	9.00
806451612903225.62	50.00
806451612903225.62	118.00
806451612903225.62	107.00
806451612903225.62	26.00
806451612903225.62	30.00
804289544235925.00	57.00
804289544235925.00	128.00
804289544235925.00	135.00
804289544235925.00	42.00
804289544235925.00	104.00
802139037433155.00	113.00
802139037433155.00	119.00
802139037433155.00	46.00
802139037433155.00	42.00
802139037433155.00	94.00
800000000000000.00	52.00
800000000000000.00	40.00
800000000000000.00	51.00
800000000000000.00	77.00
797872340425531.75	120.00
797872340425531.75	133.00
797872340425531.75	89.00
797872340425531.75	87.00
797872340425531.75	60.00
795755968169761.25	103.00
795755968169761.25	119.00
795755968169761.25	122.00
795755968169761.25	53.00
795755968169761.25	148.00
793650793650793.62	138.00
793650793650793.62	89.00
793650793650793.62	151.00
793650793650793.62	28.00
791556728232189.87	104.00
791556728232189.87	-4.00
791556728232189.87	77.00
791556728232189.87	58.00
791556728232189.87	101.00
789473684210526.37	178.00
789473684210526.37	118.00
789473684210526.37	81.00
789473684210526.37	125.00
789473684210526.37	35.00
787401574803149.50	108.00
787401574803149.50	99.00
787401574803149.50	46.00
787401574803149.50	74.00
787401574803149.50	66.00
785340314136125.62	116.00
785340314136125.62	111.00
785340314136125.62	86.00
785340314136125.62	134.00
783289817232376.00	144.00
783289817232376.00	118.00
783289817232376.00	65.00
783289817232376.00	48.00
783289817232376.00	28.00
781250000000000.00	141.00
781250000000000.00	91.00
781250000000000.00	138.00
781250000000000.00	85.00
781250000000000.00	54.00
779220779220779.25	118.00
779220779220779.25	76.00
779220779220779.25	100.00
779220779220779.25	89.00
777202072538860.00	96.00
777202072538860.00	105.00
777202072538860.00	165.00
777202072538860.00	128.00
777202072538860.00	118.00
775193798449612.37	39.00
775193798449612.37	104.00
775193798449612.37	131.00
775193798449612.37	121.00
775193798449612.37	109.00
773195876288659.62	121.00
773195876288659.62	181.00
773195876288659.62	159.00
773195876288659.62	67.00
773195876288659.62	76.00
771208226221079.75	110.00
771208226221079.75	74.00
771208226221079.75	185.00
771208226221079.75	40.00
769230769230769.25	166.00
769230769230769.25	82.00
769230769230769.25	70.00
769230769230769.25	46.00
769230769230769.25	202.00
767263427109974.37	129.00
767263427109974.37	15.00
767263427109974.37	176.00
767263427109974.37	76.00
767263427109974.37	122.00
765306122448979.62	134.00
765306122448979.62	73.00
765306122448979.62	117.00
765306122448979.62	16.00
763358778625954.12	169.00
763358778625954.12	51.00
763358778625954.12	126.00
763358778625954.12	135.00
763358778625954.12	139.00
761421319796954.37	112.00
761421319796954.37	121.00
761421319796954.37	119.00
761421319796954.37	101.00
761421319796954.37	194.00
759493670886075.87	71.00
759493670886075.87	194.00
759493670886075.87	118.00
759493670886075.87	26.00
759493670886075.87	122.00
757575757575757.62	106.00
757575757575757.62	86.00
757575757575757.62	96.00
757575757575757.62	96.00
755667506297229.25	129.00
755667506297229.25	124.00
755667506297229.25	123.00
755667506297229.25	141.00
755667506297229.25	59.00
753768844221105.37	179.00
753768844221105.37	160.00
753768844221105.37	147.00
753768844221105.37	244.00
753768844221105.37	138.00
751879699248120.37	121.00
751879699248120.37	73.00
751879699248120.37	159.00
751879699248120.37	105.00
751879699248120.37	102.00
750000000000000.00	80.00
750000000000000.00	99.00
750000000000000.00	83.00
750000000000000.00	112.00
748129675810473.75	70.00
748129675810473.75	135.00
748129675810473.75	115.00
748129675810473.75	160.00
748129675810473.75	172.00
746268656716417.87	74.00
746268656716417.87	172.00
746268656716417.87	85.00
746268656716417.87	44.00
746268656716417.87	153.00
744416873449131.37	114.00
744416873449131.37	96.00
744416873449131.37	90.00
744416873449131.37	126.00
744416873449131.37	141.00
742574257425742.62	88.00
742574257425742.62	47.00
742574257425742.62	185.00
742574257425742.62	58.00
740740740740740.75	139.00
740740740740740.75	129.00
740740740740740.75	177.00
740740740740740.75	105.00
740740740740740.75	76.00
738916256157635.50	70.00
738916256157635.50	130.00
738916256157635.50	73.00
738916256157635.50	98.00
738916256157635.50	127.00
737100737100737.00	53.00
737100737100737.00	30.00
737100737100737.00	99.00
737100737100737.00	109.00
735294117647058.75	45.00
735294117647058.75	81.00
735294117647058.75	144.00
735294117647058.75	108.00
735294117647058.75	91.00
733496332518337.37	115.00
733496332518337.37	139.00
733496332518337.37	92.00
733496332518337.37	87.00
733496332518337.37	97.00
731707317073170.75	-3.00
731707317073170.75	174.00
731707317073170.75	118.00
731707317073170.75	73.00
731707317073170.75	44.00
729927007299270.00	106.00
729927007299270.00	92.00
729927007299270.00	165.00
729927007299270.00	141.00
728155339805825.12	143.00
728155339805825.12	106.00
728155339805825.12	83.00
728155339805825.12	100.00
728155339805825.12	141.00
726392251815980.62	63.00
726392251815980.62	55.00
726392251815980.62	140.00
726392251815980.62	161.00
726392251815980.62	147.00
724637681159420.25	64.00
724637681159420.25	107.00
724637681159420.25	141.00
724637681159420.25	67.00
724637681159420.25	136.00
722891566265060.25	63.00
722891566265060.25	124.00
722891566265060.25	134.00
722891566265060.25	187.00
721153846153846.00	112.00
721153846153846.00	83.00
721153846153846.00	139.00
721153846153846.00	142.00
721153846153846.00	176.00
719424460431654.62	91.00
719424460431654.62	161.00
719424460431654.62	92.00
719424460431654.62	139.00
719424460431654.62	103.00
717703349282296.62	176.00
717703349282296.62	113.00
717703349282296.62	154.00
717703349282296.62	99.00
717703349282296.62	118.00
715990453460620.50	123.00
715990453460620.50	68.00
715990453460620.50	113.00
715990453460620.50	169.00
715990453460620.50	161.00
714285714285714.37	187.00
714285714285714.37	111.00
714285714285714.37	156.00
714285714285714.37	131.00
712589073634204.12	71.00
712589073634204.12	81.00
712589073634204.12	100.00
712589073634204.12	113.00
712589073634204.12	186.00
710900473933649.25	115.00
710900473933649.25	105.00
710900473933649.25	18.00
710900473933649.25	106.00
710900473933649.25	117.00
709219858156028.25	179.00
709219858156028.25	94.00
709219858156028.25	88.00
709219858156028.25	177.00
709219858156028.25	120.00
707547169811320.62	194.00
707547169811320.62	83.00
707547169811320.62	101.00
707547169811320.62	107.00
705882352941176.50	208.00
705882352941176.50	175.00
705882352941176.50	134.00
705882352941176.50	67.00
705882352941176.50	178.00
704225352112676.12	66.00
704225352112676.12	131.00
704225352112676.12	102.00
704225352112676.12	94.00
704225352112676.12	182.00
702576112412177.87	174.00
702576112412177.87	163.00
702576112412177.87	174.00
702576112412177.87	173.00
702576112412177.87	109.00
700934579439252.25	174.00
700934579439252.25	190.00
700934579439252.25	107.00
700934579439252.25	157.00
699300699300699.25	145.00
699300699300699.25	103.00
699300699300699.25	74.00
699300699300699.25	215.00
699300699300699.25	132.00
697674418604651.12	150.00
697674418604651.12	136.00
697674418604651.12	44.00
697674418604651.12	115.00
697674418604651.12	178.00
696055684454756.37	130.00
696055684454756.37	167.00
696055684454756.37	112.00
696055684454756.37	201.00
696055684454756.37	117.00
694444444444444.50	143.00
694444444444444.50	128.00
694444444444444.50	183.00
694444444444444.50	123.00
692840646651270.25	151.00
692840646651270.25	139.00
692840646651270.25	232.00
692840646651270.25	232.00
692840646651270.25	64.00
691244239631336.25	121.00
691244239631336.25	180.00
691244239631336.25	157.00
691244239631336.25	182.00
691244239631336.25	130.00
689655172413793.00	200.00
689655172413793.00	226.00
689655172413793.00	198.00
689655172413793.00	227.00
689655172413793.00	151.00
688073394495412.75	159.00
688073394495412.75	189.00
688073394495412.75	276.00
688073394495412.75	91.00
688073394495412.75	183.00
686498855835240.25	195.00
686498855835240.25	106.00
686498855835240.25	196.00
686498855835240.25	176.00
684931506849315.12	180.00
684931506849315.12	175.00
684931506849315.12	171.00
684931506849315.12	210.00
684931506849315.12	209.00
683371298405466.87	154.00
683371298405466.87	183.00
683371298405466.87	211.00
683371298405466.87	141.00
683371298405466.87	156.00
681818181818181.75	157.00
681818181818181.75	114.00
681818181818181.75	172.00
681818181818181.75	175.00
681818181818181.75	251.00
680272108843537.25	157.00
680272108843537.25	193.00
680272108843537.25	204.00
680272108843537.25	211.00
680272108843537.25	140.00
678733031674208.12	183.00
678733031674208.12	163.00
678733031674208.12	212.00
678733031674208.12	185.00
677200902934537.12	258.00
677200902934537.12	249.00
677200902934537.12	251.00
677200902934537.12	197.00
677200902934537.12	159.00
675675675675675.75	135.00
675675675675675.75	224.00
675675675675675.75	127.00
675675675675675.75	223.00
675675675675675.75	279.00
674157303370786.37	164.00
674157303370786.37	171.00
674157303370786.37	231.00
674157303370786.37	109.00
674157303370786.37	224.00
672645739910313.87	242.00
672645739910313.87	245.00
672645739910313.87	165.00
672645739910313.87	163.00
671140939597315.37	238.00
671140939597315.37	209.00
671140939597315.37	185.00
671140939597315.37	130.00
671140939597315.37	223.00
669642857142857.00	118.00
669642857142857.00	135.00
669642857142857.00	242.00
669642857142857.00	288.00
669642857142857.00	181.00
668151447661470.00	206.00
668151447661470.00	187.00
668151447661470.00	191.00
668151447661470.00	204.00
668151447661470.00	202.00
666666666666666.62	233.00
666666666666666.62	121.00
666666666666666.62	174.00
666666666666666.62	192.00
666666666666666.62	290.00
665188470066518.87	258.00
665188470066518.87	189.00
665188470066518.87	139.00
665188470066518.87	178.00
663716814159292.00	241.00
663716814159292.00	177.00
663716814159292.00	240.00
663716814159292.00	192.00
663716814159292.00	215.00
662251655629139.12	208.00
662251655629139.12	223.00
662251655629139.12	201.00
662251655629139.12	205.00
662251655629139.12	157.00
660792951541850.25	80.00
660792951541850.25	224.00
660792951541850.25	243.00
660792951541850.25	141.00
660792951541850.25	170.00
659340659340659.25	162.00
659340659340659.25	184.00
659340659340659.25	207.00
659340659340659.25	281.00
659340659340659.25	197.00
657894736842105.25	212.00
657894736842105.25	226.00
657894736842105.25	212.00
657894736842105.25	184.00
657894736842105.25	275.00
656455142231947.50	237.00
656455142231947.50	137.00
656455142231947.50	288.00
656455142231947.50	258.00
655021834061135.37	171.00
655021834061135.37	247.00
655021834061135.37	247.00
655021834061135.37	177.00
655021834061135.37	245.00
653594771241830.12	263.00
653594771241830.12	184.00
653594771241830.12	230.00
653594771241830.12	310.00
653594771241830.12	210.00
652173913043478.25	300.00
652173913043478.25	165.00
652173913043478.25	229.00
652173913043478.25	180.00
652173913043478.25	218.00
650759219088937.12	251.00
650759219088937.12	204.00
650759219088937.12	190.00
650759219088937.12	274.00
650759219088937.12	213.00
649350649350649.25	270.00
649350649350649.25	182.00
649350649350649.25	253.00
649350649350649.25	293.00
647948164146868.25	301.00
647948164146868.25	187.00
647948164146868.25	257.00
647948164146868.25	195.00
647948164146868.25	234.00
646551724137931.00	261.00
646551724137931.00	232.00
646551724137931.00	214.00
646551724137931.00	322.00
646551724137931.00	260.00
645161290322580.62	185.00
645161290322580.62	264.00
645161290322580.62	230.00
645161290322580.62	253.00
645161290322580.62	279.00
643776824034334.75	255.00
643776824034334.75	202.00
643776824034334.75	218.00
643776824034334.75	285.00
643776824034334.75	339.00
642398286937901.50	251.00
642398286937901.50	295.00
642398286937901.50	302.00
642398286937901.50	204.00
641025641025641.00	263.00
641025641025641.00	228.00
641025641025641.00	238.00
641025641025641.00	246.00
641025641025641.00	247.00
639658848614072.50	258.00
639658848614072.50	294.00
639658848614072.50	330.00
639658848614072.50	265.00
639658848614072.50	297.00
638297872340425.50	276.00
638297872340425.50	303.00
638297872340425.50	281.00
638297872340425.50	303.00
638297872340425.50	354.00
636942675159235.62	319.00
636942675159235.62	283.00
636942675159235.62	299.00
636942675159235.62	325.00
636942675159235.62	404.00
635593220338983.00	300.00
635593220338983.00	266.00
635593220338983.00	334.00
635593220338983.00	260.00
635593220338983.00	306.00
634249471458773.87	333.00
634249471458773.87	265.00
634249471458773.87	328.00
634249471458773.87	315.00
632911392405063.25	320.00
632911392405063.25	247.00
632911392405063.25	325.00
632911392405063.25	377.00
632911392405063.25	298.00
631578947368421.00	343.00
631578947368421.00	346.00
631578947368421.00	404.00
631578947368421.00	399.00
631578947368421.00	410.00
630252100840336.12	332.00
630252100840336.12	358.00
630252100840336.12	367.00
630252100840336.12	296.00
630252100840336.12	314.00
628930817610062.87	395.00
628930817610062.87	366.00
628930817610062.87	365.00
628930817610062.87	350.00
628930817610062.87	409.00
627615062761506.25	324.00
627615062761506.25	344.00
627615062761506.25	412.00
627615062761506.25	414.00
627615062761506.25	402.00
626304801670146.12	398.00
626304801670146.12	431.00
626304801670146.12	377.00
626304801670146.12	411.00
624999999999999.87	377.00
624999999999999.87	411.00
624999999999999.87	424.00
624999999999999.87	402.00
624999999999999.87	383.00
623700623700623.62	404.00
623700623700623.62	411.00
623700623700623.62	337.00
623700623700623.62	449.00
623700623700623.62	427.00
622406639004149.37	413.00
622406639004149.37	345.00
622406639004149.37	435.00
622406639004149.37	443.00
622406639004149.37	385.00
621118012422360.12	518.00
621118012422360.12	470.00
621118012422360.12	454.00
621118012422360.12	456.00
621118012422360.12	387.00
619834710743801.62	437.00
619834710743801.62	439.00
619834710743801.62	424.00
619834710743801.62	441.00
619834710743801.62	459.00
618556701030927.75	469.00
618556701030927.75	486.00
618556701030927.75	414.00
618556701030927.75	492.00
618556701030927.75	476.00
617283950617284.00	486.00
617283950617284.00	415.00
617283950617284.00	471.00
617283950617284.00	442.00
616016427104722.62	436.00
616016427104722.62	419.00
616016427104722.62	449.00
616016427104722.62	433.00
616016427104722.62	431.00
614754098360655.75	474.00
614754098360655.75	507.00
614754098360655.75	503.00
614754098360655.75	567.00
614754098360655.75	435.00
613496932515337.50	473.00
613496932515337.50	442.00
613496932515337.50	472.00
613496932515337.50	483.00
613496932515337.50	478.00
612244897959183.50	427.00
612244897959183.50	535.00
612244897959183.50	455.00
612244897959183.50	497.00
612244897959183.50	505.00
610997963340122.12	464.00
610997963340122.12	512.00
610997963340122.12	509.00
610997963340122.12	512.00
610997963340122.12	546.00
609756097560975.62	515.00
609756097560975.62	559.00
609756097560975.62	491.00
609756097560975.62	510.00
609756097560975.62	493.00
608519269776876.37	544.00
608519269776876.37	533.00
608519269776876.37	525.00
608519269776876.37	525.00
607287449392712.50	548.00
607287449392712.50	501.00
607287449392712.50	591.00
607287449392712.50	568.00
607287449392712.50	573.00
606060606060606.00	562.00
606060606060606.00	540.00
606060606060606.00	594.00
606060606060606.00	604.00
606060606060606.00	629.00
604838709677419.37	582.00
604838709677419.37	602.00
604838709677419.37	521.00
604838709677419.37	584.00
604838709677419.37	656.00
603621730382293.62	571.00
603621730382293.62	607.00
603621730382293.62	549.00
603621730382293.62	586.00
603621730382293.62	579.00
602409638554216.87	640.00
602409638554216.87	610.00
602409638554216.87	654.00
602409638554216.87	580.00
602409638554216.87	651.00
601202404809619.25	596.00
601202404809619.25	540.00
601202404809619.25	612.00
601202404809619.25	606.00
601202404809619.25	669.00
599999999999999.87	606.00
599999999999999.87	638.00
599999999999999.87	658.00
599999999999999.87	652.00
598802395209580.75	664.00
598802395209580.75	631.00
598802395209580.75	636.00
598802395209580.75	694.00
598802395209580.75	697.00
597609561752988.00	712.00
597609561752988.00	682.00
597609561752988.00	682.00
597609561752988.00	682.00
597609561752988.00	662.00
596421471172962.25	683.00
596421471172962.25	712.00
596421471172962.25	690.00
596421471172962.25	723.00
596421471172962.25	693.00
595238095238095.12	660.00
595238095238095.12	700.00
595238095238095.12	583.00
595238095238095.12	676.00
595238095238095.12	754.00
594059405940594.00	696.00
594059405940594.00	745.00
594059405940594.00	700.00
594059405940594.00	822.00
594059405940594.00	688.00
592885375494071.12	731.00
592885375494071.12	736.00
592885375494071.12	686.00
592885375494071.12	735.00
592885375494071.12	768.00
591715976331360.87	684.00
591715976331360.87	767.00
591715976331360.87	725.00
591715976331360.87	778.00
591715976331360.87	747.00
590551181102362.12	709.00
590551181102362.12	781.00
590551181102362.12	706.00
590551181102362.12	854.00
589390962671905.62	718.00
589390962671905.62	764.00
589390962671905.62	803.00
589390962671905.62	773.00
589390962671905.62	797.00
588235294117647.12	773.00
588235294117647.12	793.00
588235294117647.12	805.00
588235294117647.12	785.00
588235294117647.12	792.00
587084148727984.25	814.00
587084148727984.25	797.00
587084148727984.25	836.00
587084148727984.25	831.00
587084148727984.25	761.00
585937499999999.87	819.00
585937499999999.87	933.00
585937499999999.87	794.00
585937499999999.87	823.00
585937499999999.87	819.00
584795321637426.87	827.00
584795321637426.87	866.00
584795321637426.87	874.00
584795321637426.87	898.00
584795321637426.87	877.00
583657587548638.00	858.00
583657587548638.00	837.00
583657587548638.00	897.00
583657587548638.00	924.00
583657587548638.00	964.00
582524271844660.12	885.00
582524271844660.12	887.00
582524271844660.12	871.00
582524271844660.12	844.00
582524271844660.12	880.00
581395348837209.25	887.00
581395348837209.25	910.00
581395348837209.25	979.00
581395348837209.25	932.00
581395348837209.25	950.00
580270793036750.50	905.00
580270793036750.50	971.00
580270793036750.50	893.00
580270793036750.50	947.00
579150579150579.00	1001.00
579150579150579.00	901.00
579150579150579.00	1023.00
579150579150579.00	949.00
579150579150579.00	928.00
578034682080924.75	993.00
578034682080924.75	960.00
578034682080924.75	878.00
578034682080924.75	938.00
578034682080924.75	946.00
576923076923076.87	960.00
576923076923076.87	1027.00
576923076923076.87	969.00
576923076923076.87	992.00
576923076923076.87	1006.00
575815738963531.62	1093.00
575815738963531.62	1017.00
575815738963531.62	962.00
575815738963531.62	1012.00
575815738963531.62	1063.00
574712643678160.87	1052.00
574712643678160.87	1020.00
574712643678160.87	990.00
574712643678160.87	1012.00
574712643678160.87	1006.00
573613766730401.50	1122.00
573613766730401.50	1057.00
573613766730401.50	1006.00
573613766730401.50	1010.00
573613766730401.50	1104.00
572519083969465.62	1066.00
572519083969465.62	1012.00
572519083969465.62	1063.00
572519083969465.62	1042.00
572519083969465.62	1078.00
571428571428571.37	1100.00
571428571428571.37	1059.00
571428571428571.37	1072.00
571428571428571.37	1161.00
571428571428571.37	1094.00
570342205323193.87	1141.00
570342205323193.87	1142.00
570342205323193.87	1064.00
570342205323193.87	1089.00
570342205323193.87	1092.00
569259962049335.87	1065.00
569259962049335.87	1169.00
569259962049335.87	1122.00
569259962049335.87	1143.00
568181818181818.12	1189.00
568181818181818.12	1196.00
568181818181818.12	1150.00
568181818181818.12	1143.00
568181818181818.12	1166.00
567107750472589.75	1124.00
567107750472589.75	1151.00
567107750472589.75	1226.00
567107750472589.75	1168.00
567107750472589.75	1190.00
566037735849056.62	1181.00
566037735849056.62	1188.00
566037735849056.62	1169.00
566037735849056.62	1103.00
566037735849056.62	1189.00
564971751412429.25	1105.00
564971751412429.25	1185.00
564971751412429.25	1269.00
564971751412429.25	1149.00
564971751412429.25	1249.00
563909774436090.12	1230.00
563909774436090.12	1269.00
563909774436090.12	1227.00
563909774436090.12	1277.00
563909774436090.12	1255.00
562851782363977.44	1257.00
562851782363977.44	1295.00
562851782363977.44	1306.00
562851782363977.44	1363.00
562851782363977.44	1325.00
561797752808988.75	1343.00
561797752808988.75	1360.00
561797752808988.75	1293.00
561797752808988.75	1343.00
561797752808988.75	1274.00
560747663551401.75	1261.00
560747663551401.75	1302.00
560747663551401.75	1290.00
560747663551401.75	1296.00
560747663551401.75	1350.00
559701492537313.44	1364.00
559701492537313.44	1314.00
559701492537313.44	1259.00
559701492537313.44	1292.00
559701492537313.44	1388.00
558659217877094.94	1286.00
558659217877094.94	1341.00
558659217877094.94	1307.00
558659217877094.94	1452.00
558659217877094.94	1366.00
557620817843866.12	1442.00
557620817843866.12	1471.00
557620817843866.12	1312.00
557620817843866.12	1429.00
557620817843866.12	1372.00
556586270871985.12	1430.00
556586270871985.12	1478.00
556586270871985.12	1369.00
556586270871985.12	1472.00
556586270871985.12	1398.00
555555555555555.50	1368.00
555555555555555.50	1446.00
555555555555555.50	1549.00
555555555555555.50	1471.00
554528650646950.12	1435.00
554528650646950.12	1468.00
554528650646950.12	1490.00
554528650646950.12	1463.00
554528650646950.12	1514.00
553505535055350.50	1443.00
553505535055350.50	1502.00
553505535055350.50	1418.00
553505535055350.50	1460.00
553505535055350.50	1480.00
552486187845303.81	1556.00
552486187845303.81	1421.00
552486187845303.81	1453.00
552486187845303.81	1549.00
552486187845303.81	1493.00
551470588235294.12	1482.00
551470588235294.12	1536.00
551470588235294.12	1472.00
551470588235294.12	1437.00
551470588235294.12	1588.00
550458715596330.19	1546.00
550458715596330.19	1502.00
550458715596330.19	1529.00
550458715596330.19	1546.00
550458715596330.19	1562.00
549450549450549.37	1608.00
549450549450549.37	1607.00
549450549450549.37	1551.00
549450549450549.37	1594.00
549450549450549.37	1524.00
548446069469835.50	1539.00
548446069469835.50	1580.00
548446069469835.50	1531.00
548446069469835.50	1518.00
548446069469835.50	1543.00
547445255474452.56	1578.00
547445255474452.56	1495.00
547445255474452.56	1544.00
547445255474452.56	1627.00
547445255474452.56	1566.00
546448087431693.94	1487.00
546448087431693.94	1623.00
546448087431693.94	1597.00
546448087431693.94	1611.00
546448087431693.94	1615.00
545454545454545.44	1644.00
545454545454545.44	1555.00
545454545454545.44	1606.00
545454545454545.44	1615.00
545454545454545.44	1641.00
544464609800363.00	1652.00
544464609800363.00	1593.00
544464609800363.00	1618.00
544464609800363.00	1607.00
544464609800363.00	1626.00
543478260869565.19	1699.00
543478260869565.19	1640.00
543478260869565.19	1669.00
543478260869565.19	1659.00
543478260869565.19	1630.00
542495479204339.94	1629.00
542495479204339.94	1570.00
542495479204339.94	1562.00
542495479204339.94	1618.00
542495479204339.94	1564.00
541516245487364.62	1663.00
541516245487364.62	1630.00
541516245487364.62	1726.00
541516245487364.62	1601.00
541516245487364.62	1562.00
540540540540540.44	1571.00
540540540540540.44	1649.00
540540540540540.44	1552.00
540540540540540.44	1589.00
540540540540540.44	1556.00
539568345323740.94	1573.00
539568345323740.94	1632.00
539568345323740.94	1624.00
539568345323740.94	1538.00
539568345323740.94	1610.00
538599640933572.69	1681.00
538599640933572.69	1613.00
538599640933572.69	1587.00
538599640933572.69	1572.00
537634408602150.56	1693.00
537634408602150.56	1623.00
537634408602150.56	1590.00
537634408602150.56	1546.00
537634408602150.56	1662.00
536672629695885.44	1487.00
536672629695885.44	1630.00
536672629695885.44	1556.00
536672629695885.44	1549.00
536672629695885.44	1558.00
535714285714285.69	1601.00
535714285714285.69	1547.00
535714285714285.69	1658.00
535714285714285.69	1577.00
535714285714285.69	1620.00
534759358288770.06	1527.00
534759358288770.06	1585.00
534759358288770.06	1649.00
534759358288770.06	1580.00
534759358288770.06	1519.00
533807829181494.56	1488.00
533807829181494.56	1486.00
533807829181494.56	1667.00
533807829181494.56	1561.00
533807829181494.56	1613.00
532859680284191.81	1542.00
532859680284191.81	1450.00
532859680284191.81	1540.00
532859680284191.81	1497.00
532859680284191.81	1525.00
531914893617021.25	1616.00
531914893617021.25	1556.00
531914893617021.25	1500.00
531914893617021.25	1534.00
531914893617021.25	1489.00
530973451327433.62	1500.00
530973451327433.62	1490.00
530973451327433.62	1482.00
530973451327433.62	1490.00
530973451327433.62	1475.00
530035335689045.87	1484.00
530035335689045.87	1523.00
530035335689045.87	1493.00
530035335689045.87	1451.00
530035335689045.87	1527.00
529100529100529.06	1418.00
529100529100529.06	1466.00
529100529100529.06	1466.00
529100529100529.06	1465.00
529100529100529.06	1428.00
528169014084507.00	1387.00
528169014084507.00	1449.00
528169014084507.00	1484.00
528169014084507.00	1454.00
528169014084507.00	1420.00
527240773286467.44	1416.00
527240773286467.44	1484.00
527240773286467.44	1481.00
527240773286467.44	1459.00
527240773286467.44	1392.00
526315789473684.12	1370.00
526315789473684.12	1373.00
526315789473684.12	1387.00
526315789473684.12	1371.00
526315789473684.12	1406.00
525394045534150.62	1406.00
525394045534150.62	1406.00
525394045534150.62	1383.00
525394045534150.62	1412.00
525394045534150.62	1342.00
524475524475524.50	1317.00
524475524475524.50	1348.00
524475524475524.50	1361.00
524475524475524.50	1409.00
524475524475524.50	1372.00
523560209424083.69	1307.00
523560209424083.69	1310.00
523560209424083.69	1334.00
523560209424083.69	1303.00
523560209424083.69	1284.00
522648083623693.37	1335.00
522648083623693.37	1309.00
522648083623693.37	1297.00
522648083623693.37	1328.00
522648083623693.37	1330.00
521739130434782.56	1231.00
521739130434782.56	1305.00
521739130434782.56	1307.00
521739130434782.56	1341.00
521739130434782.56	1219.00
520833333333333.25	1248.00
520833333333333.25	1287.00
520833333333333.25	1280.00
520833333333333.25	1298.00
520833333333333.25	1211.00
519930675909878.62	1319.00
519930675909878.62	1221.00
519930675909878.62	1168.00
519930675909878.62	1264.00
519930675909878.62	1256.00
519031141868512.12	1258.00
519031141868512.12	1185.00
519031141868512.12	1266.00
519031141868512.12	1275.00
519031141868512.12	1274.00
518134715025906.75	1248.00
518134715025906.75	1304.00
518134715025906.75	1297.00
518134715025906.75	1203.00
518134715025906.75	1190.00
517241379310344.75	1195.00
517241379310344.75	1253.00
517241379310344.75	1291.00
517241379310344.75	1281.00
517241379310344.75	1187.00
516351118760757.31	1112.00
516351118760757.31	1277.00
516351118760757.31	1113.00
516351118760757.31	1187.00
516351118760757.31	1219.00
515463917525773.19	1187.00
515463917525773.19	1144.00
515463917525773.19	1142.00
515463917525773.19	1164.00
515463917525773.19	1104.00
514579759862778.69	1167.00
514579759862778.69	1218.00
514579759862778.69	1167.00
514579759862778.69	1168.00
514579759862778.69	1173.00
513698630136986.25	1157.00
513698630136986.25	1201.00
513698630136986.25	1105.00
513698630136986.25	1147.00
513698630136986.25	1239.00
512820512820512.75	1159.00
512820512820512.75	1116.00
512820512820512.75	1107.00
512820512820512.75	1136.00
512820512820512.75	1089.00
511945392491467.50	1133.00
511945392491467.50	1120.00
511945392491467.50	1094.00
511945392491467.50	1182.00
511945392491467.50	1066.00
511073253833049.37	1168.00
511073253833049.37	1133.00
511073253833049.37	1100.00
511073253833049.37	1099.00
511073253833049.37	1085.00
510204081632653.06	1042.00
510204081632653.06	1106.00
510204081632653.06	1067.00
510204081632653.06	1106.00
510204081632653.06	1132.00
509337860780984.75	1061.00
509337860780984.75	1030.00
509337860780984.75	1067.00
509337860780984.75	1143.00
509337860780984.75	1129.00
508474576271186.37	1090.00
508474576271186.37	1069.00
508474576271186.37	1080.00
508474576271186.37	1061.00
508474576271186.37	1137.00
507614213197969.50	1132.00
507614213197969.50	1036.00
507614213197969.50	1006.00
507614213197969.50	1038.00
507614213197969.50	1037.00
506756756756756.75	1098.00
506756756756756.75	1115.00
506756756756756.75	1048.00
506756756756756.75	1136.00
506756756756756.75	1005.00
505902192242833.00	1004.00
505902192242833.00	1096.00
505902192242833.00	1158.00
505902192242833.00	1095.00
505902192242833.00	1034.00
505050505050505.00	1099.00
505050505050505.00	1053.00
505050505050505.00	1016.00
505050505050505.00	1047.00
505050505050505.00	1010.00
504201680672268.94	1035.00
504201680672268.94	1059.00
504201680672268.94	1049.00
504201680672268.94	1024.00
504201680672268.94	1071.00
503355704697986.56	965.00
503355704697986.56	1038.00
503355704697986.56	1016.00
503355704697986.56	1097.00
503355704697986.56	1030.00
502512562814070.31	1091.00
502512562814070.31	1037.00
502512562814070.31	1043.00
502512562814070.31	1048.00
502512562814070.31	1081.00
501672240802675.56	978.00
501672240802675.56	1026.00
501672240802675.56	1126.00
501672240802675.56	1009.00
501672240802675.56	1036.00
500834724540901.50	1001.00
500834724540901.50	1072.00
500834724540901.50	975.00
500834724540901.50	1102.00
500834724540901.50	986.00
499999999999999.94	1026.00
499999999999999.94	986.00
499999999999999.94	960.00
499999999999999.94	1050.00
499999999999999.94	1082.00
499168053244592.31	939.00
499168053244592.31	1086.00
499168053244592.31	1123.00
499168053244592.31	1074.00
499168053244592.31	998.00
498338870431893.69	1026.00
498338870431893.69	1051.00
498338870431893.69	1098.00
498338870431893.69	973.00
498338870431893.69	1019.00
497512437810945.31	1000.00
497512437810945.31	1025.00
497512437810945.31	981.00
497512437810945.31	1062.00
497512437810945.31	1000.00
496688741721854.25	1021.00
496688741721854.25	1057.00
496688741721854.25	1077.00
496688741721854.25	1002.00
496688741721854.25	1041.00
495867768595041.31	1053.00
495867768595041.31	1011.00
495867768595041.31	1067.00
495867768595041.31	953.00
495867768595041.31	1151.00
495049504950495.06	976.00
495049504950495.06	1022.00
495049504950495.06	1052.00
495049504950495.06	1002.00
495049504950495.06	1017.00
494233937397034.50	1019.00
494233937397034.50	976.00
494233937397034.50	990.00
494233937397034.50	916.00
494233937397034.50	1062.00
493421052631578.94	947.00
493421052631578.94	1002.00
493421052631578.94	993.00
493421052631578.94	939.00
493421052631578.94	1031.00
493421052631578.94	970.00
492610837438423.62	985.00
492610837438423.62	1011.00
492610837438423.62	1058.00
492610837438423.62	1005.00
492610837438423.62	1045.00
491803278688524.50	1019.00
491803278688524.50	980.00
491803278688524.50	989.00
491803278688524.50	966.00
491803278688524.50	944.00
490998363338788.81	1020.00
490998363338788.81	1023.00
490998363338788.81	988.00
490998363338788.81	947.00
490998363338788.81	993.00
490196078431372.50	951.00
490196078431372.50	969.00
490196078431372.50	1090.00
490196078431372.50	998.00
490196078431372.50	991.00
489396411092985.31	1009.00
489396411092985.31	1035.00
489396411092985.31	1002.00
489396411092985.31	1002.00
489396411092985.31	1018.00
488599348534201.87	894.00
488599348534201.87	947.00
488599348534201.87	1049.00
488599348534201.87	995.00
488599348534201.87	1019.00
487804878048780.44	1038.00
487804878048780.44	966.00
487804878048780.44	907.00
487804878048780.44	954.00
487804878048780.44	1009.00
487012987012987.00	990.00
487012987012987.00	1058.00
487012987012987.00	964.00
487012987012987.00	1023.00
487012987012987.00	928.00
486223662884927.00	958.00
486223662884927.00	976.00
486223662884927.00	955.00
486223662884927.00	989.00
486223662884927.00	969.00
485436893203883.50	952.00
485436893203883.50	1005.00
485436893203883.50	913.00
485436893203883.50	913.00
485436893203883.50	941.00
484652665589660.75	973.00
484652665589660.75	1013.00
484652665589660.75	987.00
484652665589660.75	934.00
484652665589660.75	1001.00
483870967741935.50	926.00
483870967741935.50	944.00
483870967741935.50	962.00
483870967741935.50	922.00
483870967741935.50	866.00
483091787439613.44	870.00
483091787439613.44	865.00
483091787439613.44	963.00
483091787439613.44	943.00
483091787439613.44	918.00
482315112540192.94	936.00
482315112540192.94	826.00
482315112540192.94	1003.00
482315112540192.94	996.00
482315112540192.94	950.00
481540930979133.19	895.00
481540930979133.19	965.00
481540930979133.19	853.00
481540930979133.19	965.00
481540930979133.19	999.00
480769230769230.69	946.00
480769230769230.69	963.00
480769230769230.69	978.00
480769230769230.69	849.00
480769230769230.69	883.00
479999999999999.94	897.00
479999999999999.94	916.00
479999999999999.94	827.00
479999999999999.94	946.00
479999999999999.94	1019.00
479999999999999.94	861.00
479233226837060.69	856.00
479233226837060.69	935.00
479233226837060.69	905.00
479233226837060.69	942.00
479233226837060.69	948.00
478468899521531.12	916.00
478468899521531.12	906.00
478468899521531.12	932.00
478468899521531.12	908.00
478468899521531.12	911.00
477707006369426.69	881.00
477707006369426.69	973.00
477707006369426.69	953.00
477707006369426.69	870.00
477707006369426.69	923.00
476947535771065.19	963.00
476947535771065.19	903.00
476947535771065.19	953.00
476947535771065.19	908.00
476947535771065.19	905.00
476190476190476.19	845.00
476190476190476.19	879.00
476190476190476.19	895.00
476190476190476.19	821.00
476190476190476.19	900.00
475435816164817.69	908.00
475435816164817.69	833.00
475435816164817.69	909.00
475435816164817.69	866.00
475435816164817.69	852.00
474683544303797.44	863.00
474683544303797.44	943.00
474683544303797.44	855.00
474683544303797.44	881.00
474683544303797.44	836.00
473933649289099.56	900.00
473933649289099.56	904.00
473933649289099.56	967.00
473933649289099.56	888.00
473933649289099.56	929.00
473186119873816.94	933.00
473186119873816.94	962.00
473186119873816.94	863.00
473186119873816.94	931.00
473186119873816.94	857.00
472440944881889.75	925.00
472440944881889.75	769.00
472440944881889.75	863.00
472440944881889.75	880.00
472440944881889.75	888.00
471698113207547.12	871.00
471698113207547.12	866.00
471698113207547.12	824.00
471698113207547.12	928.00
471698113207547.12	845.00
470957613814756.69	862.00
470957613814756.69	849.00
470957613814756.69	793.00
470957613814756.69	875.00
470957613814756.69	807.00
470957613814756.69	870.00
470219435736677.00	822.00
470219435736677.00	865.00
470219435736677.00	904.00
470219435736677.00	856.00
470219435736677.00	980.00
469483568075117.31	801.00
469483568075117.31	958.00
469483568075117.31	927.00
469483568075117.31	906.00
469483568075117.31	898.00
468750000000000.00	822.00
468750000000000.00	831.00
468750000000000.00	934.00
468750000000000.00	888.00
468750000000000.00	873.00
468018720748829.94	818.00
468018720748829.94	863.00
468018720748829.94	845.00
468018720748829.94	929.00
468018720748829.94	856.00
467289719626168.19	876.00
467289719626168.19	853.00
467289719626168.19	869.00
467289719626168.19	871.00
467289719626168.19	887.00
466562986003110.37	815.00
466562986003110.37	849.00
466562986003110.37	811.00
466562986003110.37	880.00
466562986003110.37	825.00
465838509316770.25	852.00
465838509316770.25	885.00
465838509316770.25	853.00
465838509316770.25	839.00
465838509316770.25	817.00
465116279069767.37	802.00
465116279069767.37	847.00
465116279069767.37	852.00
465116279069767.37	862.00
465116279069767.37	834.00
464396284829721.37	848.00
464396284829721.37	881.00
464396284829721.37	928.00
464396284829721.37	817.00
464396284829721.37	837.00
464396284829721.37	789.00
463678516228748.06	845.00
463678516228748.06	804.00
463678516228748.06	881.00
463678516228748.06	867.00
463678516228748.06	866.00
462962962962962.87	847.00
462962962962962.87	868.00
462962962962962.87	865.00
462962962962962.87	867.00
462962962962962.87	872.00
462249614791987.62	856.00
462249614791987.62	888.00
462249614791987.62	803.00
462249614791987.62	831.00
462249614791987.62	822.00
461538461538461.56	916.00
461538461538461.56	836.00
461538461538461.56	848.00
461538461538461.56	773.00
461538461538461.56	817.00
460829493087557.56	807.00
460829493087557.56	876.00
460829493087557.56	827.00
460829493087557.56	833.00
460829493087557.56	791.00
460122699386503.00	918.00
460122699386503.00	774.00
460122699386503.00	804.00
460122699386503.00	807.00
460122699386503.00	762.00
459418070444104.12	847.00
459418070444104.12	833.00
459418070444104.12	922.00
459418070444104.12	840.00
459418070444104.12	846.00
458715596330275.25	795.00
458715596330275.25	827.00
458715596330275.25	805.00
458715596330275.25	779.00
458715596330275.25	831.00
458715596330275.25	856.00
458015267175572.44	828.00
458015267175572.44	850.00
458015267175572.44	882.00
458015267175572.44	785.00
458015267175572.44	841.00
457317073170731.69	809.00
457317073170731.69	840.00
457317073170731.69	840.00
457317073170731.69	838.00
457317073170731.69	814.00
456621004566210.00	881.00
456621004566210.00	841.00
456621004566210.00	792.00
456621004566210.00	832.00
456621004566210.00	789.00
455927051671732.50	872.00
455927051671732.50	841.00
455927051671732.50	783.00
455927051671732.50	799.00
455927051671732.50	818.00
455235204855842.19	829.00
455235204855842.19	926.00
455235204855842.19	843.00
455235204855842.19	863.00
455235204855842.19	852.00
454545454545454.56	887.00
454545454545454.56	922.00
454545454545454.56	724.00
454545454545454.56	762.00
454545454545454.56	871.00
453857791225416.00	786.00
453857791225416.00	898.00
453857791225416.00	772.00
453857791225416.00	791.00
453857791225416.00	830.00
453172205438066.37	807.00
453172205438066.37	823.00
453172205438066.37	860.00
453172205438066.37	812.00
453172205438066.37	810.00
453172205438066.37	903.00
452488687782805.44	885.00
452488687782805.44	843.00
452488687782805.44	834.00
452488687782805.44	817.00
452488687782805.44	796.00
451807228915662.62	889.00
451807228915662.62	821.00
451807228915662.62	834.00
451807228915662.62	871.00
451807228915662.62	795.00
451127819548872.12	863.00
451127819548872.12	799.00
451127819548872.12	783.00
451127819548872.12	852.00
451127819548872.12	832.00
450450450450450.37	834.00
450450450450450.37	870.00
450450450450450.37	823.00
450450450450450.37	789.00
450450450450450.37	826.00
449775112443778.12	870.00
449775112443778.12	899.00
449775112443778.12	849.00
449775112443778.12	813.00
449775112443778.12	892.00
449101796407185.62	903.00
449101796407185.62	842.00
449101796407185.62	761.00
449101796407185.62	802.00
449101796407185.62	842.00
449101796407185.62	874.00
448430493273542.50	773.00
448430493273542.50	873.00
448430493273542.50	814.00
448430493273542.50	864.00
448430493273542.50	839.00
447761194029850.75	851.00
447761194029850.75	826.00
447761194029850.75	819.00
447761194029850.75	905.00
447761194029850.75	877.00
447093889716840.56	874.00
447093889716840.56	793.00
447093889716840.56	880.00
447093889716840.56	859.00
447093889716840.56	883.00
446428571428571.37	915.00
446428571428571.37	842.00
446428571428571.37	790.00
446428571428571.37	867.00
446428571428571.37	926.00
445765230312035.62	793.00
445765230312035.62	854.00
445765230312035.62	853.00
445765230312035.62	780.00
445765230312035.62	835.00
445103857566765.56	844.00
445103857566765.56	925.00
445103857566765.56	873.00
445103857566765.56	785.00
445103857566765.56	894.00
445103857566765.56	887.00
444444444444444.50	769.00
444444444444444.50	890.00
444444444444444.50	767.00
444444444444444.50	837.00
444444444444444.50	867.00
443786982248520.69	770.00
443786982248520.69	825.00
443786982248520.69	880.00
443786982248520.69	781.00
443786982248520.69	805.00
443131462333825.69	890.00
443131462333825.69	763.00
443131462333825.69	869.00
443131462333825.69	867.00
443131462333825.69	845.00
442477876106194.69	805.00
442477876106194.69	800.00
442477876106194.69	839.00
442477876106194.69	866.00
442477876106194.69	784.00
441826215022091.31	831.00
441826215022091.31	846.00
441826215022091.31	792.00
441826215022091.31	907.00
441826215022091.31	945.00
441176470588235.25	866.00
441176470588235.25	862.00
441176470588235.25	928.00
441176470588235.25	842.00
441176470588235.25	797.00
441176470588235.25	841.00
440528634361233.50	774.00
440528634361233.50	856.00
440528634361233.50	801.00
440528634361233.50	833.00
440528634361233.50	834.00
439882697947214.12	815.00
439882697947214.12	784.00
439882697947214.12	886.00
439882697947214.12	855.00
439882697947214.12	789.00
439238653001464.06	828.00
439238653001464.06	894.00
439238653001464.06	857.00
439238653001464.06	869.00
439238653001464.06	843.00
438596491228070.19	857.00
438596491228070.19	885.00
438596491228070.19	850.00
438596491228070.19	814.00
438596491228070.19	796.00
437956204379562.00	842.00
437956204379562.00	888.00
437956204379562.00	870.00
437956204379562.00	842.00
437956204379562.00	908.00
437317784256559.69	844.00
437317784256559.69	857.00
437317784256559.69	846.00
437317784256559.69	840.00
437317784256559.69	868.00
437317784256559.69	828.00
436681222707423.50	760.00
436681222707423.50	827.00
436681222707423.50	820.00
436681222707423.50	843.00
436681222707423.50	875.00
436046511627907.00	815.00
436046511627907.00	835.00
436046511627907.00	824.00
436046511627907.00	752.00
436046511627907.00	785.00
435413642960812.75	796.00
435413642960812.75	856.00
435413642960812.75	876.00
435413642960812.75	769.00
435413642960812.75	820.00
434782608695652.12	804.00
434782608695652.12	829.00
434782608695652.12	854.00
434782608695652.12	743.00
434782608695652.12	791.00
434153400868306.75	821.00
434153400868306.75	823.00
434153400868306.75	733.00
434153400868306.75	783.00
434153400868306.75	775.00
434153400868306.75	854.00
433526011560693.69	829.00
433526011560693.69	828.00
433526011560693.69	826.00
433526011560693.69	756.00
433526011560693.69	749.00
432900432900432.87	765.00
432900432900432.87	734.00
432900432900432.87	794.00
432900432900432.87	744.00
432900432900432.87	713.00
432276657060518.75	747.00
432276657060518.75	856.00
432276657060518.75	743.00
432276657060518.75	797.00
432276657060518.75	770.00
431654676258992.81	790.00
431654676258992.81	755.00
431654676258992.81	788.00
431654676258992.81	738.00
431654676258992.81	763.00
431654676258992.81	734.00
431034482758620.62	788.00
431034482758620.62	789.00
431034482758620.62	780.00
431034482758620.62	851.00
431034482758620.62	860.00
430416068866571.00	819.00
430416068866571.00	648.00
430416068866571.00	780.00
430416068866571.00	775.00
430416068866571.00	863.00
429799426934097.37	737.00
429799426934097.37	794.00
429799426934097.37	806.00
429799426934097.37	746.00
429799426934097.37	761.00
429184549356223.19	817.00
429184549356223.19	742.00
429184549356223.19	783.00
429184549356223.19	755.00
429184549356223.19	774.00
428571428571428.50	723.00
428571428571428.50	729.00
428571428571428.50	786.00
428571428571428.50	732.00
428571428571428.50	791.00
428571428571428.50	728.00
427960057061340.87	744.00
427960057061340.87	719.00
427960057061340.87	751.00
427960057061340.87	678.00
427960057061340.87	737.00
427350427350427.31	703.00
427350427350427.31	701.00
427350427350427.31	745.00
427350427350427.31	743.00
427350427350427.31	766.00
426742532005689.87	777.00
426742532005689.87	786.00
426742532005689.87	738.00
426742532005689.87	772.00
426742532005689.87	674.00
426136363636363.62	727.00
426136363636363.62	766.00
426136363636363.62	678.00
426136363636363.62	644.00
426136363636363.62	682.00
426136363636363.62	657.00
425531914893617.00	661.00
425531914893617.00	675.00
425531914893617.00	649.00
425531914893617.00	591.00
425531914893617.00	613.00
424929178470255.00	657.00
424929178470255.00	715.00
424929178470255.00	683.00
424929178470255.00	696.00
424929178470255.00	637.00
424328147100424.31	642.00
424328147100424.31	656.00
424328147100424.31	569.00
424328147100424.31	678.00
424328147100424.31	676.00
423728813559322.06	587.00
423728813559322.06	580.00
423728813559322.06	671.00
423728813559322.06	613.00
423728813559322.06	592.00
423131170662905.44	509.00
423131170662905.44	599.00
423131170662905.44	688.00
423131170662905.44	511.00
423131170662905.44	604.00
423131170662905.44	688.00
422535211267605.62	493.00
422535211267605.62	604.00
422535211267605.62	520.00
422535211267605.62	572.00
422535211267605.62	564.00
421940928270042.12	588.00
421940928270042.12	541.00
421940928270042.12	547.00
421940928270042.12	562.00
421940928270042.12	544.00
421348314606741.56	575.00
421348314606741.56	495.00
421348314606741.56	578.00
421348314606741.56	635.00
421348314606741.56	587.00
420757363253856.94	520.00
420757363253856.94	535.00
420757363253856.94	515.00
420757363253856.94	569.00
420757363253856.94	447.00
420757363253856.94	482.00
420168067226890.75	486.00
420168067226890.75	476.00
420168067226890.75	499.00
420168067226890.75	517.00
420168067226890.75	435.00
419580419580419.56	514.00
419580419580419.56	475.00
419580419580419.56	485.00
419580419580419.56	463.00
419580419580419.56	469.00
418994413407821.25	471.00
418994413407821.25	512.00
418994413407821.25	453.00
418994413407821.25	450.00
418994413407821.25	471.00
418410041841004.12	479.00
418410041841004.12	548.00
418410041841004.12	422.00
418410041841004.12	509.00
418410041841004.12	441.00
418410041841004.12	488.00
417827298050139.25	464.00
417827298050139.25	449.00
417827298050139.25	528.00
417827298050139.25	514.00
417827298050139.25	436.00
417246175243393.62	418.00
417246175243393.62	428.00
417246175243393.62	519.00
417246175243393.62	496.00
417246175243393.62	496.00
416666666666666.62	440.00
416666666666666.62	476.00
416666666666666.62	423.00
416666666666666.62	499.00
416666666666666.62	433.00
416666666666666.62	408.00
416088765603328.69	461.00
416088765603328.69	526.00
416088765603328.69	459.00
416088765603328.69	490.00
416088765603328.69	424.00
415512465373961.19	465.00
415512465373961.19	435.00
415512465373961.19	430.00
415512465373961.19	364.00
415512465373961.19	460.00
414937759336099.56	477.00
414937759336099.56	408.00
414937759336099.56	433.00
414937759336099.56	411.00
414937759336099.56	428.00
414364640883977.81	510.00
414364640883977.81	417.00
414364640883977.81	434.00
414364640883977.81	421.00
414364640883977.81	432.00
414364640883977.81	406.00
413793103448275.81	375.00
413793103448275.81	413.00
413793103448275.81	416.00
413793103448275.81	385.00
413793103448275.81	409.00
413223140495867.75	424.00
413223140495867.75	347.00
413223140495867.75	334.00
413223140495867.75	456.00
413223140495867.75	409.00
412654745529573.50	412.00
412654745529573.50	405.00
412654745529573.50	365.00
412654745529573.50	433.00
412654745529573.50	362.00
412087912087912.06	390.00
412087912087912.06	438.00
412087912087912.06	400.00
412087912087912.06	423.00
412087912087912.06	398.00
412087912087912.06	332.00
411522633744856.00	402.00
411522633744856.00	383.00
411522633744856.00	362.00
411522633744856.00	404.00
411522633744856.00	386.00
410958904109589.00	334.00
410958904109589.00	329.00
410958904109589.00	358.00
410958904109589.00	307.00
410958904109589.00	348.00
410396716826265.37	386.00
410396716826265.37	376.00
410396716826265.37	309.00
410396716826265.37	313.00
410396716826265.37	412.00
410396716826265.37	377.00
409836065573770.44	343.00
409836065573770.44	362.00
409836065573770.44	354.00
409836065573770.44	326.00
409836065573770.44	397.00
409276944065484.31	362.00
409276944065484.31	330.00
409276944065484.31	349.00
409276944065484.31	336.00
409276944065484.31	342.00
408719346049046.31	310.00
408719346049046.31	315.00
408719346049046.31	278.00
408719346049046.31	344.00
408719346049046.31	386.00
408163265306122.44	316.00
408163265306122.44	220.00
408163265306122.44	332.00
408163265306122.44	381.00
408163265306122.44	299.00
408163265306122.44	378.00
407608695652173.94	370.00
407608695652173.94	291.00
407608695652173.94	294.00
407608695652173.94	375.00
407608695652173.94	257.00
407055630936227.94	365.00
407055630936227.94	286.00
407055630936227.94	303.00
407055630936227.94	344.00
407055630936227.94	326.00
406504065040650.37	404.00
406504065040650.37	420.00
406504065040650.37	366.00
406504065040650.37	376.00
406504065040650.37	333.00
406504065040650.37	329.00
405953991880920.12	333.00
405953991880920.12	328.00
405953991880920.12	350.00
405953991880920.12	375.00
405953991880920.12	333.00
405405405405405.37	360.00
405405405405405.37	265.00
405405405405405.37	302.00
405405405405405.37	339.00
405405405405405.37	313.00
404858299595141.69	402.00
404858299595141.69	333.00
404858299595141.69	393.00
404858299595141.69	286.00
404858299595141.69	310.00
404858299595141.69	321.00
404312668463611.87	384.00
404312668463611.87	286.00
404312668463611.87	355.00
404312668463611.87	348.00
404312668463611.87	377.00
403768506056527.56	344.00
403768506056527.56	364.00
403768506056527.56	325.00
403768506056527.56	428.00
403768506056527.56	312.00
403225806451612.81	348.00
403225806451612.81	309.00
403225806451612.81	373.00
403225806451612.81	327.00
403225806451612.81	322.00
403225806451612.81	373.00
402684563758389.25	291.00
402684563758389.25	391.00
402684563758389.25	310.00
402684563758389.25	351.00
402684563758389.25	353.00
402144772117962.50	317.00
402144772117962.50	282.00
402144772117962.50	285.00
402144772117962.50	329.00
402144772117962.50	290.00
401606425702811.25	318.00
401606425702811.25	345.00
401606425702811.25	346.00
401606425702811.25	306.00
401606425702811.25	266.00
401606425702811.25	232.00
401069518716577.50	338.00
401069518716577.50	267.00
401069518716577.50	217.00
401069518716577.50	243.00
401069518716577.50	311.00
400534045393858.44	315.00
400534045393858.44	341.00
400534045393858.44	330.00
400534045393858.44	347.00
400534045393858.44	248.00
400000000000000.00	238.00
400000000000000.00	199.00
400000000000000.00	300.00
400000000000000.00	229.00
400000000000000.00	318.00
400000000000000.00	308.00
399467376830892.12	287.00
399467376830892.12	178.00
399467376830892.12	199.00
399467376830892.12	229.00
399467376830892.12	313.00
398936170212765.87	347.00
398936170212765.87	279.00
398936170212765.87	253.00
398936170212765.87	217.00
398936170212765.87	262.00
398406374501992.00	236.00
398406374501992.00	260.00
398406374501992.00	264.00
398406374501992.00	312.00
398406374501992.00	244.00
398406374501992.00	271.00
397877984084880.62	212.00
397877984084880.62	293.00
397877984084880.62	310.00
397877984084880.62	192.00
397877984084880.62	261.00
397350993377483.44	278.00
397350993377483.44	249.00
397350993377483.44	272.00
397350993377483.44	237.00
397350993377483.44	261.00
396825396825396.81	180.00
396825396825396.81	206.00
396825396825396.81	303.00
396825396825396.81	241.00
396825396825396.81	226.00
396825396825396.81	298.00
396301188903566.69	295.00
396301188903566.69	287.00
396301188903566.69	238.00
396301188903566.69	324.00
396301188903566.69	208.00
395778364116094.94	299.00
395778364116094.94	282.00
395778364116094.94	324.00
395778364116094.94	296.00
395778364116094.94	194.00
395256916996047.37	248.00
395256916996047.37	222.00
395256916996047.37	284.00
395256916996047.37	189.00
395256916996047.37	213.00
395256916996047.37	268.00
394736842105263.19	241.00
394736842105263.19	215.00
394736842105263.19	199.00
394736842105263.19	153.00
394736842105263.19	274.00
394218134034165.56	181.00
394218134034165.56	246.00
394218134034165.56	256.00
394218134034165.56	227.00
394218134034165.56	224.00
393700787401574.75	183.00
393700787401574.75	204.00
393700787401574.75	212.00
393700787401574.75	193.00
393700787401574.75	236.00
393700787401574.75	201.00
393184796854521.56	162.00
393184796854521.56	182.00
393184796854521.56	128.00
393184796854521.56	141.00
393184796854521.56	167.00
392670157068062.81	214.00
392670157068062.81	293.00
392670157068062.81	210.00
392670157068062.81	237.00
392670157068062.81	320.00
392156862745098.00	202.00
392156862745098.00	201.00
392156862745098.00	289.00
392156862745098.00	248.00
392156862745098.00	180.00
392156862745098.00	376.00
391644908616188.00	338.00
391644908616188.00	407.00
391644908616188.00	291.00
391644908616188.00	477.00
391644908616188.00	499.00
391134289439374.12	386.00
391134289439374.12	474.00
391134289439374.12	489.00
391134289439374.12	584.00
391134289439374.12	536.00
391134289439374.12	596.00
390625000000000.00	637.00
390625000000000.00	594.00
390625000000000.00	603.00
390625000000000.00	653.00
390625000000000.00	632.00
390117035110533.12	657.00
390117035110533.12	651.00
390117035110533.12	671.00
390117035110533.12	722.00
390117035110533.12	711.00
389610389610389.62	859.00
389610389610389.62	904.00
389610389610389.62	931.00
389610389610389.62	1001.00
389610389610389.62	1034.00
389610389610389.62	999.00
389105058365758.75	1003.00
389105058365758.75	1013.00
389105058365758.75	1058.00
389105058365758.75	1051.00
389105058365758.75	1098.00
388601036269430.00	1072.00
388601036269430.00	1064.00
388601036269430.00	1117.00
388601036269430.00	1124.00
388601036269430.00	1264.00
388601036269430.00	1204.00
388098318240620.94	1220.00
388098318240620.94	1171.00
388098318240620.94	1134.00
388098318240620.94	1229.00
388098318240620.94	1236.00
387596899224806.19	1279.00
387596899224806.19	1269.00
387596899224806.19	1249.00
387596899224806.19	1206.00
387596899224806.19	1201.00
387096774193548.37	1368.00
387096774193548.37	1346.00
387096774193548.37	1279.00
387096774193548.37	1377.00
387096774193548.37	1315.00
387096774193548.37	1337.00
386597938144329.81	1240.00
386597938144329.81	1303.00
386597938144329.81	1239.00
386597938144329.81	1260.00
386597938144329.81	1143.00
386100386100386.06	1223.00
386100386100386.06	1201.00
386100386100386.06	1222.00
386100386100386.06	1164.00
386100386100386.06	1227.00
386100386100386.06	1330.00
385604113110539.87	1334.00
385604113110539.87	1219.00
385604113110539.87	1270.00
385604113110539.87	1208.00
385604113110539.87	1189.00
385109114249037.19	1182.00
385109114249037.19	1163.00
385109114249037.19	1047.00
385109114249037.19	1012.00
385109114249037.19	967.00
384615384615384.62	906.00
384615384615384.62	918.00
384615384615384.62	938.00
384615384615384.62	921.00
384615384615384.62	899.00
384615384615384.62	892.00
384122919334186.94	885.00
384122919334186.94	903.00
384122919334186.94	848.00
384122919334186.94	792.00
384122919334186.94	775.00
383631713554987.19	809.00
383631713554987.19	814.00
383631713554987.19	736.00
383631713554987.19	719.00
383631713554987.19	707.00
383631713554987.19	724.00
383141762452107.25	610.00
383141762452107.25	621.00
383141762452107.25	601.00
383141762452107.25	565.00
383141762452107.25	460.00
382653061224489.81	508.00
382653061224489.81	503.00
382653061224489.81	459.00
382653061224489.81	438.00
382653061224489.81	396.00
382165605095541.44	414.00
382165605095541.44	404.00
382165605095541.44	356.00
382165605095541.44	418.00
382165605095541.44	395.00
382165605095541.44	330.00
381679389312977.06	343.00
381679389312977.06	397.00
381679389312977.06	375.00
381679389312977.06	410.00
381679389312977.06	398.00
381194409148665.75	388.00
381194409148665.75	304.00
381194409148665.75	345.00
381194409148665.75	332.00
381194409148665.75	337.00
381194409148665.75	321.00
380710659898477.19	338.00
380710659898477.19	318.00
380710659898477.19	273.00
380710659898477.19	308.00
380710659898477.19	262.00
380228136882129.25	320.00
380228136882129.25	344.00
380228136882129.25	280.00
380228136882129.25	277.00
380228136882129.25	330.00
380228136882129.25	345.00
379746835443037.94	229.00
379746835443037.94	289.00
379746835443037.94	266.00
379746835443037.94	317.00
379746835443037.94	286.00
379266750948166.87	240.00
379266750948166.87	273.00
379266750948166.87	307.00
379266750948166.87	303.00
379266750948166.87	355.00
378787878787878.81	365.00
378787878787878.81	359.00
378787878787878.81	390.00
378787878787878.81	397.00
378787878787878.81	435.00
378787878787878.81	481.00
378310214375788.06	505.00
378310214375788.06	574.00
378310214375788.06	565.00
378310214375788.06	631.00
378310214375788.06	586.00
377833753148614.62	587.00
377833753148614.62	722.00
377833753148614.62	661.00
377833753148614.62	698.00
377833753148614.62	646.00
377833753148614.62	611.00
377358490566037.75	724.00
377358490566037.75	669.00
377358490566037.75	689.00
377358490566037.75	686.00
377358490566037.75	709.00
376884422110552.69	755.00
376884422110552.69	780.00
376884422110552.69	794.00
376884422110552.69	791.00
376884422110552.69	813.00
376884422110552.69	951.00
376411543287327.44	979.00
376411543287327.44	1085.00
376411543287327.44	1183.00
376411543287327.44	1261.00
376411543287327.44	1355.00
375939849624060.19	1375.00
375939849624060.19	1399.00
375939849624060.19	1546.00
375939849624060.19	1575.00
375939849624060.19	1659.00
375939849624060.19	1850.00
375469336670838.50	1813.00
375469336670838.50	1736.00
375469336670838.50	1809.00
375469336670838.50	1906.00
375469336670838.50	1882.00
375000000000000.00	1934.00
375000000000000.00	1847.00
375000000000000.00	1806.00
375000000000000.00	1783.00
375000000000000.00	1754.00
374531835205992.50	1638.00
374531835205992.50	1614.00
374531835205992.50	1550.00
374531835205992.50	1589.00
374531835205992.50	1673.00
374531835205992.50	1586.00
374064837905236.87	1574.00
374064837905236.87	1651.00
374064837905236.87	1655.00
374064837905236.87	1642.00
374064837905236.87	1565.00
373599003735990.00	1595.00
373599003735990.00	1542.00
373599003735990.00	1563.00
373599003735990.00	1602.00
373599003735990.00	1570.00
373599003735990.00	1703.00
373134328358208.94	1675.00
373134328358208.94	1675.00
373134328358208.94	1744.00
373134328358208.94	1741.00
373134328358208.94	1653.00
372670807453416.12	1745.00
372670807453416.12	1757.00
372670807453416.12	1688.00
372670807453416.12	1637.00
372670807453416.12	1559.00
372670807453416.12	1479.00
372208436724565.69	1425.00
372208436724565.69	1389.00
372208436724565.69	1300.00
372208436724565.69	1249.00
372208436724565.69	1187.00
371747211895910.75	1103.00
371747211895910.75	977.00
371747211895910.75	1063.00
371747211895910.75	973.00
371747211895910.75	1026.00
371747211895910.75	985.00
371287128712871.31	924.00
371287128712871.31	815.00
371287128712871.31	796.00
371287128712871.31	748.00
371287128712871.31	833.00
370828182941903.56	757.00
370828182941903.56	749.00
370828182941903.56	761.00
370828182941903.56	687.00
370828182941903.56	673.00
370828182941903.56	695.00
370370370370370.37	740.00
370370370370370.37	744.00
370370370370370.37	647.00
370370370370370.37	841.00
370370370370370.37	820.00
369913686806411.81	842.00
369913686806411.81	849.00
369913686806411.81	987.00
369913686806411.81	956.00
369913686806411.81	921.00
369913686806411.81	855.00
369458128078817.75	908.00
369458128078817.75	928.00
369458128078817.75	917.00
369458128078817.75	967.00
369458128078817.75	977.00
369003690036900.31	911.00
369003690036900.31	1002.00
369003690036900.31	978.00
369003690036900.31	1028.00
369003690036900.31	998.00
369003690036900.31	1080.00
368550368550368.50	1106.00
368550368550368.50	1108.00
368550368550368.50	1193.00
368550368550368.50	1126.00
368550368550368.50	1183.00
368098159509202.44	1216.00
368098159509202.44	1245.00
368098159509202.44	1277.00
368098159509202.44	1318.00
368098159509202.44	1478.00
368098159509202.44	1406.00
367647058823529.37	1455.00
367647058823529.37	1607.00
367647058823529.37	1698.00
367647058823529.37	1732.00
367647058823529.37	1648.00
367197062423500.56	1582.00
367197062423500.56	1696.00
367197062423500.56	1682.00
367197062423500.56	1546.00
367197062423500.56	1443.00
367197062423500.56	1495.00
366748166259168.69	1386.00
366748166259168.69	1340.00
366748166259168.69	1347.00
366748166259168.69	1203.00
366748166259168.69	1114.00
366300366300366.25	1057.00
366300366300366.25	1125.00
366300366300366.25	987.00
366300366300366.25	942.00
366300366300366.25	944.00
366300366300366.25	897.00
365853658536585.37	843.00
365853658536585.37	868.00
365853658536585.37	746.00
365853658536585.37	806.00
365853658536585.37	719.00
365408038976857.50	790.00
365408038976857.50	802.00
365408038976857.50	748.00
365408038976857.50	757.00
365408038976857.50	821.00
365408038976857.50	778.00
364963503649635.00	781.00
364963503649635.00	696.00
364963503649635.00	798.00
364963503649635.00	657.00
364963503649635.00	699.00
364520048602673.06	562.00
364520048602673.06	552.00
364520048602673.06	500.00
364520048602673.06	515.00
364520048602673.06	542.00
364520048602673.06	496.00
364077669902912.56	441.00
364077669902912.56	414.00
364077669902912.56	473.00
364077669902912.56	512.00
364077669902912.56	510.00
363636363636363.62	424.00
363636363636363.62	493.00
363636363636363.62	494.00
363636363636363.62	553.00
363636363636363.62	559.00
363636363636363.62	580.00
363196125907990.31	616.00
363196125907990.31	633.00
363196125907990.31	633.00
363196125907990.31	618.00
363196125907990.31	643.00
362756952841596.12	679.00
362756952841596.12	705.00
362756952841596.12	669.00
362756952841596.12	623.00
362756952841596.12	576.00
362756952841596.12	588.00
362318840579710.12	655.00
362318840579710.12	597.00
362318840579710.12	528.00
362318840579710.12	625.00
362318840579710.12	596.00
361881785283474.06	672.00
361881785283474.06	546.00
361881785283474.06	648.00
361881785283474.06	618.00
361881785283474.06	646.00
361881785283474.06	574.00
361445783132530.12	589.00
361445783132530.12	695.00
361445783132530.12	662.00
361445783132530.12	737.00
361445783132530.12	723.00
361010830324909.75	664.00
361010830324909.75	701.00
361010830324909.75	712.00
361010830324909.75	702.00
361010830324909.75	730.00
361010830324909.75	664.00
360576923076923.00	653.00
360576923076923.00	661.00
360576923076923.00	643.00
360576923076923.00	693.00
360576923076923.00	594.00
360576923076923.00	607.00
360144057623049.19	559.00
360144057623049.19	575.00
360144057623049.19	540.00
360144057623049.19	447.00
360144057623049.19	475.00
359712230215827.31	519.00
359712230215827.31	490.00
359712230215827.31	568.00
359712230215827.31	572.00
359712230215827.31	541.00
359712230215827.31	511.00
359281437125748.44	518.00
359281437125748.44	521.00
359281437125748.44	539.00
359281437125748.44	407.00
359281437125748.44	491.00
358851674641148.31	451.00
358851674641148.31	527.00
358851674641148.31	488.00
358851674641148.31	495.00
358851674641148.31	411.00
358851674641148.31	480.00
358422939068100.37	489.00
358422939068100.37	469.00
358422939068100.37	409.00
358422939068100.37	385.00
358422939068100.37	369.00
357995226730310.25	420.00
357995226730310.25	407.00
357995226730310.25	448.00
357995226730310.25	452.00
357995226730310.25	480.00
357995226730310.25	430.00
357568533969010.69	453.00
357568533969010.69	478.00
357568533969010.69	479.00
357568533969010.69	499.00
357568533969010.69	528.00
357142857142857.19	559.00
357142857142857.19	545.00
357142857142857.19	508.00
357142857142857.19	576.00
357142857142857.19	560.00
357142857142857.19	665.00
356718192627824.00	610.00
356718192627824.00	695.00
356718192627824.00	656.00
356718192627824.00	576.00
356718192627824.00	665.00
356718192627824.00	605.00
356294536817102.06	624.00
356294536817102.06	604.00
356294536817102.06	617.00
356294536817102.06	667.00
356294536817102.06	579.00
355871886120996.44	719.00
355871886120996.44	744.00
355871886120996.44	688.00
355871886120996.44	628.00
355871886120996.44	705.00
355871886120996.44	732.00
355450236966824.62	746.00
355450236966824.62	608.00
355450236966824.62	739.00
355450236966824.62	737.00
355450236966824.62	679.00
355029585798816.50	714.00
355029585798816.50	668.00
355029585798816.50	763.00
355029585798816.50	699.00
355029585798816.50	765.00
355029585798816.50	680.00
354609929078014.12	738.00
354609929078014.12	737.00
354609929078014.12	694.00
354609929078014.12	698.00
354609929078014.12	715.00
354609929078014.12	747.00
354191263282172.37	692.00
354191263282172.37	801.00
354191263282172.37	666.00
354191263282172.37	721.00
354191263282172.37	750.00
353773584905660.31	740.00
353773584905660.31	754.00
353773584905660.31	800.00
353773584905660.31	715.00
353773584905660.31	809.00
353773584905660.31	798.00
353356890459363.94	854.00
353356890459363.94	732.00
353356890459363.94	836.00
353356890459363.94	862.00
353356890459363.94	907.00
352941176470588.25	950.00
352941176470588.25	861.00
352941176470588.25	846.00
352941176470588.25	957.00
352941176470588.25	922.00
352941176470588.25	906.00
352526439482961.19	833.00
352526439482961.19	799.00
352526439482961.19	933.00
352526439482961.19	911.00
352526439482961.19	938.00
352112676056338.06	951.00
352112676056338.06	805.00
352112676056338.06	786.00
352112676056338.06	842.00
352112676056338.06	801.00
352112676056338.06	775.00
351699882766705.75	850.00
351699882766705.75	790.00
351699882766705.75	803.00
351699882766705.75	718.00
351699882766705.75	755.00
351699882766705.75	730.00
351288056206088.94	740.00
351288056206088.94	694.00
351288056206088.94	762.00
351288056206088.94	664.00
351288056206088.94	674.00
350877192982456.12	658.00
350877192982456.12	593.00
350877192982456.12	640.00
350877192982456.12	617.00
350877192982456.12	563.00
350877192982456.12	622.00
350467289719626.12	599.00
350467289719626.12	570.00
350467289719626.12	562.00
350467289719626.12	539.00
350467289719626.12	617.00
350467289719626.12	570.00
350058343057176.19	600.00
350058343057176.19	548.00
350058343057176.19	547.00
350058343057176.19	512.00
350058343057176.19	511.00
349650349650349.62	462.00
349650349650349.62	482.00
349650349650349.62	444.00
349650349650349.62	507.00
349650349650349.62	435.00
349650349650349.62	448.00
349243306169965.06	461.00
349243306169965.06	423.00
349243306169965.06	425.00
349243306169965.06	420.00
349243306169965.06	383.00
348837209302325.56	379.00
348837209302325.56	375.00
348837209302325.56	453.00
348837209302325.56	430.00
348837209302325.56	368.00
348837209302325.56	364.00
348432055749128.87	414.00
348432055749128.87	381.00
348432055749128.87	327.00
348432055749128.87	366.00
348432055749128.87	301.00
348432055749128.87	453.00
348027842227378.19	378.00
348027842227378.19	362.00
348027842227378.19	319.00
348027842227378.19	321.00
348027842227378.19	357.00
347624565469293.12	280.00
347624565469293.12	315.00
347624565469293.12	309.00
347624565469293.12	346.00
347624565469293.12	335.00
347624565469293.12	338.00
347222222222222.25	304.00
347222222222222.25	347.00
347222222222222.25	285.00
347222222222222.25	316.00
347222222222222.25	288.00
347222222222222.25	391.00
346820809248554.87	286.00
346820809248554.87	248.00
346820809248554.87	245.00
346820809248554.87	251.00
346820809248554.87	321.00
346420323325635.12	264.00
346420323325635.12	239.00
346420323325635.12	261.00
346420323325635.12	345.00
346420323325635.12	332.00
346420323325635.12	287.00
346020761245674.75	274.00
346020761245674.75	151.00
346020761245674.75	302.00
346020761245674.75	287.00
346020761245674.75	313.00
346020761245674.75	243.00
345622119815668.12	257.00
345622119815668.12	236.00
345622119815668.12	316.00
345622119815668.12	270.00
345622119815668.12	265.00
345224395857307.25	256.00
345224395857307.25	254.00
345224395857307.25	210.00
345224395857307.25	310.00
345224395857307.25	253.00
345224395857307.25	264.00
344827586206896.50	219.00
344827586206896.50	279.00
344827586206896.50	224.00
344827586206896.50	338.00
344827586206896.50	284.00
344827586206896.50	198.00
344431687715269.81	229.00
344431687715269.81	215.00
344431687715269.81	241.00
344431687715269.81	280.00
344431687715269.81	272.00
344036697247706.37	287.00
344036697247706.37	261.00
344036697247706.37	298.00
344036697247706.37	297.00
344036697247706.37	225.00
344036697247706.37	264.00
343642611683848.75	276.00
343642611683848.75	229.00
343642611683848.75	325.00
343642611683848.75	252.00
343642611683848.75	221.00
343642611683848.75	247.00
343249427917620.12	284.00
343249427917620.12	323.00
343249427917620.12	275.00
343249427917620.12	250.00
343249427917620.12	260.00
342857142857142.81	166.00
342857142857142.81	224.00
342857142857142.81	232.00
342857142857142.81	232.00
342857142857142.81	208.00
342857142857142.81	215.00
342465753424657.56	240.00
342465753424657.56	230.00
342465753424657.56	267.00
342465753424657.56	231.00
342465753424657.56	285.00
342465753424657.56	202.00
342075256556442.37	296.00
342075256556442.37	284.00
342075256556442.37	233.00
342075256556442.37	323.00
342075256556442.37	326.00
341685649202733.44	230.00
341685649202733.44	256.00
341685649202733.44	217.00
341685649202733.44	284.00
341685649202733.44	228.00
341685649202733.44	258.00
341296928327645.00	281.00
341296928327645.00	312.00
341296928327645.00	201.00
341296928327645.00	238.00
341296928327645.00	198.00
341296928327645.00	233.00
340909090909090.87	281.00
340909090909090.87	246.00
340909090909090.87	188.00
340909090909090.87	225.00
340909090909090.87	215.00
340522133938706.00	260.00
340522133938706.00	191.00
340522133938706.00	205.00
340522133938706.00	264.00
340522133938706.00	279.00
340522133938706.00	270.00
340136054421768.62	199.00
340136054421768.62	250.00
340136054421768.62	335.00
340136054421768.62	209.00
340136054421768.62	234.00
340136054421768.62	246.00
339750849377123.44	262.00
339750849377123.44	259.00
339750849377123.44	274.00
339750849377123.44	306.00
339750849377123.44	246.00
339366515837104.06	242.00
339366515837104.06	261.00
339366515837104.06	266.00
339366515837104.06	247.00
339366515837104.06	323.00
339366515837104.06	293.00
338983050847457.56	235.00
338983050847457.56	314.00
338983050847457.56	244.00
338983050847457.56	249.00
338983050847457.56	237.00
338983050847457.56	242.00
338600451467268.56	292.00
338600451467268.56	247.00
338600451467268.56	213.00
338600451467268.56	222.00
338600451467268.56	297.00
338218714768883.87	397.00
338218714768883.87	305.00
338218714768883.87	303.00
338218714768883.87	289.00
338218714768883.87	259.00
338218714768883.87	319.00
337837837837837.87	321.00
337837837837837.87	332.00
337837837837837.87	268.00
337837837837837.87	314.00
337837837837837.87	301.00
337837837837837.87	245.00
337457817772778.37	269.00
337457817772778.37	265.00
337457817772778.37	300.00
337457817772778.37	358.00
337457817772778.37	298.00
337457817772778.37	339.00
337078651685393.19	345.00
337078651685393.19	251.00
337078651685393.19	244.00
337078651685393.19	256.00
337078651685393.19	295.00
336700336700336.69	311.00
336700336700336.69	321.00
336700336700336.69	349.00
336700336700336.69	283.00
336700336700336.69	275.00
336700336700336.69	316.00
336322869955156.94	324.00
336322869955156.94	357.00
336322869955156.94	287.00
336322869955156.94	366.00
336322869955156.94	314.00
336322869955156.94	363.00
335946248600223.94	325.00
335946248600223.94	418.00
335946248600223.94	372.00
335946248600223.94	371.00
335946248600223.94	326.00
335946248600223.94	333.00
335570469798657.69	326.00
335570469798657.69	351.00
335570469798657.69	383.00
335570469798657.69	414.00
335570469798657.69	306.00
335195530726257.00	310.00
335195530726257.00	386.00
335195530726257.00	420.00
335195530726257.00	403.00
335195530726257.00	397.00
335195530726257.00	324.00
334821428571428.50	339.00
334821428571428.50	417.00
334821428571428.50	388.00
334821428571428.50	333.00
334821428571428.50	315.00
334821428571428.50	388.00
334448160535117.00	370.00
334448160535117.00	347.00
334448160535117.00	373.00
334448160535117.00	363.00
334448160535117.00	433.00
334448160535117.00	404.00
334075723830735.00	383.00
334075723830735.00	390.00
334075723830735.00	443.00
334075723830735.00	488.00
334075723830735.00	446.00
333704115684093.37	373.00
333704115684093.37	395.00
333704115684093.37	406.00
333704115684093.37	373.00
333704115684093.37	451.00
333704115684093.37	331.00
333333333333333.31	387.00
333333333333333.31	378.00
333333333333333.31	445.00
333333333333333.31	450.00
333333333333333.31	353.00
333333333333333.31	399.00
332963374028856.81	435.00
332963374028856.81	375.00
332963374028856.81	450.00
332963374028856.81	390.00
332963374028856.81	410.00
332963374028856.81	322.00
332594235033259.44	426.00
332594235033259.44	460.00
332594235033259.44	355.00
332594235033259.44	389.00
332594235033259.44	314.00
332225913621262.44	467.00
332225913621262.44	445.00
332225913621262.44	383.00
332225913621262.44	411.00
332225913621262.44	468.00
332225913621262.44	408.00
331858407079646.00	398.00
331858407079646.00	470.00
331858407079646.00	445.00
331858407079646.00	515.00
331858407079646.00	469.00
331858407079646.00	415.00
331491712707182.37	453.00
331491712707182.37	435.00
331491712707182.37	461.00
331491712707182.37	479.00
331491712707182.37	352.00
331491712707182.37	427.00
331125827814569.56	474.00
331125827814569.56	475.00
331125827814569.56	482.00
331125827814569.56	406.00
331125827814569.56	475.00
330760749724366.06	397.00
330760749724366.06	488.00
330760749724366.06	419.00
330760749724366.06	435.00
330760749724366.06	455.00
330760749724366.06	472.00
330396475770925.12	493.00
330396475770925.12	479.00
330396475770925.12	440.00
330396475770925.12	493.00
330396475770925.12	493.00
330396475770925.12	476.00
330033003300330.00	449.00
330033003300330.00	439.00
330033003300330.00	457.00
330033003300330.00	481.00
330033003300330.00	479.00
330033003300330.00	483.00
329670329670329.62	380.00
329670329670329.62	455.00
329670329670329.62	473.00
329670329670329.62	445.00
329670329670329.62	453.00
329670329670329.62	433.00
329308452250274.44	439.00
329308452250274.44	419.00
329308452250274.44	442.00
329308452250274.44	425.00
329308452250274.44	456.00
328947368421052.62	437.00
328947368421052.62	451.00
328947368421052.62	468.00
328947368421052.62	441.00
328947368421052.62	440.00
328947368421052.62	403.00
328587075575027.31	433.00
328587075575027.31	500.00
328587075575027.31	482.00
328587075575027.31	365.00
328587075575027.31	494.00
328587075575027.31	383.00
328227571115973.75	422.00
328227571115973.75	412.00
328227571115973.75	457.00
328227571115973.75	434.00
328227571115973.75	413.00
328227571115973.75	377.00
327868852459016.37	414.00
327868852459016.37	436.00
327868852459016.37	424.00
327868852459016.37	466.00
327868852459016.37	383.00
327868852459016.37	475.00
327510917030567.69	334.00
327510917030567.69	389.00
327510917030567.69	376.00
327510917030567.69	387.00
327510917030567.69	350.00
327153762268266.06	465.00
327153762268266.06	441.00
327153762268266.06	442.00
327153762268266.06	436.00
327153762268266.06	366.00
327153762268266.06	464.00
326797385620915.06	388.00
326797385620915.06	425.00
326797385620915.06	390.00
326797385620915.06	470.00
326797385620915.06	342.00
326797385620915.06	339.00
326441784548422.19	367.00
326441784548422.19	424.00
326441784548422.19	449.00
326441784548422.19	391.00
326441784548422.19	420.00
326441784548422.19	373.00
326086956521739.12	431.00
326086956521739.12	414.00
326086956521739.12	365.00
326086956521739.12	361.00
326086956521739.12	385.00
326086956521739.12	388.00
325732899022801.31	313.00
325732899022801.31	367.00
325732899022801.31	329.00
325732899022801.31	415.00
325732899022801.31	479.00
325379609544468.56	456.00
325379609544468.56	340.00
325379609544468.56	403.00
325379609544468.56	415.00
325379609544468.56	446.00
325379609544468.56	375.00
325027085590465.81	419.00
325027085590465.81	425.00
325027085590465.81	377.00
325027085590465.81	443.00
325027085590465.81	401.00
325027085590465.81	342.00
324675324675324.62	408.00
324675324675324.62	347.00
324675324675324.62	409.00
324675324675324.62	338.00
324675324675324.62	337.00
324675324675324.62	379.00
324324324324324.31	367.00
324324324324324.31	357.00
324324324324324.31	407.00
324324324324324.31	347.00
324324324324324.31	296.00
324324324324324.31	335.00
323974082073434.12	363.00
323974082073434.12	356.00
323974082073434.12	364.00
323974082073434.12	319.00
323974082073434.12	309.00
323974082073434.12	389.00
323624595469255.62	370.00
323624595469255.62	342.00
323624595469255.62	347.00
323624595469255.62	342.00
323624595469255.62	318.00
323275862068965.50	446.00
323275862068965.50	361.00
323275862068965.50	382.00
323275862068965.50	291.00
323275862068965.50	310.00
323275862068965.50	347.00
322927879440258.31	341.00
322927879440258.31	412.00
322927879440258.31	358.00
322927879440258.31	371.00
322927879440258.31	294.00
322927879440258.31	388.00
322580645161290.31	386.00
322580645161290.31	364.00
322580645161290.31	261.00
322580645161290.31	288.00
322580645161290.31	315.00
322580645161290.31	386.00
322234156820622.94	391.00
322234156820622.94	382.00
322234156820622.94	302.00
322234156820622.94	412.00
322234156820622.94	343.00
322234156820622.94	346.00
321888412017167.37	291.00
321888412017167.37	327.00
321888412017167.37	272.00
321888412017167.37	330.00
321888412017167.37	302.00
321888412017167.37	245.00
321543408360128.56	370.00
321543408360128.56	324.00
321543408360128.56	411.00
321543408360128.56	303.00
321543408360128.56	353.00
321543408360128.56	311.00
321199143468950.75	356.00
321199143468950.75	312.00
321199143468950.75	312.00
321199143468950.75	394.00
321199143468950.75	332.00
321199143468950.75	289.00
320855614973262.06	409.00
320855614973262.06	208.00
320855614973262.06	295.00
320855614973262.06	285.00
320855614973262.06	220.00
320512820512820.50	303.00
320512820512820.50	276.00
320512820512820.50	253.00
320512820512820.50	267.00
320512820512820.50	248.00
320512820512820.50	236.00
320170757737459.94	269.00
320170757737459.94	255.00
320170757737459.94	317.00
320170757737459.94	285.00
320170757737459.94	346.00
320170757737459.94	276.00
319829424307036.25	296.00
319829424307036.25	269.00
319829424307036.25	255.00
319829424307036.25	314.00
319829424307036.25	316.00
319829424307036.25	314.00
319488817891373.81	273.00
319488817891373.81	297.00
319488817891373.81	276.00
319488817891373.81	264.00
319488817891373.81	212.00
319488817891373.81	276.00
319148936170212.75	89.00
319148936170212.75	208.00
319148936170212.75	247.00
319148936170212.75	272.00
319148936170212.75	281.00
319148936170212.75	260.00
318809776833156.19	285.00
318809776833156.19	327.00
318809776833156.19	221.00
318809776833156.19	228.00
318809776833156.19	249.00
318809776833156.19	285.00
318471337579617.81	200.00
318471337579617.81	217.00
318471337579617.81	268.00
318471337579617.81	326.00
318471337579617.81	271.00
318471337579617.81	234.00
318133616118769.94	258.00
318133616118769.94	313.00
318133616118769.94	234.00
318133616118769.94	223.00
318133616118769.94	350.00
318133616118769.94	266.00
317796610169491.50	271.00
317796610169491.50	229.00
317796610169491.50	228.00
317796610169491.50	188.00
317796610169491.50	363.00
317460317460317.44	259.00
317460317460317.44	286.00
317460317460317.44	268.00
317460317460317.44	242.00
317460317460317.44	287.00
317460317460317.44	342.00
317124735729386.94	232.00
317124735729386.94	231.00
317124735729386.94	252.00
317124735729386.94	268.00
317124735729386.94	247.00
317124735729386.94	197.00
316789862724392.81	126.00
316789862724392.81	229.00
316789862724392.81	232.00
316789862724392.81	220.00
316789862724392.81	294.00
316789862724392.81	258.00
316455696202531.62	220.00
316455696202531.62	323.00
316455696202531.62	204.00
316455696202531.62	235.00
316455696202531.62	260.00
316455696202531.62	283.00
316122233930453.12	173.00
316122233930453.12	207.00
316122233930453.12	240.00
316122233930453.12	239.00
316122233930453.12	288.00
316122233930453.12	275.00
315789473684210.50	253.00
315789473684210.50	257.00
315789473684210.50	148.00
315789473684210.50	155.00
315789473684210.50	247.00
315789473684210.50	140.00
315457413249211.37	207.00
315457413249211.37	225.00
315457413249211.37	258.00
315457413249211.37	196.00
315457413249211.37	211.00
315457413249211.37	246.00
315126050420168.06	262.00
315126050420168.06	201.00
315126050420168.06	211.00
315126050420168.06	253.00
315126050420168.06	175.00
315126050420168.06	162.00
314795383001049.31	234.00
314795383001049.31	167.00
314795383001049.31	220.00
314795383001049.31	190.00
314795383001049.31	177.00
314795383001049.31	239.00
314465408805031.44	254.00
314465408805031.44	207.00
314465408805031.44	232.00
314465408805031.44	229.00
314465408805031.44	165.00
314465408805031.44	222.00
314136125654450.25	166.00
314136125654450.25	188.00
314136125654450.25	193.00
314136125654450.25	186.00
314136125654450.25	217.00
314136125654450.25	238.00
313807531380753.12	172.00
313807531380753.12	162.00
313807531380753.12	234.00
313807531380753.12	172.00
313807531380753.12	219.00
313807531380753.12	160.00
313479623824451.37	120.00
313479623824451.37	218.00
313479623824451.37	171.00
313479623824451.37	177.00
313479623824451.37	201.00
313479623824451.37	224.00
313152400835073.06	296.00
313152400835073.06	223.00
313152400835073.06	142.00
313152400835073.06	174.00
313152400835073.06	135.00
313152400835073.06	229.00
312825860271115.75	128.00
312825860271115.75	153.00
312825860271115.75	206.00
312825860271115.75	64.00
312825860271115.75	265.00
312825860271115.75	133.00
312499999999999.94	210.00
312499999999999.94	121.00
312499999999999.94	210.00
312499999999999.94	137.00
312499999999999.94	167.00
312499999999999.94	226.00
312174817898022.94	207.00
312174817898022.94	144.00
312174817898022.94	192.00
312174817898022.94	215.00
312174817898022.94	133.00
312174817898022.94	108.00
311850311850311.81	218.00
311850311850311.81	117.00
311850311850311.81	233.00
311850311850311.81	178.00
311850311850311.81	213.00
311526479750778.75	197.00
311526479750778.75	158.00
311526479750778.75	162.00
311526479750778.75	194.00
311526479750778.75	139.00
311526479750778.75	149.00
311203319502074.69	109.00
311203319502074.69	129.00
311203319502074.69	93.00
311203319502074.69	169.00
311203319502074.69	162.00
311203319502074.69	123.00
310880829015544.00	138.00
310880829015544.00	205.00
310880829015544.00	200.00
310880829015544.00	152.00
310880829015544.00	176.00
310880829015544.00	206.00
310559006211180.06	164.00
310559006211180.06	224.00
310559006211180.06	114.00
310559006211180.06	164.00
310559006211180.06	168.00
310559006211180.06	195.00
310237849017580.12	181.00
310237849017580.12	173.00
310237849017580.12	158.00
310237849017580.12	212.00
310237849017580.12	163.00
310237849017580.12	89.00
309917355371900.81	79.00
309917355371900.81	134.00
309917355371900.81	126.00
309917355371900.81	103.00
309917355371900.81	158.00
309917355371900.81	73.00
309597523219814.25	182.00
309597523219814.25	105.00
309597523219814.25	158.00
309597523219814.25	158.00
309597523219814.25	151.00
309597523219814.25	144.00
309278350515463.87	147.00
309278350515463.87	119.00
309278350515463.87	145.00
309278350515463.87	244.00
309278350515463.87	140.00
309278350515463.87	134.00
308959835221421.19	154.00
308959835221421.19	83.00
308959835221421.19	113.00
308959835221421.19	174.00
308959835221421.19	17.00
308959835221421.19	216.00
308641975308642.00	64.00
308641975308642.00	169.00
308641975308642.00	210.00
308641975308642.00	191.00
308641975308642.00	155.00
308641975308642.00	49.00
308641975308642.00	132.00
308324768756423.44	140.00
308324768756423.44	160.00
308324768756423.44	92.00
308324768756423.44	155.00
308324768756423.44	117.00
308324768756423.44	103.00
308008213552361.31	129.00
308008213552361.31	200.00
308008213552361.31	186.00
308008213552361.31	226.00
308008213552361.31	63.00
308008213552361.31	129.00
307692307692307.69	210.00
307692307692307.69	65.00
307692307692307.69	86.00
307692307692307.69	55.00
307692307692307.69	118.00
307692307692307.69	153.00
307377049180327.87	185.00
307377049180327.87	130.00
307377049180327.87	177.00
307377049180327.87	98.00
307377049180327.87	114.00
307377049180327.87	122.00
307062436028659.12	132.00
307062436028659.12	161.00
307062436028659.12	134.00
307062436028659.12	185.00
307062436028659.12	156.00
307062436028659.12	154.00
306748466257668.75	160.00
306748466257668.75	119.00
306748466257668.75	159.00
306748466257668.75	65.00
306748466257668.75	94.00
306748466257668.75	107.00
306435137895812.00	109.00
306435137895812.00	133.00
306435137895812.00	95.00
306435137895812.00	197.00
306435137895812.00	150.00
306435137895812.00	125.00
306122448979591.75	155.00
306122448979591.75	71.00
306122448979591.75	89.00
306122448979591.75	53.00
306122448979591.75	78.00
306122448979591.75	148.00
305810397553516.81	172.00
305810397553516.81	124.00
305810397553516.81	133.00
305810397553516.81	170.00
305810397553516.81	115.00
305810397553516.81	108.00
305498981670061.06	131.00
305498981670061.06	130.00
305498981670061.06	110.00
305498981670061.06	148.00
305498981670061.06	48.00
305498981670061.06	42.00
305188199389623.56	201.00
305188199389623.56	133.00
305188199389623.56	44.00
305188199389623.56	175.00
305188199389623.56	180.00
305188199389623.56	174.00
304878048780487.81	67.00
304878048780487.81	163.00
304878048780487.81	158.00
304878048780487.81	108.00
304878048780487.81	43.00
304878048780487.81	66.00
304568527918781.69	116.00
304568527918781.69	150.00
304568527918781.69	166.00
304568527918781.69	107.00
304568527918781.69	139.00
304568527918781.69	108.00
304259634888438.19	89.00
304259634888438.19	76.00
304259634888438.19	119.00
304259634888438.19	57.00
304259634888438.19	83.00
304259634888438.19	149.00
303951367781155.00	149.00
303951367781155.00	130.00
303951367781155.00	68.00
303951367781155.00	128.00
303951367781155.00	90.00
303951367781155.00	79.00
303643724696356.25	95.00
303643724696356.25	186.00
303643724696356.25	149.00
303643724696356.25	87.00
303643724696356.25	138.00
303643724696356.25	141.00
303336703741152.69	125.00
303336703741152.69	79.00
303336703741152.69	71.00
303336703741152.69	170.00
303336703741152.69	133.00
303336703741152.69	170.00
303030303030303.00	86.00
303030303030303.00	65.00
303030303030303.00	123.00
303030303030303.00	99.00
303030303030303.00	26.00
303030303030303.00	137.00
303030303030303.00	74.00
302724520686175.56	154.00
302724520686175.56	185.00
302724520686175.56	96.00
302724520686175.56	166.00
302724520686175.56	126.00
302724520686175.56	115.00
302419354838709.69	58.00
302419354838709.69	42.00
302419354838709.69	34.00
302419354838709.69	85.00
302419354838709.69	105.00
302419354838709.69	36.00
302114803625377.62	134.00
302114803625377.62	129.00
302114803625377.62	111.00
302114803625377.62	180.00
302114803625377.62	151.00
302114803625377.62	159.00
301810865191146.81	144.00
301810865191146.81	109.00
301810865191146.81	140.00
301810865191146.81	145.00
301810865191146.81	107.00
301810865191146.81	93.00
301507537688442.25	129.00
301507537688442.25	142.00
301507537688442.25	86.00
301507537688442.25	133.00
301507537688442.25	116.00
301507537688442.25	183.00
301204819277108.44	129.00
301204819277108.44	97.00
301204819277108.44	76.00
301204819277108.44	96.00
301204819277108.44	108.00
301204819277108.44	54.00
300902708124373.06	46.00
300902708124373.06	44.00
300902708124373.06	77.00
300902708124373.06	104.00
300902708124373.06	121.00
300902708124373.06	63.00
300601202404809.62	141.00
300601202404809.62	107.00
300601202404809.62	58.00
300601202404809.62	61.00
300601202404809.62	110.00
300601202404809.62	136.00
300300300300300.25	89.00
300300300300300.25	138.00
300300300300300.25	156.00
300300300300300.25	130.00
300300300300300.25	160.00
300300300300300.25	70.00
300300300300300.25	48.00
299999999999999.94	115.00
299999999999999.94	117.00
299999999999999.94	143.00
299999999999999.94	1.00
299999999999999.94	73.00
299999999999999.94	43.00
299700299700299.69	70.00
299700299700299.69	72.00
299700299700299.69	102.00
299700299700299.69	39.00
299700299700299.69	55.00
299700299700299.69	95.00
299401197604790.37	125.00
299401197604790.37	14.00
299401197604790.37	51.00
299401197604790.37	106.00
299401197604790.37	176.00
299401197604790.37	116.00
299102691924227.31	153.00
299102691924227.31	145.00
299102691924227.31	76.00
299102691924227.31	132.00
299102691924227.31	113.00
299102691924227.31	76.00
298804780876494.00	131.00
298804780876494.00	124.00
298804780876494.00	100.00
298804780876494.00	99.00
298804780876494.00	69.00
298804780876494.00	116.00
298507462686567.12	105.00
298507462686567.12	80.00
298507462686567.12	81.00
298507462686567.12	76.00
298507462686567.12	98.00
298507462686567.12	67.00
298210735586481.12	54.00
298210735586481.12	125.00
298210735586481.12	114.00
298210735586481.12	58.00
298210735586481.12	110.00
298210735586481.12	128.00
298210735586481.12	182.00
297914597815292.94	105.00
297914597815292.94	106.00
297914597815292.94	86.00
297914597815292.94	100.00
297914597815292.94	13.00
297914597815292.94	147.00
297619047619047.56	136.00
297619047619047.56	125.00
297619047619047.56	2.00
297619047619047.56	84.00
297619047619047.56	148.00
297619047619047.56	111.00
297324083250743.31	65.00
297324083250743.31	132.00
297324083250743.31	74.00
297324083250743.31	141.00
297324083250743.31	27.00
297324083250743.31	18.00
297029702970297.00	56.00
297029702970297.00	154.00
297029702970297.00	25.00
297029702970297.00	43.00
297029702970297.00	89.00
297029702970297.00	73.00
296735905044510.37	98.00
296735905044510.37	122.00
296735905044510.37	100.00
296735905044510.37	38.00
296735905044510.37	58.00
296735905044510.37	85.00
296735905044510.37	0.00
296442687747035.56	94.00
296442687747035.56	46.00
296442687747035.56	38.00
296442687747035.56	99.00
296442687747035.56	154.00
296442687747035.56	124.00
296150049358341.56	72.00
296150049358341.56	160.00
296150049358341.56	127.00
296150049358341.56	125.00
296150049358341.56	96.00
296150049358341.56	90.00
295857988165680.44	129.00
295857988165680.44	42.00
295857988165680.44	150.00
295857988165680.44	97.00
295857988165680.44	68.00
295857988165680.44	109.00
295566502463054.19	141.00
295566502463054.19	150.00
295566502463054.19	8.00
295566502463054.19	51.00
295566502463054.19	87.00
295566502463054.19	57.00
295275590551181.06	126.00
295275590551181.06	100.00
295275590551181.06	130.00
295275590551181.06	92.00
295275590551181.06	70.00
295275590551181.06	53.00
295275590551181.06	22.00
294985250737463.12	105.00
294985250737463.12	99.00
294985250737463.12	110.00
294985250737463.12	117.00
294985250737463.12	108.00
294985250737463.12	53.00
294695481335952.81	71.00
294695481335952.81	79.00
294695481335952.81	48.00
294695481335952.81	90.00
294695481335952.81	70.00
294695481335952.81	87.00
294406280667320.87	118.00
294406280667320.87	12.00
294406280667320.87	22.00
294406280667320.87	-8.00
294406280667320.87	119.00
294406280667320.87	28.00
294117647058823.56	87.00
294117647058823.56	21.00
294117647058823.56	125.00
294117647058823.56	44.00
294117647058823.56	99.00
294117647058823.56	107.00
293829578844270.31	65.00
293829578844270.31	8.00
293829578844270.31	60.00
293829578844270.31	68.00
293829578844270.31	109.00
293829578844270.31	10.00
293829578844270.31	-30.00
293542074363992.12	144.00
293542074363992.12	72.00
293542074363992.12	30.00
293542074363992.12	138.00
293542074363992.12	58.00
293542074363992.12	70.00
293255131964809.37	85.00
293255131964809.37	121.00
293255131964809.37	80.00
293255131964809.37	147.00
293255131964809.37	76.00
293255131964809.37	153.00
292968749999999.94	55.00
292968749999999.94	102.00
292968749999999.94	109.00
292968749999999.94	116.00
292968749999999.94	-2.00
292968749999999.94	88.00
292682926829268.25	70.00
292682926829268.25	18.00
292682926829268.25	115.00
292682926829268.25	115.00
292682926829268.25	34.00
292682926829268.25	78.00
292682926829268.25	85.00
292397660818713.44	91.00
292397660818713.44	50.00
292397660818713.44	105.00
292397660818713.44	58.00
292397660818713.44	144.00
292397660818713.44	78.00
292112950340798.44	130.00
292112950340798.44	36.00
292112950340798.44	120.00
292112950340798.44	11.00
292112950340798.44	78.00
292112950340798.44	49.00
291828793774319.00	123.00
291828793774319.00	91.00
291828793774319.00	69.00
291828793774319.00	41.00
291828793774319.00	33.00
291828793774319.00	133.00
291545189504373.19	124.00
291545189504373.19	102.00
291545189504373.19	143.00
291545189504373.19	158.00
291545189504373.19	155.00
291545189504373.19	103.00
291545189504373.19	55.00
291262135922330.06	89.00
291262135922330.06	45.00
291262135922330.06	8.00
291262135922330.06	79.00
291262135922330.06	149.00
291262135922330.06	56.00
290979631425800.12	43.00
290979631425800.12	143.00
290979631425800.12	131.00
290979631425800.12	138.00
290979631425800.12	67.00
290979631425800.12	107.00
290697674418604.62	47.00
290697674418604.62	89.00
290697674418604.62	41.00
290697674418604.62	57.00
290697674418604.62	98.00
290697674418604.62	119.00
290416263310745.37	89.00
290416263310745.37	110.00
290416263310745.37	139.00
290416263310745.37	64.00
290416263310745.37	60.00
290416263310745.37	108.00
290416263310745.37	31.00
290135396518375.25	142.00
290135396518375.25	5.00
290135396518375.25	54.00
290135396518375.25	152.00
290135396518375.25	121.00
290135396518375.25	-3.00
289855072463768.06	36.00
