869565217391304.25	55.00
869565217391304.25	55.00
867052023121387.37	55.00
867052023121387.37	75.00
867052023121387.37	-47.00
867052023121387.37	122.00
864553314121037.50	59.00
864553314121037.50	74.00
864553314121037.50	133.00
864553314121037.50	-9.00
864553314121037.50	43.00
862068965517241.25	93.00
862068965517241.25	105.00
862068965517241.25	116.00
862068965517241.25	101.00
862068965517241.25	104.00
859598853868194.75	64.00
859598853868194.75	121.00
859598853868194.75	93.00
859598853868194.75	213.00
857142857142857.00	71.00
857142857142857.00	67.00
857142857142857.00	53.00
857142857142857.00	113.00
857142857142857.00	96.00
854700854700854.62	86.00
854700854700854.62	101.00
854700854700854.62	112.00
854700854700854.62	17.00
854700854700854.62	120.00
852272727272727.25	123.00
852272727272727.25	41.00
852272727272727.25	141.00
852272727272727.25	63.00
849858356940510.00	120.00
849858356940510.00	65.00
849858356940510.00	80.00
849858356940510.00	188.00
849858356940510.00	68.00
847457627118644.12	167.00
847457627118644.12	136.00
847457627118644.12	43.00
847457627118644.12	4.00
847457627118644.12	55.00
845070422535211.25	47.00
845070422535211.25	87.00
845070422535211.25	90.00
845070422535211.25	142.00
842696629213483.12	59.00
842696629213483.12	159.00
842696629213483.12	60.00
842696629213483.12	71.00
842696629213483.12	44.00
840336134453781.50	120.00
840336134453781.50	40.00
840336134453781.50	157.00
840336134453781.50	124.00
840336134453781.50	92.00
837988826815642.50	118.00
837988826815642.50	96.00
837988826815642.50	86.00
837988826815642.50	110.00
835654596100278.50	142.00
835654596100278.50	132.00
835654596100278.50	119.00
835654596100278.50	132.00
835654596100278.50	82.00
833333333333333.25	156.00
833333333333333.25	170.00
833333333333333.25	84.00
833333333333333.25	186.00
833333333333333.25	122.00
831024930747922.37	119.00
831024930747922.37	109.00
831024930747922.37	112.00
831024930747922.37	48.00
828729281767955.62	195.00
828729281767955.62	113.00
828729281767955.62	70.00
828729281767955.62	64.00
828729281767955.62	139.00
826446280991735.50	161.00
826446280991735.50	117.00
826446280991735.50	137.00
826446280991735.50	128.00
826446280991735.50	120.00
824175824175824.12	142.00
824175824175824.12	101.00
824175824175824.12	150.00
824175824175824.12	152.00
824175824175824.12	72.00
821917808219178.00	159.00
821917808219178.00	101.00
821917808219178.00	71.00
821917808219178.00	83.00
819672131147540.87	111.00
819672131147540.87	47.00
819672131147540.87	113.00
819672131147540.87	-17.00
819672131147540.87	140.00
817438692098092.62	138.00
817438692098092.62	33.00
817438692098092.62	125.00
817438692098092.62	59.00
817438692098092.62	123.00
815217391304347.87	84.00
815217391304347.87	71.00
815217391304347.87	151.00
815217391304347.87	107.00
813008130081300.75	140.00
813008130081300.75	76.00
813008130081300.75	11.00
813008130081300.75	140.00
813008130081300.75	114.00
810810810810810.75	78.00
810810810810810.75	162.00
810810810810810.75	153.00
810810810810810.75	132.00
810810810810810.75	86.00
808625336927223.75	102.00
808625336927223.75	127.00
808625336927223.75	82.00
808625336927223.75	27.00
806451612903225.62	70.00
806451612903225.62	131.00
806451612903225.62	119.00
806451612903225.62	44.00
806451612903225.62	44.00
804289544235925.00	68.00
804289544235925.00	143.00
804289544235925.00	147.00
804289544235925.00	43.00
804289544235925.00	118.00
802139037433155.00	122.00
802139037433155.00	135.00
802139037433155.00	54.00
802139037433155.00	60.00
802139037433155.00	102.00
800000000000000.00	63.00
800000000000000.00	53.00
800000000000000.00	69.00
800000000000000.00	85.00
797872340425531.75	131.00
797872340425531.75	130.00
797872340425531.75	111.00
797872340425531.75	102.00
797872340425531.75	65.00
795755968169761.25	113.00
795755968169761.25	130.00
795755968169761.25	130.00
795755968169761.25	63.00
795755968169761.25	155.00
793650793650793.62	132.00
793650793650793.62	100.00
793650793650793.62	161.00
793650793650793.62	31.00
791556728232189.87	115.00
791556728232189.87	10.00
791556728232189.87	92.00
791556728232189.87	65.00
791556728232189.87	105.00
789473684210526.37	192.00
789473684210526.37	130.00
789473684210526.37	98.00
789473684210526.37	141.00
789473684210526.37	45.00
787401574803149.50	118.00
787401574803149.50	116.00
787401574803149.50	56.00
787401574803149.50	82.00
787401574803149.50	80.00
785340314136125.62	128.00
785340314136125.62	114.00
785340314136125.62	101.00
785340314136125.62	141.00
783289817232376.00	154.00
783289817232376.00	127.00
783289817232376.00	75.00
783289817232376.00	61.00
783289817232376.00	43.00
781250000000000.00	153.00
781250000000000.00	95.00
781250000000000.00	146.00
781250000000000.00	84.00
781250000000000.00	60.00
779220779220779.25	120.00
779220779220779.25	84.00
779220779220779.25	105.00
779220779220779.25	94.00
777202072538860.00	102.00
777202072538860.00	115.00
777202072538860.00	168.00
777202072538860.00	132.00
777202072538860.00	121.00
775193798449612.37	49.00
775193798449612.37	105.00
775193798449612.37	135.00
775193798449612.37	127.00
775193798449612.37	118.00
773195876288659.62	124.00
773195876288659.62	181.00
773195876288659.62	170.00
773195876288659.62	70.00
773195876288659.62	85.00
771208226221079.75	116.00
771208226221079.75	69.00
771208226221079.75	184.00
771208226221079.75	51.00
769230769230769.25	172.00
769230769230769.25	88.00
769230769230769.25	67.00
769230769230769.25	50.00
769230769230769.25	194.00
767263427109974.37	133.00
767263427109974.37	24.00
767263427109974.37	172.00
767263427109974.37	92.00
767263427109974.37	120.00
765306122448979.62	129.00
765306122448979.62	73.00
765306122448979.62	111.00
765306122448979.62	13.00
763358778625954.12	171.00
763358778625954.12	71.00
763358778625954.12	116.00
763358778625954.12	138.00
763358778625954.12	135.00
761421319796954.37	117.00
761421319796954.37	137.00
761421319796954.37	116.00
761421319796954.37	101.00
761421319796954.37	197.00
759493670886075.87	75.00
759493670886075.87	196.00
759493670886075.87	120.00
759493670886075.87	27.00
759493670886075.87	121.00
757575757575757.62	114.00
757575757575757.62	88.00
757575757575757.62	99.00
757575757575757.62	97.00
755667506297229.25	132.00
755667506297229.25	131.00
755667506297229.25	138.00
755667506297229.25	140.00
755667506297229.25	66.00
753768844221105.37	182.00
753768844221105.37	156.00
753768844221105.37	150.00
753768844221105.37	247.00
753768844221105.37	151.00
751879699248120.37	118.00
751879699248120.37	82.00
751879699248120.37	172.00
751879699248120.37	114.00
751879699248120.37	120.00
750000000000000.00	100.00
750000000000000.00	117.00
750000000000000.00	94.00
750000000000000.00	119.00
748129675810473.75	75.00
748129675810473.75	144.00
748129675810473.75	126.00
748129675810473.75	170.00
748129675810473.75	192.00
746268656716417.87	85.00
746268656716417.87	178.00
746268656716417.87	82.00
746268656716417.87	54.00
746268656716417.87	153.00
744416873449131.37	124.00
744416873449131.37	109.00
744416873449131.37	117.00
744416873449131.37	135.00
744416873449131.37	138.00
742574257425742.62	86.00
742574257425742.62	51.00
742574257425742.62	185.00
742574257425742.62	59.00
740740740740740.75	145.00
740740740740740.75	123.00
740740740740740.75	176.00
740740740740740.75	108.00
740740740740740.75	79.00
738916256157635.50	77.00
738916256157635.50	141.00
738916256157635.50	85.00
738916256157635.50	97.00
738916256157635.50	131.00
737100737100737.00	57.00
737100737100737.00	34.00
737100737100737.00	106.00
737100737100737.00	120.00
735294117647058.75	58.00
735294117647058.75	95.00
735294117647058.75	152.00
735294117647058.75	105.00
735294117647058.75	99.00
733496332518337.37	116.00
733496332518337.37	146.00
733496332518337.37	106.00
733496332518337.37	108.00
733496332518337.37	104.00
731707317073170.75	8.00
731707317073170.75	188.00
731707317073170.75	140.00
731707317073170.75	116.00
731707317073170.75	64.00
729927007299270.00	126.00
729927007299270.00	117.00
729927007299270.00	196.00
729927007299270.00	174.00
728155339805825.12	175.00
728155339805825.12	126.00
728155339805825.12	117.00
728155339805825.12	139.00
728155339805825.12	171.00
726392251815980.62	101.00
726392251815980.62	101.00
726392251815980.62	179.00
726392251815980.62	198.00
726392251815980.62	193.00
724637681159420.25	113.00
724637681159420.25	157.00
724637681159420.25	190.00
724637681159420.25	137.00
724637681159420.25	197.00
722891566265060.25	125.00
722891566265060.25	196.00
722891566265060.25	205.00
722891566265060.25	273.00
721153846153846.00	184.00
721153846153846.00	167.00
721153846153846.00	223.00
721153846153846.00	226.00
721153846153846.00	269.00
719424460431654.62	190.00
719424460431654.62	255.00
719424460431654.62	189.00
719424460431654.62	241.00
719424460431654.62	215.00
717703349282296.62	295.00
717703349282296.62	222.00
717703349282296.62	270.00
717703349282296.62	218.00
717703349282296.62	249.00
715990453460620.50	255.00
715990453460620.50	204.00
715990453460620.50	251.00
715990453460620.50	305.00
715990453460620.50	307.00
714285714285714.37	325.00
714285714285714.37	258.00
714285714285714.37	304.00
714285714285714.37	280.00
712589073634204.12	229.00
712589073634204.12	248.00
712589073634204.12	266.00
712589073634204.12	289.00
712589073634204.12	370.00
710900473933649.25	299.00
710900473933649.25	275.00
710900473933649.25	209.00
710900473933649.25	296.00
710900473933649.25	323.00
709219858156028.25	366.00
709219858156028.25	304.00
709219858156028.25	287.00
709219858156028.25	375.00
709219858156028.25	340.00
707547169811320.62	401.00
707547169811320.62	295.00
707547169811320.62	326.00
707547169811320.62	316.00
705882352941176.50	431.00
705882352941176.50	398.00
705882352941176.50	351.00
705882352941176.50	285.00
705882352941176.50	412.00
704225352112676.12	303.00
704225352112676.12	361.00
704225352112676.12	323.00
704225352112676.12	323.00
704225352112676.12	414.00
702576112412177.87	398.00
702576112412177.87	396.00
702576112412177.87	416.00
702576112412177.87	412.00
702576112412177.87	362.00
700934579439252.25	414.00
700934579439252.25	429.00
700934579439252.25	352.00
700934579439252.25	389.00
699300699300699.25	368.00
699300699300699.25	344.00
699300699300699.25	309.00
699300699300699.25	457.00
699300699300699.25	360.00
697674418604651.12	366.00
697674418604651.12	354.00
697674418604651.12	270.00
697674418604651.12	324.00
697674418604651.12	394.00
696055684454756.37	350.00
696055684454756.37	368.00
696055684454756.37	322.00
696055684454756.37	422.00
696055684454756.37	335.00
694444444444444.50	354.00
694444444444444.50	331.00
694444444444444.50	381.00
694444444444444.50	319.00
692840646651270.25	337.00
692840646651270.25	330.00
692840646651270.25	416.00
692840646651270.25	408.00
692840646651270.25	241.00
691244239631336.25	293.00
691244239631336.25	362.00
691244239631336.25	323.00
691244239631336.25	353.00
691244239631336.25	295.00
689655172413793.00	369.00
689655172413793.00	392.00
689655172413793.00	372.00
689655172413793.00	381.00
689655172413793.00	306.00
688073394495412.75	301.00
688073394495412.75	348.00
688073394495412.75	415.00
688073394495412.75	247.00
688073394495412.75	322.00
686498855835240.25	335.00
686498855835240.25	236.00
686498855835240.25	329.00
686498855835240.25	305.00
684931506849315.12	295.00
684931506849315.12	284.00
684931506849315.12	285.00
684931506849315.12	349.00
684931506849315.12	328.00
683371298405466.87	277.00
683371298405466.87	295.00
683371298405466.87	326.00
683371298405466.87	242.00
683371298405466.87	256.00
681818181818181.75	262.00
681818181818181.75	225.00
681818181818181.75	267.00
681818181818181.75	287.00
681818181818181.75	356.00
680272108843537.25	253.00
680272108843537.25	301.00
680272108843537.25	298.00
680272108843537.25	314.00
680272108843537.25	253.00
678733031674208.12	273.00
678733031674208.12	250.00
678733031674208.12	310.00
678733031674208.12	289.00
677200902934537.12	354.00
677200902934537.12	333.00
677200902934537.12	344.00
677200902934537.12	289.00
677200902934537.12	258.00
675675675675675.75	241.00
675675675675675.75	304.00
675675675675675.75	213.00
675675675675675.75	318.00
675675675675675.75	377.00
674157303370786.37	263.00
674157303370786.37	274.00
674157303370786.37	338.00
674157303370786.37	204.00
674157303370786.37	315.00
672645739910313.87	335.00
672645739910313.87	345.00
672645739910313.87	256.00
672645739910313.87	271.00
671140939597315.37	330.00
671140939597315.37	294.00
671140939597315.37	279.00
671140939597315.37	223.00
671140939597315.37	327.00
669642857142857.00	204.00
669642857142857.00	221.00
669642857142857.00	341.00
669642857142857.00	375.00
669642857142857.00	274.00
668151447661470.00	306.00
668151447661470.00	275.00
668151447661470.00	293.00
668151447661470.00	288.00
668151447661470.00	284.00
666666666666666.62	326.00
666666666666666.62	213.00
666666666666666.62	274.00
666666666666666.62	289.00
666666666666666.62	370.00
665188470066518.87	344.00
665188470066518.87	277.00
665188470066518.87	235.00
665188470066518.87	254.00
663716814159292.00	317.00
663716814159292.00	268.00
663716814159292.00	320.00
663716814159292.00	276.00
663716814159292.00	300.00
662251655629139.12	302.00
662251655629139.12	311.00
662251655629139.12	290.00
662251655629139.12	276.00
662251655629139.12	238.00
660792951541850.25	171.00
660792951541850.25	299.00
660792951541850.25	313.00
660792951541850.25	208.00
660792951541850.25	241.00
659340659340659.25	239.00
659340659340659.25	254.00
659340659340659.25	276.00
659340659340659.25	350.00
659340659340659.25	279.00
657894736842105.25	282.00
657894736842105.25	300.00
657894736842105.25	281.00
657894736842105.25	263.00
657894736842105.25	348.00
656455142231947.50	304.00
656455142231947.50	202.00
656455142231947.50	353.00
656455142231947.50	324.00
655021834061135.37	234.00
655021834061135.37	317.00
655021834061135.37	302.00
655021834061135.37	230.00
655021834061135.37	311.00
653594771241830.12	347.00
653594771241830.12	240.00
653594771241830.12	292.00
653594771241830.12	361.00
653594771241830.12	272.00
652173913043478.25	360.00
652173913043478.25	217.00
652173913043478.25	287.00
652173913043478.25	249.00
652173913043478.25	273.00
650759219088937.12	306.00
650759219088937.12	267.00
650759219088937.12	251.00
650759219088937.12	329.00
650759219088937.12	268.00
649350649350649.25	337.00
649350649350649.25	238.00
649350649350649.25	314.00
649350649350649.25	351.00
647948164146868.25	353.00
647948164146868.25	238.00
647948164146868.25	322.00
647948164146868.25	244.00
647948164146868.25	282.00
646551724137931.00	314.00
646551724137931.00	284.00
646551724137931.00	257.00
646551724137931.00	381.00
646551724137931.00	314.00
645161290322580.62	239.00
645161290322580.62	330.00
645161290322580.62	278.00
645161290322580.62	294.00
645161290322580.62	320.00
643776824034334.75	297.00
643776824034334.75	246.00
643776824034334.75	260.00
643776824034334.75	326.00
643776824034334.75	383.00
642398286937901.50	291.00
642398286937901.50	339.00
642398286937901.50	344.00
642398286937901.50	231.00
641025641025641.00	297.00
641025641025641.00	260.00
641025641025641.00	275.00
641025641025641.00	292.00
641025641025641.00	294.00
639658848614072.50	275.00
639658848614072.50	328.00
639658848614072.50	367.00
639658848614072.50	296.00
639658848614072.50	326.00
638297872340425.50	302.00
638297872340425.50	327.00
638297872340425.50	307.00
638297872340425.50	316.00
638297872340425.50	390.00
636942675159235.62	343.00
636942675159235.62	345.00
636942675159235.62	313.00
636942675159235.62	352.00
636942675159235.62	419.00
635593220338983.00	319.00
635593220338983.00	279.00
635593220338983.00	357.00
635593220338983.00	285.00
635593220338983.00	329.00
634249471458773.87	357.00
634249471458773.87	280.00
634249471458773.87	330.00
634249471458773.87	330.00
632911392405063.25	319.00
632911392405063.25	258.00
632911392405063.25	337.00
632911392405063.25	384.00
632911392405063.25	300.00
631578947368421.00	357.00
631578947368421.00	366.00
631578947368421.00	408.00
631578947368421.00	413.00
631578947368421.00	423.00
630252100840336.12	336.00
630252100840336.12	361.00
630252100840336.12	371.00
630252100840336.12	293.00
630252100840336.12	322.00
628930817610062.87	395.00
628930817610062.87	370.00
628930817610062.87	371.00
628930817610062.87	358.00
628930817610062.87	406.00
627615062761506.25	332.00
627615062761506.25	351.00
627615062761506.25	421.00
627615062761506.25	419.00
627615062761506.25	391.00
626304801670146.12	387.00
626304801670146.12	432.00
626304801670146.12	368.00
626304801670146.12	425.00
624999999999999.87	379.00
624999999999999.87	411.00
624999999999999.87	426.00
624999999999999.87	396.00
624999999999999.87	378.00
623700623700623.62	399.00
623700623700623.62	413.00
623700623700623.62	338.00
623700623700623.62	452.00
623700623700623.62	417.00
622406639004149.37	401.00
622406639004149.37	354.00
622406639004149.37	439.00
622406639004149.37	436.00
622406639004149.37	399.00
621118012422360.12	527.00
621118012422360.12	473.00
621118012422360.12	454.00
621118012422360.12	458.00
621118012422360.12	402.00
619834710743801.62	440.00
619834710743801.62	463.00
619834710743801.62	451.00
619834710743801.62	458.00
619834710743801.62	471.00
618556701030927.75	486.00
618556701030927.75	513.00
618556701030927.75	453.00
618556701030927.75	534.00
618556701030927.75	510.00
617283950617284.00	528.00
617283950617284.00	460.00
617283950617284.00	512.00
617283950617284.00	477.00
616016427104722.62	472.00
616016427104722.62	478.00
616016427104722.62	496.00
616016427104722.62	492.00
616016427104722.62	495.00
614754098360655.75	535.00
614754098360655.75	566.00
614754098360655.75	564.00
614754098360655.75	625.00
614754098360655.75	492.00
613496932515337.50	524.00
613496932515337.50	515.00
613496932515337.50	543.00
613496932515337.50	557.00
613496932515337.50	551.00
612244897959183.50	502.00
612244897959183.50	633.00
612244897959183.50	568.00
612244897959183.50	588.00
612244897959183.50	618.00
610997963340122.12	577.00
610997963340122.12	624.00
610997963340122.12	629.00
610997963340122.12	641.00
610997963340122.12	674.00
609756097560975.62	634.00
609756097560975.62	679.00
609756097560975.62	624.00
609756097560975.62	631.00
609756097560975.62	646.00
608519269776876.37	695.00
608519269776876.37	686.00
608519269776876.37	673.00
608519269776876.37	669.00
607287449392712.50	695.00
607287449392712.50	668.00
607287449392712.50	752.00
607287449392712.50	722.00
607287449392712.50	726.00
606060606060606.00	728.00
606060606060606.00	703.00
606060606060606.00	762.00
606060606060606.00	785.00
606060606060606.00	798.00
604838709677419.37	766.00
604838709677419.37	779.00
604838709677419.37	716.00
604838709677419.37	773.00
604838709677419.37	828.00
603621730382293.62	745.00
603621730382293.62	795.00
603621730382293.62	730.00
603621730382293.62	793.00
603621730382293.62	760.00
602409638554216.87	833.00
602409638554216.87	812.00
602409638554216.87	846.00
602409638554216.87	778.00
602409638554216.87	846.00
601202404809619.25	780.00
601202404809619.25	740.00
601202404809619.25	811.00
601202404809619.25	820.00
601202404809619.25	835.00
599999999999999.87	828.00
599999999999999.87	835.00
599999999999999.87	840.00
599999999999999.87	851.00
598802395209580.75	883.00
598802395209580.75	866.00
598802395209580.75	859.00
598802395209580.75	891.00
598802395209580.75	916.00
597609561752988.00	897.00
597609561752988.00	878.00
597609561752988.00	883.00
597609561752988.00	881.00
597609561752988.00	864.00
596421471172962.25	897.00
596421471172962.25	904.00
596421471172962.25	890.00
596421471172962.25	906.00
596421471172962.25	880.00
595238095238095.12	852.00
595238095238095.12	895.00
595238095238095.12	762.00
595238095238095.12	849.00
595238095238095.12	934.00
594059405940594.00	871.00
594059405940594.00	897.00
594059405940594.00	845.00
594059405940594.00	961.00
594059405940594.00	840.00
592885375494071.12	876.00
592885375494071.12	881.00
592885375494071.12	821.00
592885375494071.12	877.00
592885375494071.12	876.00
591715976331360.87	804.00
591715976331360.87	875.00
591715976331360.87	818.00
591715976331360.87	875.00
591715976331360.87	847.00
590551181102362.12	779.00
590551181102362.12	858.00
590551181102362.12	796.00
590551181102362.12	918.00
589390962671905.62	784.00
589390962671905.62	852.00
589390962671905.62	865.00
589390962671905.62	831.00
589390962671905.62	854.00
588235294117647.12	848.00
588235294117647.12	806.00
588235294117647.12	830.00
588235294117647.12	810.00
588235294117647.12	810.00
587084148727984.25	814.00
587084148727984.25	812.00
587084148727984.25	838.00
587084148727984.25	810.00
587084148727984.25	722.00
585937499999999.87	775.00
585937499999999.87	865.00
585937499999999.87	722.00
585937499999999.87	777.00
585937499999999.87	766.00
584795321637426.87	787.00
584795321637426.87	795.00
584795321637426.87	788.00
584795321637426.87	804.00
584795321637426.87	797.00
583657587548638.00	757.00
583657587548638.00	707.00
583657587548638.00	770.00
583657587548638.00	816.00
583657587548638.00	810.00
582524271844660.12	724.00
582524271844660.12	758.00
582524271844660.12	733.00
582524271844660.12	695.00
582524271844660.12	731.00
581395348837209.25	717.00
581395348837209.25	705.00
581395348837209.25	790.00
581395348837209.25	716.00
581395348837209.25	739.00
580270793036750.50	677.00
580270793036750.50	735.00
580270793036750.50	683.00
580270793036750.50	712.00
579150579150579.00	766.00
579150579150579.00	663.00
579150579150579.00	771.00
579150579150579.00	676.00
579150579150579.00	647.00
578034682080924.75	696.00
578034682080924.75	668.00
578034682080924.75	599.00
578034682080924.75	651.00
578034682080924.75	634.00
576923076923076.87	623.00
576923076923076.87	734.00
576923076923076.87	640.00
576923076923076.87	681.00
576923076923076.87	654.00
575815738963531.62	713.00
575815738963531.62	661.00
575815738963531.62	608.00
575815738963531.62	637.00
575815738963531.62	690.00
574712643678160.87	645.00
574712643678160.87	625.00
574712643678160.87	600.00
574712643678160.87	604.00
574712643678160.87	587.00
573613766730401.50	681.00
573613766730401.50	600.00
573613766730401.50	556.00
573613766730401.50	550.00
573613766730401.50	627.00
572519083969465.62	601.00
572519083969465.62	566.00
572519083969465.62	614.00
572519083969465.62	553.00
572519083969465.62	614.00
571428571428571.37	613.00
571428571428571.37	559.00
571428571428571.37	562.00
571428571428571.37	651.00
571428571428571.37	583.00
570342205323193.87	620.00
570342205323193.87	592.00
570342205323193.87	521.00
570342205323193.87	539.00
570342205323193.87	529.00
569259962049335.87	505.00
569259962049335.87	568.00
569259962049335.87	536.00
569259962049335.87	536.00
568181818181818.12	569.00
568181818181818.12	581.00
568181818181818.12	539.00
568181818181818.12	522.00
568181818181818.12	550.00
567107750472589.75	505.00
567107750472589.75	516.00
567107750472589.75	592.00
567107750472589.75	533.00
567107750472589.75	562.00
566037735849056.62	540.00
566037735849056.62	518.00
566037735849056.62	485.00
566037735849056.62	423.00
566037735849056.62	521.00
564971751412429.25	430.00
564971751412429.25	518.00
564971751412429.25	542.00
564971751412429.25	434.00
564971751412429.25	533.00
563909774436090.12	488.00
563909774436090.12	564.00
563909774436090.12	500.00
563909774436090.12	526.00
563909774436090.12	497.00
562851782363977.44	500.00
562851782363977.44	503.00
562851782363977.44	498.00
562851782363977.44	551.00
562851782363977.44	524.00
561797752808988.75	531.00
561797752808988.75	531.00
561797752808988.75	482.00
561797752808988.75	527.00
561797752808988.75	449.00
560747663551401.75	408.00
560747663551401.75	452.00
560747663551401.75	449.00
560747663551401.75	471.00
560747663551401.75	520.00
559701492537313.44	518.00
559701492537313.44	453.00
559701492537313.44	356.00
559701492537313.44	381.00
559701492537313.44	474.00
558659217877094.94	386.00
558659217877094.94	463.00
558659217877094.94	379.00
558659217877094.94	488.00
558659217877094.94	447.00
557620817843866.12	501.00
557620817843866.12	526.00
557620817843866.12	391.00
557620817843866.12	477.00
557620817843866.12	394.00
556586270871985.12	470.00
556586270871985.12	495.00
556586270871985.12	406.00
556586270871985.12	498.00
556586270871985.12	419.00
555555555555555.50	347.00
555555555555555.50	420.00
555555555555555.50	503.00
555555555555555.50	445.00
554528650646950.12	418.00
554528650646950.12	412.00
554528650646950.12	458.00
554528650646950.12	422.00
554528650646950.12	489.00
553505535055350.50	405.00
553505535055350.50	434.00
553505535055350.50	377.00
553505535055350.50	409.00
553505535055350.50	365.00
552486187845303.81	454.00
552486187845303.81	343.00
552486187845303.81	362.00
552486187845303.81	432.00
552486187845303.81	394.00
551470588235294.12	369.00
551470588235294.12	410.00
551470588235294.12	370.00
551470588235294.12	297.00
551470588235294.12	457.00
550458715596330.19	397.00
550458715596330.19	367.00
550458715596330.19	397.00
550458715596330.19	419.00
550458715596330.19	411.00
549450549450549.37	431.00
549450549450549.37	449.00
549450549450549.37	399.00
549450549450549.37	408.00
549450549450549.37	371.00
548446069469835.50	373.00
548446069469835.50	418.00
548446069469835.50	380.00
548446069469835.50	349.00
548446069469835.50	387.00
547445255474452.56	396.00
547445255474452.56	315.00
547445255474452.56	380.00
547445255474452.56	419.00
547445255474452.56	364.00
546448087431693.94	314.00
546448087431693.94	427.00
546448087431693.94	384.00
546448087431693.94	373.00
546448087431693.94	385.00
545454545454545.44	457.00
545454545454545.44	373.00
545454545454545.44	388.00
545454545454545.44	416.00
545454545454545.44	436.00
544464609800363.00	428.00
544464609800363.00	400.00
544464609800363.00	380.00
544464609800363.00	375.00
544464609800363.00	409.00
543478260869565.19	462.00
543478260869565.19	399.00
543478260869565.19	436.00
543478260869565.19	462.00
543478260869565.19	413.00
542495479204339.94	441.00
542495479204339.94	393.00
542495479204339.94	357.00
542495479204339.94	422.00
542495479204339.94	396.00
541516245487364.62	450.00
541516245487364.62	443.00
541516245487364.62	503.00
541516245487364.62	430.00
541516245487364.62	400.00
540540540540540.44	401.00
540540540540540.44	492.00
540540540540540.44	380.00
540540540540540.44	428.00
540540540540540.44	450.00
539568345323740.94	481.00
539568345323740.94	507.00
539568345323740.94	479.00
539568345323740.94	427.00
539568345323740.94	495.00
538599640933572.69	537.00
538599640933572.69	492.00
538599640933572.69	461.00
538599640933572.69	444.00
537634408602150.56	542.00
537634408602150.56	476.00
537634408602150.56	493.00
537634408602150.56	458.00
537634408602150.56	557.00
536672629695885.44	430.00
536672629695885.44	558.00
536672629695885.44	500.00
536672629695885.44	515.00
536672629695885.44	489.00
535714285714285.69	539.00
535714285714285.69	497.00
535714285714285.69	598.00
535714285714285.69	556.00
535714285714285.69	585.00
534759358288770.06	529.00
534759358288770.06	582.00
534759358288770.06	672.00
534759358288770.06	600.00
534759358288770.06	528.00
533807829181494.56	557.00
533807829181494.56	545.00
533807829181494.56	683.00
533807829181494.56	624.00
533807829181494.56	648.00
532859680284191.81	622.00
532859680284191.81	561.00
532859680284191.81	684.00
532859680284191.81	609.00
532859680284191.81	636.00
531914893617021.25	727.00
531914893617021.25	667.00
531914893617021.25	618.00
531914893617021.25	657.00
531914893617021.25	645.00
530973451327433.62	647.00
530973451327433.62	677.00
530973451327433.62	674.00
530973451327433.62	674.00
530973451327433.62	682.00
530035335689045.87	678.00
530035335689045.87	746.00
530035335689045.87	701.00
530035335689045.87	678.00
530035335689045.87	727.00
529100529100529.06	669.00
529100529100529.06	749.00
529100529100529.06	745.00
529100529100529.06	763.00
529100529100529.06	744.00
528169014084507.00	744.00
528169014084507.00	763.00
528169014084507.00	815.00
528169014084507.00	786.00
528169014084507.00	803.00
527240773286467.44	811.00
527240773286467.44	835.00
527240773286467.44	888.00
527240773286467.44	875.00
527240773286467.44	840.00
526315789473684.12	824.00
526315789473684.12	857.00
526315789473684.12	867.00
526315789473684.12	842.00
526315789473684.12	846.00
525394045534150.62	892.00
525394045534150.62	903.00
525394045534150.62	902.00
525394045534150.62	954.00
525394045534150.62	894.00
524475524475524.50	878.00
524475524475524.50	926.00
524475524475524.50	932.00
524475524475524.50	1017.00
524475524475524.50	987.00
523560209424083.69	915.00
523560209424083.69	942.00
523560209424083.69	973.00
523560209424083.69	926.00
523560209424083.69	952.00
522648083623693.37	1024.00
522648083623693.37	990.00
522648083623693.37	1011.00
522648083623693.37	1042.00
522648083623693.37	1047.00
521739130434782.56	971.00
521739130434782.56	1030.00
521739130434782.56	1066.00
521739130434782.56	1125.00
521739130434782.56	1035.00
520833333333333.25	1087.00
520833333333333.25	1121.00
520833333333333.25	1081.00
520833333333333.25	1133.00
520833333333333.25	1064.00
519930675909878.62	1139.00
519930675909878.62	1055.00
519930675909878.62	1041.00
519930675909878.62	1196.00
519930675909878.62	1186.00
519031141868512.12	1181.00
519031141868512.12	1129.00
519031141868512.12	1210.00
519031141868512.12	1157.00
519031141868512.12	1210.00
518134715025906.75	1173.00
518134715025906.75	1274.00
518134715025906.75	1271.00
518134715025906.75	1210.00
518134715025906.75	1246.00
517241379310344.75	1234.00
517241379310344.75	1291.00
517241379310344.75	1322.00
517241379310344.75	1329.00
517241379310344.75	1247.00
516351118760757.31	1191.00
516351118760757.31	1335.00
516351118760757.31	1195.00
516351118760757.31	1327.00
516351118760757.31	1304.00
515463917525773.19	1294.00
515463917525773.19	1252.00
515463917525773.19	1235.00
515463917525773.19	1258.00
515463917525773.19	1230.00
514579759862778.69	1301.00
514579759862778.69	1395.00
514579759862778.69	1363.00
514579759862778.69	1323.00
514579759862778.69	1304.00
513698630136986.25	1294.00
513698630136986.25	1335.00
513698630136986.25	1270.00
513698630136986.25	1349.00
513698630136986.25	1409.00
512820512820512.75	1338.00
512820512820512.75	1327.00
512820512820512.75	1307.00
512820512820512.75	1358.00
512820512820512.75	1352.00
511945392491467.50	1416.00
511945392491467.50	1385.00
511945392491467.50	1340.00
511945392491467.50	1398.00
511945392491467.50	1321.00
511073253833049.37	1458.00
511073253833049.37	1389.00
511073253833049.37	1348.00
511073253833049.37	1388.00
511073253833049.37	1402.00
510204081632653.06	1371.00
510204081632653.06	1408.00
510204081632653.06	1391.00
510204081632653.06	1426.00
510204081632653.06	1482.00
509337860780984.75	1428.00
509337860780984.75	1413.00
509337860780984.75	1438.00
509337860780984.75	1535.00
509337860780984.75	1485.00
508474576271186.37	1472.00
508474576271186.37	1444.00
508474576271186.37	1439.00
508474576271186.37	1405.00
508474576271186.37	1535.00
507614213197969.50	1515.00
507614213197969.50	1431.00
507614213197969.50	1405.00
507614213197969.50	1443.00
507614213197969.50	1415.00
506756756756756.75	1506.00
506756756756756.75	1557.00
506756756756756.75	1460.00
506756756756756.75	1593.00
506756756756756.75	1458.00
505902192242833.00	1433.00
505902192242833.00	1522.00
505902192242833.00	1608.00
505902192242833.00	1487.00
505902192242833.00	1491.00
505050505050505.00	1568.00
505050505050505.00	1526.00
505050505050505.00	1455.00
505050505050505.00	1532.00
505050505050505.00	1499.00
504201680672268.94	1526.00
504201680672268.94	1524.00
504201680672268.94	1524.00
504201680672268.94	1507.00
504201680672268.94	1593.00
503355704697986.56	1498.00
503355704697986.56	1563.00
503355704697986.56	1543.00
503355704697986.56	1613.00
503355704697986.56	1507.00
502512562814070.31	1572.00
502512562814070.31	1547.00
502512562814070.31	1537.00
502512562814070.31	1586.00
502512562814070.31	1620.00
501672240802675.56	1554.00
501672240802675.56	1570.00
501672240802675.56	1644.00
501672240802675.56	1546.00
501672240802675.56	1611.00
500834724540901.50	1582.00
500834724540901.50	1592.00
500834724540901.50	1508.00
500834724540901.50	1666.00
500834724540901.50	1580.00
499999999999999.94	1614.00
499999999999999.94	1578.00
499999999999999.94	1568.00
499999999999999.94	1681.00
499999999999999.94	1709.00
499168053244592.31	1534.00
499168053244592.31	1677.00
499168053244592.31	1725.00
499168053244592.31	1728.00
499168053244592.31	1702.00
498338870431893.69	1712.00
498338870431893.69	1759.00
498338870431893.69	1797.00
498338870431893.69	1657.00
498338870431893.69	1704.00
497512437810945.31	1657.00
497512437810945.31	1703.00
497512437810945.31	1718.00
497512437810945.31	1739.00
497512437810945.31	1655.00
496688741721854.25	1667.00
496688741721854.25	1683.00
496688741721854.25	1738.00
496688741721854.25	1676.00
496688741721854.25	1675.00
495867768595041.31	1747.00
495867768595041.31	1704.00
495867768595041.31	1737.00
495867768595041.31	1590.00
495867768595041.31	1827.00
495049504950495.06	1684.00
495049504950495.06	1727.00
495049504950495.06	1705.00
495049504950495.06	1662.00
495049504950495.06	1697.00
494233937397034.50	1719.00
494233937397034.50	1663.00
494233937397034.50	1705.00
494233937397034.50	1618.00
494233937397034.50	1755.00
493421052631578.94	1615.00
493421052631578.94	1686.00
493421052631578.94	1662.00
493421052631578.94	1592.00
493421052631578.94	1713.00
493421052631578.94	1641.00
492610837438423.62	1644.00
492610837438423.62	1633.00
492610837438423.62	1712.00
492610837438423.62	1658.00
492610837438423.62	1737.00
491803278688524.50	1685.00
491803278688524.50	1634.00
491803278688524.50	1598.00
491803278688524.50	1573.00
491803278688524.50	1581.00
490998363338788.81	1624.00
490998363338788.81	1632.00
490998363338788.81	1578.00
490998363338788.81	1575.00
490998363338788.81	1653.00
490196078431372.50	1586.00
490196078431372.50	1561.00
490196078431372.50	1652.00
490196078431372.50	1511.00
490196078431372.50	1568.00
489396411092985.31	1559.00
489396411092985.31	1587.00
489396411092985.31	1568.00
489396411092985.31	1562.00
489396411092985.31	1604.00
488599348534201.87	1481.00
488599348534201.87	1497.00
488599348534201.87	1601.00
488599348534201.87	1513.00
488599348534201.87	1610.00
487804878048780.44	1581.00
487804878048780.44	1492.00
487804878048780.44	1427.00
487804878048780.44	1486.00
487804878048780.44	1551.00
487012987012987.00	1465.00
487012987012987.00	1493.00
487012987012987.00	1442.00
487012987012987.00	1524.00
487012987012987.00	1434.00
486223662884927.00	1443.00
486223662884927.00	1457.00
486223662884927.00	1415.00
486223662884927.00	1451.00
486223662884927.00	1438.00
485436893203883.50	1429.00
485436893203883.50	1505.00
485436893203883.50	1394.00
485436893203883.50	1354.00
485436893203883.50	1425.00
484652665589660.75	1424.00
484652665589660.75	1460.00
484652665589660.75	1444.00
484652665589660.75	1436.00
484652665589660.75	1464.00
483870967741935.50	1366.00
483870967741935.50	1436.00
483870967741935.50	1449.00
483870967741935.50	1410.00
483870967741935.50	1398.00
483091787439613.44	1417.00
483091787439613.44	1391.00
483091787439613.44	1419.00
483091787439613.44	1438.00
483091787439613.44	1403.00
482315112540192.94	1411.00
482315112540192.94	1329.00
482315112540192.94	1476.00
482315112540192.94	1495.00
482315112540192.94	1486.00
481540930979133.19	1441.00
481540930979133.19	1469.00
481540930979133.19	1355.00
481540930979133.19	1504.00
481540930979133.19	1520.00
480769230769230.69	1524.00
480769230769230.69	1497.00
480769230769230.69	1474.00
480769230769230.69	1370.00
480769230769230.69	1419.00
479999999999999.94	1431.00
479999999999999.94	1499.00
479999999999999.94	1420.00
479999999999999.94	1522.00
479999999999999.94	1592.00
479999999999999.94	1437.00
479233226837060.69	1465.00
479233226837060.69	1500.00
479233226837060.69	1482.00
479233226837060.69	1547.00
479233226837060.69	1546.00
478468899521531.12	1505.00
478468899521531.12	1489.00
478468899521531.12	1499.00
478468899521531.12	1479.00
478468899521531.12	1521.00
477707006369426.69	1525.00
477707006369426.69	1619.00
477707006369426.69	1607.00
477707006369426.69	1535.00
477707006369426.69	1580.00
476947535771065.19	1596.00
476947535771065.19	1527.00
476947535771065.19	1591.00
476947535771065.19	1519.00
476947535771065.19	1524.00
476190476190476.19	1489.00
476190476190476.19	1491.00
476190476190476.19	1505.00
476190476190476.19	1506.00
476190476190476.19	1567.00
475435816164817.69	1567.00
475435816164817.69	1492.00
475435816164817.69	1608.00
475435816164817.69	1589.00
475435816164817.69	1571.00
474683544303797.44	1551.00
474683544303797.44	1617.00
474683544303797.44	1511.00
474683544303797.44	1569.00
474683544303797.44	1554.00
473933649289099.56	1602.00
473933649289099.56	1597.00
473933649289099.56	1654.00
473933649289099.56	1532.00
473933649289099.56	1640.00
473186119873816.94	1634.00
473186119873816.94	1666.00
473186119873816.94	1529.00
473186119873816.94	1620.00
473186119873816.94	1557.00
472440944881889.75	1659.00
472440944881889.75	1501.00
472440944881889.75	1650.00
472440944881889.75	1590.00
472440944881889.75	1624.00
471698113207547.12	1621.00
471698113207547.12	1572.00
471698113207547.12	1518.00
471698113207547.12	1658.00
471698113207547.12	1595.00
470957613814756.69	1582.00
470957613814756.69	1656.00
470957613814756.69	1572.00
470957613814756.69	1624.00
470957613814756.69	1556.00
470957613814756.69	1632.00
470219435736677.00	1623.00
470219435736677.00	1677.00
470219435736677.00	1726.00
470219435736677.00	1676.00
470219435736677.00	1813.00
469483568075117.31	1661.00
469483568075117.31	1800.00
469483568075117.31	1776.00
469483568075117.31	1747.00
469483568075117.31	1747.00
468750000000000.00	1691.00
468750000000000.00	1695.00
468750000000000.00	1785.00
468750000000000.00	1781.00
468750000000000.00	1822.00
468018720748829.94	1758.00
468018720748829.94	1747.00
468018720748829.94	1720.00
468018720748829.94	1803.00
468018720748829.94	1739.00
467289719626168.19	1786.00
467289719626168.19	1781.00
467289719626168.19	1805.00
467289719626168.19	1794.00
467289719626168.19	1789.00
466562986003110.37	1745.00
466562986003110.37	1817.00
466562986003110.37	1717.00
466562986003110.37	1824.00
466562986003110.37	1775.00
465838509316770.25	1799.00
465838509316770.25	1866.00
465838509316770.25	1854.00
465838509316770.25	1844.00
465838509316770.25	1812.00
465116279069767.37	1847.00
465116279069767.37	1864.00
465116279069767.37	1843.00
465116279069767.37	1904.00
465116279069767.37	1906.00
464396284829721.37	1888.00
464396284829721.37	1897.00
464396284829721.37	1955.00
464396284829721.37	1792.00
464396284829721.37	1924.00
464396284829721.37	1882.00
463678516228748.06	1929.00
463678516228748.06	1906.00
463678516228748.06	1907.00
463678516228748.06	1920.00
463678516228748.06	1990.00
462962962962962.87	1950.00
462962962962962.87	2032.00
462962962962962.87	1989.00
462962962962962.87	1988.00
462962962962962.87	2013.00
462249614791987.62	2032.00
462249614791987.62	2092.00
462249614791987.62	1935.00
462249614791987.62	1952.00
462249614791987.62	2001.00
461538461538461.56	2067.00
461538461538461.56	1969.00
461538461538461.56	2032.00
461538461538461.56	1975.00
461538461538461.56	2000.00
460829493087557.56	1937.00
460829493087557.56	2008.00
460829493087557.56	2043.00
460829493087557.56	2020.00
460829493087557.56	1956.00
460122699386503.00	2041.00
460122699386503.00	1954.00
460122699386503.00	2016.00
460122699386503.00	2021.00
460122699386503.00	1951.00
459418070444104.12	2002.00
459418070444104.12	2026.00
459418070444104.12	2097.00
459418070444104.12	1984.00
459418070444104.12	1999.00
458715596330275.25	1900.00
458715596330275.25	1881.00
458715596330275.25	1916.00
458715596330275.25	1927.00
458715596330275.25	1982.00
458715596330275.25	2020.00
458015267175572.44	2022.00
458015267175572.44	2003.00
458015267175572.44	1981.00
458015267175572.44	1865.00
458015267175572.44	1968.00
457317073170731.69	1896.00
457317073170731.69	1947.00
457317073170731.69	1904.00
457317073170731.69	1912.00
457317073170731.69	1879.00
456621004566210.00	2004.00
456621004566210.00	1946.00
456621004566210.00	1905.00
456621004566210.00	1919.00
456621004566210.00	1918.00
455927051671732.50	2030.00
455927051671732.50	1971.00
455927051671732.50	1916.00
455927051671732.50	1954.00
455927051671732.50	1967.00
455235204855842.19	1948.00
455235204855842.19	2003.00
455235204855842.19	1963.00
455235204855842.19	1967.00
455235204855842.19	1958.00
454545454545454.56	2001.00
454545454545454.56	2034.00
454545454545454.56	1844.00
454545454545454.56	1882.00
454545454545454.56	1978.00
453857791225416.00	1920.00
453857791225416.00	2058.00
453857791225416.00	1887.00
453857791225416.00	1910.00
453857791225416.00	1975.00
453172205438066.37	1920.00
453172205438066.37	2012.00
453172205438066.37	2029.00
453172205438066.37	1974.00
453172205438066.37	1991.00
453172205438066.37	2087.00
452488687782805.44	2027.00
452488687782805.44	1992.00
452488687782805.44	1976.00
452488687782805.44	1971.00
452488687782805.44	1962.00
451807228915662.62	2051.00
451807228915662.62	1969.00
451807228915662.62	1970.00
451807228915662.62	1987.00
451807228915662.62	1895.00
451127819548872.12	1968.00
451127819548872.12	1900.00
451127819548872.12	1899.00
451127819548872.12	2001.00
451127819548872.12	2006.00
450450450450450.37	1986.00
450450450450450.37	2043.00
450450450450450.37	2048.00
450450450450450.37	1997.00
450450450450450.37	2042.00
449775112443778.12	2062.00
449775112443778.12	2124.00
449775112443778.12	2058.00
449775112443778.12	1989.00
449775112443778.12	2098.00
449101796407185.62	2189.00
449101796407185.62	2124.00
449101796407185.62	1956.00
449101796407185.62	1982.00
449101796407185.62	2070.00
449101796407185.62	2101.00
448430493273542.50	1990.00
448430493273542.50	2123.00
448430493273542.50	2129.00
448430493273542.50	2142.00
448430493273542.50	2089.00
447761194029850.75	2040.00
447761194029850.75	1996.00
447761194029850.75	2003.00
447761194029850.75	2065.00
447761194029850.75	2055.00
447093889716840.56	2116.00
447093889716840.56	2007.00
447093889716840.56	2036.00
447093889716840.56	2042.00
447093889716840.56	2044.00
446428571428571.37	2107.00
446428571428571.37	2071.00
446428571428571.37	1999.00
446428571428571.37	2031.00
446428571428571.37	2131.00
445765230312035.62	1990.00
445765230312035.62	1986.00
445765230312035.62	2006.00
445765230312035.62	1965.00
445765230312035.62	2017.00
445103857566765.56	2062.00
445103857566765.56	2095.00
445103857566765.56	2020.00
445103857566765.56	1982.00
445103857566765.56	2121.00
445103857566765.56	2105.00
444444444444444.50	1937.00
444444444444444.50	2055.00
444444444444444.50	1908.00
444444444444444.50	1998.00
444444444444444.50	2040.00
443786982248520.69	1923.00
443786982248520.69	1953.00
443786982248520.69	2027.00
443786982248520.69	1923.00
443786982248520.69	1920.00
443131462333825.69	1991.00
443131462333825.69	1886.00
443131462333825.69	1976.00
443131462333825.69	1867.00
443131462333825.69	1920.00
442477876106194.69	1880.00
442477876106194.69	1905.00
442477876106194.69	1986.00
442477876106194.69	1932.00
442477876106194.69	1912.00
441826215022091.31	1967.00
441826215022091.31	1933.00
441826215022091.31	1827.00
441826215022091.31	1932.00
441826215022091.31	1946.00
441176470588235.25	1887.00
441176470588235.25	1916.00
441176470588235.25	1961.00
441176470588235.25	1886.00
441176470588235.25	1870.00
441176470588235.25	1913.00
440528634361233.50	1804.00
440528634361233.50	1851.00
440528634361233.50	1819.00
440528634361233.50	1832.00
440528634361233.50	1848.00
439882697947214.12	1839.00
439882697947214.12	1785.00
439882697947214.12	1892.00
439882697947214.12	1910.00
439882697947214.12	1839.00
439238653001464.06	1861.00
439238653001464.06	1893.00
439238653001464.06	1868.00
439238653001464.06	1856.00
439238653001464.06	1839.00
438596491228070.19	1864.00
438596491228070.19	1856.00
438596491228070.19	1811.00
438596491228070.19	1785.00
438596491228070.19	1848.00
437956204379562.00	1883.00
437956204379562.00	1849.00
437956204379562.00	1816.00
437956204379562.00	1841.00
437956204379562.00	1886.00
437317784256559.69	1828.00
437317784256559.69	1842.00
437317784256559.69	1793.00
437317784256559.69	1818.00
437317784256559.69	1859.00
437317784256559.69	1826.00
436681222707423.50	1744.00
436681222707423.50	1801.00
436681222707423.50	1799.00
436681222707423.50	1794.00
436681222707423.50	1840.00
436046511627907.00	1801.00
436046511627907.00	1802.00
436046511627907.00	1777.00
436046511627907.00	1656.00
436046511627907.00	1732.00
435413642960812.75	1709.00
435413642960812.75	1786.00
435413642960812.75	1749.00
435413642960812.75	1672.00
435413642960812.75	1710.00
434782608695652.12	1737.00
434782608695652.12	1741.00
434782608695652.12	1765.00
434782608695652.12	1696.00
434782608695652.12	1760.00
434153400868306.75	1767.00
434153400868306.75	1791.00
434153400868306.75	1695.00
434153400868306.75	1686.00
434153400868306.75	1721.00
434153400868306.75	1801.00
433526011560693.69	1764.00
433526011560693.69	1756.00
433526011560693.69	1761.00
433526011560693.69	1597.00
433526011560693.69	1614.00
432900432900432.87	1646.00
432900432900432.87	1582.00
432900432900432.87	1721.00
432900432900432.87	1636.00
432900432900432.87	1588.00
432276657060518.75	1618.00
432276657060518.75	1749.00
432276657060518.75	1641.00
432276657060518.75	1714.00
432276657060518.75	1685.00
431654676258992.81	1694.00
431654676258992.81	1625.00
431654676258992.81	1658.00
431654676258992.81	1603.00
431654676258992.81	1575.00
431654676258992.81	1482.00
431034482758620.62	1588.00
431034482758620.62	1605.00
431034482758620.62	1594.00
431034482758620.62	1646.00
431034482758620.62	1674.00
430416068866571.00	1624.00
430416068866571.00	1471.00
430416068866571.00	1560.00
430416068866571.00	1594.00
430416068866571.00	1573.00
429799426934097.37	1429.00
429799426934097.37	1496.00
429799426934097.37	1512.00
429799426934097.37	1405.00
429799426934097.37	1409.00
429184549356223.19	1463.00
429184549356223.19	1344.00
429184549356223.19	1380.00
429184549356223.19	1361.00
429184549356223.19	1365.00
428571428571428.50	1313.00
428571428571428.50	1307.00
428571428571428.50	1357.00
428571428571428.50	1315.00
428571428571428.50	1364.00
428571428571428.50	1273.00
427960057061340.87	1241.00
427960057061340.87	1222.00
427960057061340.87	1278.00
427960057061340.87	1227.00
427960057061340.87	1257.00
427350427350427.31	1192.00
427350427350427.31	1185.00
427350427350427.31	1214.00
427350427350427.31	1180.00
427350427350427.31	1216.00
426742532005689.87	1221.00
426742532005689.87	1236.00
426742532005689.87	1179.00
426742532005689.87	1209.00
426742532005689.87	1073.00
426136363636363.62	1110.00
426136363636363.62	1135.00
426136363636363.62	1061.00
426136363636363.62	1039.00
426136363636363.62	1065.00
426136363636363.62	1032.00
425531914893617.00	1029.00
425531914893617.00	1033.00
425531914893617.00	1017.00
425531914893617.00	914.00
425531914893617.00	929.00
424929178470255.00	964.00
424929178470255.00	1010.00
424929178470255.00	947.00
424929178470255.00	961.00
424929178470255.00	921.00
424328147100424.31	944.00
424328147100424.31	955.00
424328147100424.31	856.00
424328147100424.31	969.00
424328147100424.31	952.00
423728813559322.06	873.00
423728813559322.06	845.00
423728813559322.06	947.00
423728813559322.06	858.00
423728813559322.06	868.00
423131170662905.44	766.00
423131170662905.44	836.00
423131170662905.44	950.00
423131170662905.44	784.00
423131170662905.44	851.00
423131170662905.44	935.00
422535211267605.62	733.00
422535211267605.62	868.00
422535211267605.62	807.00
422535211267605.62	841.00
422535211267605.62	808.00
421940928270042.12	838.00
421940928270042.12	785.00
421940928270042.12	773.00
421940928270042.12	784.00
421940928270042.12	783.00
421348314606741.56	822.00
421348314606741.56	725.00
421348314606741.56	805.00
421348314606741.56	890.00
421348314606741.56	822.00
420757363253856.94	761.00
420757363253856.94	761.00
420757363253856.94	748.00
420757363253856.94	778.00
420757363253856.94	675.00
420757363253856.94	723.00
420168067226890.75	718.00
420168067226890.75	683.00
420168067226890.75	729.00
420168067226890.75	744.00
420168067226890.75	660.00
419580419580419.56	744.00
419580419580419.56	707.00
419580419580419.56	712.00
419580419580419.56	689.00
419580419580419.56	690.00
418994413407821.25	720.00
418994413407821.25	751.00
418994413407821.25	691.00
418994413407821.25	693.00
418994413407821.25	702.00
418410041841004.12	706.00
418410041841004.12	773.00
418410041841004.12	656.00
418410041841004.12	743.00
418410041841004.12	671.00
418410041841004.12	706.00
417827298050139.25	681.00
417827298050139.25	644.00
417827298050139.25	702.00
417827298050139.25	675.00
417827298050139.25	600.00
417246175243393.62	598.00
417246175243393.62	627.00
417246175243393.62	737.00
417246175243393.62	697.00
417246175243393.62	694.00
416666666666666.62	622.00
416666666666666.62	639.00
416666666666666.62	564.00
416666666666666.62	655.00
416666666666666.62	663.00
416666666666666.62	559.00
416088765603328.69	602.00
416088765603328.69	669.00
416088765603328.69	591.00
416088765603328.69	636.00
416088765603328.69	569.00
415512465373961.19	611.00
415512465373961.19	582.00
415512465373961.19	575.00
415512465373961.19	498.00
415512465373961.19	595.00
414937759336099.56	607.00
414937759336099.56	533.00
414937759336099.56	573.00
414937759336099.56	527.00
414937759336099.56	553.00
414364640883977.81	613.00
414364640883977.81	520.00
414364640883977.81	540.00
414364640883977.81	543.00
414364640883977.81	531.00
414364640883977.81	515.00
413793103448275.81	469.00
413793103448275.81	511.00
413793103448275.81	514.00
413793103448275.81	478.00
413793103448275.81	501.00
413223140495867.75	506.00
413223140495867.75	442.00
413223140495867.75	422.00
413223140495867.75	524.00
413223140495867.75	474.00
412654745529573.50	481.00
412654745529573.50	482.00
412654745529573.50	455.00
412654745529573.50	517.00
412654745529573.50	447.00
412087912087912.06	460.00
412087912087912.06	502.00
412087912087912.06	479.00
412087912087912.06	496.00
412087912087912.06	479.00
412087912087912.06	422.00
411522633744856.00	492.00
411522633744856.00	455.00
411522633744856.00	444.00
411522633744856.00	503.00
411522633744856.00	464.00
410958904109589.00	412.00
410958904109589.00	418.00
410958904109589.00	456.00
410958904109589.00	414.00
410958904109589.00	449.00
410396716826265.37	485.00
410396716826265.37	485.00
410396716826265.37	416.00
410396716826265.37	425.00
410396716826265.37	531.00
410396716826265.37	497.00
409836065573770.44	451.00
409836065573770.44	479.00
409836065573770.44	488.00
409836065573770.44	475.00
409836065573770.44	545.00
409276944065484.31	504.00
409276944065484.31	478.00
409276944065484.31	516.00
409276944065484.31	510.00
409276944065484.31	518.00
408719346049046.31	467.00
408719346049046.31	485.00
408719346049046.31	438.00
408719346049046.31	513.00
408719346049046.31	573.00
408163265306122.44	504.00
408163265306122.44	410.00
408163265306122.44	534.00
408163265306122.44	574.00
408163265306122.44	512.00
408163265306122.44	580.00
407608695652173.94	576.00
407608695652173.94	485.00
407608695652173.94	520.00
407608695652173.94	609.00
407608695652173.94	474.00
407055630936227.94	586.00
407055630936227.94	526.00
407055630936227.94	525.00
407055630936227.94	578.00
407055630936227.94	553.00
406504065040650.37	635.00
406504065040650.37	629.00
406504065040650.37	595.00
406504065040650.37	616.00
406504065040650.37	579.00
406504065040650.37	554.00
405953991880920.12	581.00
405953991880920.12	559.00
405953991880920.12	589.00
405953991880920.12	601.00
405953991880920.12	550.00
405405405405405.37	593.00
405405405405405.37	485.00
405405405405405.37	521.00
405405405405405.37	529.00
405405405405405.37	528.00
404858299595141.69	616.00
404858299595141.69	538.00
404858299595141.69	602.00
404858299595141.69	491.00
404858299595141.69	506.00
404858299595141.69	521.00
404312668463611.87	568.00
404312668463611.87	470.00
404312668463611.87	550.00
404312668463611.87	527.00
404312668463611.87	556.00
403768506056527.56	532.00
403768506056527.56	539.00
403768506056527.56	497.00
403768506056527.56	593.00
403768506056527.56	477.00
403225806451612.81	508.00
403225806451612.81	456.00
403225806451612.81	513.00
403225806451612.81	475.00
403225806451612.81	477.00
403225806451612.81	519.00
402684563758389.25	452.00
402684563758389.25	533.00
402684563758389.25	456.00
402684563758389.25	497.00
402684563758389.25	472.00
402144772117962.50	443.00
402144772117962.50	418.00
402144772117962.50	427.00
402144772117962.50	471.00
402144772117962.50	438.00
401606425702811.25	453.00
401606425702811.25	469.00
401606425702811.25	479.00
401606425702811.25	442.00
401606425702811.25	391.00
401606425702811.25	367.00
401069518716577.50	489.00
401069518716577.50	434.00
401069518716577.50	389.00
401069518716577.50	406.00
401069518716577.50	469.00
400534045393858.44	472.00
400534045393858.44	503.00
400534045393858.44	494.00
400534045393858.44	528.00
400534045393858.44	444.00
400000000000000.00	452.00
400000000000000.00	410.00
400000000000000.00	523.00
400000000000000.00	462.00
400000000000000.00	543.00
400000000000000.00	540.00
399467376830892.12	526.00
399467376830892.12	427.00
399467376830892.12	462.00
399467376830892.12	499.00
399467376830892.12	585.00
398936170212765.87	629.00
398936170212765.87	585.00
398936170212765.87	571.00
398936170212765.87	551.00
398936170212765.87	611.00
398406374501992.00	596.00
398406374501992.00	635.00
398406374501992.00	657.00
398406374501992.00	719.00
398406374501992.00	654.00
398406374501992.00	711.00
397877984084880.62	640.00
397877984084880.62	753.00
397877984084880.62	769.00
397877984084880.62	644.00
397877984084880.62	735.00
397350993377483.44	784.00
397350993377483.44	748.00
397350993377483.44	837.00
397350993377483.44	783.00
397350993377483.44	843.00
396825396825396.81	757.00
396825396825396.81	792.00
396825396825396.81	905.00
396825396825396.81	855.00
396825396825396.81	858.00
396825396825396.81	945.00
396301188903566.69	956.00
396301188903566.69	997.00
396301188903566.69	952.00
396301188903566.69	1016.00
396301188903566.69	887.00
395778364116094.94	998.00
395778364116094.94	1043.00
395778364116094.94	1098.00
395778364116094.94	1104.00
395778364116094.94	1028.00
395256916996047.37	1077.00
395256916996047.37	1148.00
395256916996047.37	1208.00
395256916996047.37	1129.00
395256916996047.37	1181.00
395256916996047.37	1258.00
394736842105263.19	1267.00
394736842105263.19	1315.00
394736842105263.19	1312.00
394736842105263.19	1279.00
394736842105263.19	1409.00
394218134034165.56	1334.00
394218134034165.56	1409.00
394218134034165.56	1414.00
394218134034165.56	1431.00
394218134034165.56	1432.00
393700787401574.75	1400.00
393700787401574.75	1467.00
393700787401574.75	1469.00
393700787401574.75	1430.00
393700787401574.75	1450.00
393700787401574.75	1437.00
393184796854521.56	1437.00
393184796854521.56	1484.00
393184796854521.56	1444.00
393184796854521.56	1429.00
393184796854521.56	1454.00
392670157068062.81	1436.00
392670157068062.81	1468.00
392670157068062.81	1393.00
392670157068062.81	1407.00
392670157068062.81	1501.00
392156862745098.00	1328.00
392156862745098.00	1280.00
392156862745098.00	1318.00
392156862745098.00	1303.00
392156862745098.00	1248.00
392156862745098.00	1374.00
391644908616188.00	1299.00
391644908616188.00	1334.00
391644908616188.00	1157.00
391644908616188.00	1317.00
391644908616188.00	1251.00
391134289439374.12	1081.00
391134289439374.12	1103.00
391134289439374.12	1090.00
391134289439374.12	1138.00
391134289439374.12	1072.00
391134289439374.12	1045.00
390625000000000.00	1020.00
390625000000000.00	917.00
390625000000000.00	907.00
390625000000000.00	948.00
390625000000000.00	906.00
390117035110533.12	889.00
390117035110533.12	834.00
390117035110533.12	806.00
390117035110533.12	783.00
390117035110533.12	741.00
389610389610389.62	827.00
389610389610389.62	806.00
389610389610389.62	756.00
389610389610389.62	780.00
389610389610389.62	734.00
389610389610389.62	641.00
389105058365758.75	610.00
389105058365758.75	610.00
389105058365758.75	651.00
389105058365758.75	628.00
389105058365758.75	671.00
388601036269430.00	626.00
388601036269430.00	565.00
388601036269430.00	570.00
388601036269430.00	525.00
388601036269430.00	628.00
388601036269430.00	547.00
388098318240620.94	589.00
388098318240620.94	525.00
388098318240620.94	461.00
388098318240620.94	505.00
388098318240620.94	475.00
387596899224806.19	509.00
387596899224806.19	474.00
387596899224806.19	486.00
387596899224806.19	421.00
387596899224806.19	373.00
387096774193548.37	513.00
387096774193548.37	518.00
387096774193548.37	407.00
387096774193548.37	515.00
387096774193548.37	468.00
387096774193548.37	507.00
386597938144329.81	426.00
386597938144329.81	524.00
386597938144329.81	494.00
386597938144329.81	543.00
386597938144329.81	472.00
386100386100386.06	531.00
386100386100386.06	500.00
386100386100386.06	513.00
386100386100386.06	442.00
386100386100386.06	500.00
386100386100386.06	573.00
385604113110539.87	570.00
385604113110539.87	483.00
385604113110539.87	612.00
385604113110539.87	592.00
385604113110539.87	598.00
385109114249037.19	716.00
385109114249037.19	761.00
385109114249037.19	712.00
385109114249037.19	736.00
385109114249037.19	739.00
384615384615384.62	724.00
384615384615384.62	729.00
384615384615384.62	708.00
384615384615384.62	724.00
384615384615384.62	728.00
384615384615384.62	727.00
384122919334186.94	751.00
384122919334186.94	828.00
384122919334186.94	831.00
384122919334186.94	839.00
384122919334186.94	858.00
383631713554987.19	914.00
383631713554987.19	957.00
383631713554987.19	939.00
383631713554987.19	945.00
383631713554987.19	991.00
383631713554987.19	1090.00
383141762452107.25	1070.00
383141762452107.25	1139.00
383141762452107.25	1248.00
383141762452107.25	1323.00
383141762452107.25	1341.00
382653061224489.81	1463.00
382653061224489.81	1488.00
382653061224489.81	1506.00
382653061224489.81	1499.00
382653061224489.81	1492.00
382165605095541.44	1574.00
382165605095541.44	1593.00
382165605095541.44	1605.00
382165605095541.44	1669.00
382165605095541.44	1641.00
382165605095541.44	1595.00
381679389312977.06	1569.00
381679389312977.06	1648.00
381679389312977.06	1604.00
381679389312977.06	1629.00
381679389312977.06	1655.00
381194409148665.75	1669.00
381194409148665.75	1613.00
381194409148665.75	1648.00
381194409148665.75	1626.00
381194409148665.75	1663.00
381194409148665.75	1641.00
380710659898477.19	1607.00
380710659898477.19	1553.00
380710659898477.19	1496.00
380710659898477.19	1498.00
380710659898477.19	1427.00
380228136882129.25	1436.00
380228136882129.25	1493.00
380228136882129.25	1401.00
380228136882129.25	1350.00
380228136882129.25	1376.00
380228136882129.25	1396.00
379746835443037.94	1217.00
379746835443037.94	1285.00
379746835443037.94	1219.00
379746835443037.94	1205.00
379746835443037.94	1107.00
379266750948166.87	1029.00
379266750948166.87	1038.00
379266750948166.87	1002.00
379266750948166.87	939.00
379266750948166.87	966.00
378787878787878.81	905.00
378787878787878.81	846.00
378787878787878.81	831.00
378787878787878.81	751.00
378787878787878.81	730.00
378787878787878.81	715.00
378310214375788.06	668.00
378310214375788.06	660.00
378310214375788.06	625.00
378310214375788.06	667.00
378310214375788.06	573.00
377833753148614.62	562.00
377833753148614.62	663.00
377833753148614.62	568.00
377833753148614.62	586.00
377833753148614.62	531.00
377833753148614.62	467.00
377358490566037.75	563.00
377358490566037.75	463.00
377358490566037.75	493.00
377358490566037.75	482.00
377358490566037.75	473.00
376884422110552.69	505.00
376884422110552.69	492.00
376884422110552.69	455.00
376884422110552.69	453.00
376884422110552.69	431.00
376884422110552.69	511.00
376411543287327.44	474.00
376411543287327.44	471.00
376411543287327.44	458.00
376411543287327.44	459.00
376411543287327.44	455.00
375939849624060.19	444.00
375939849624060.19	387.00
375939849624060.19	466.00
375939849624060.19	422.00
375939849624060.19	399.00
375939849624060.19	510.00
375469336670838.50	467.00
375469336670838.50	390.00
375469336670838.50	398.00
375469336670838.50	476.00
375469336670838.50	400.00
375000000000000.00	456.00
375000000000000.00	388.00
375000000000000.00	444.00
375000000000000.00	449.00
375000000000000.00	448.00
374531835205992.50	316.00
374531835205992.50	353.00
374531835205992.50	295.00
374531835205992.50	330.00
374531835205992.50	399.00
374531835205992.50	322.00
374064837905236.87	273.00
374064837905236.87	321.00
374064837905236.87	355.00
374064837905236.87	336.00
374064837905236.87	288.00
373599003735990.00	338.00
373599003735990.00	331.00
373599003735990.00	373.00
373599003735990.00	408.00
373599003735990.00	352.00
373599003735990.00	450.00
373134328358208.94	410.00
373134328358208.94	419.00
373134328358208.94	469.00
373134328358208.94	506.00
373134328358208.94	481.00
372670807453416.12	569.00
372670807453416.12	557.00
372670807453416.12	485.00
372670807453416.12	500.00
372670807453416.12	491.00
372670807453416.12	492.00
372208436724565.69	526.00
372208436724565.69	547.00
372208436724565.69	520.00
372208436724565.69	531.00
372208436724565.69	503.00
371747211895910.75	487.00
371747211895910.75	421.00
371747211895910.75	544.00
371747211895910.75	473.00
371747211895910.75	634.00
371747211895910.75	669.00
371287128712871.31	622.00
371287128712871.31	623.00
371287128712871.31	705.00
371287128712871.31	726.00
371287128712871.31	858.00
370828182941903.56	835.00
370828182941903.56	908.00
370828182941903.56	994.00
370828182941903.56	1012.00
370828182941903.56	1111.00
370828182941903.56	1265.00
370370370370370.37	1339.00
370370370370370.37	1425.00
370370370370370.37	1411.00
370370370370370.37	1722.00
370370370370370.37	1833.00
369913686806411.81	1980.00
369913686806411.81	2063.00
369913686806411.81	2158.00
369913686806411.81	2159.00
369913686806411.81	2233.00
369913686806411.81	2246.00
369458128078817.75	2373.00
369458128078817.75	2523.00
369458128078817.75	2625.00
369458128078817.75	2641.00
369458128078817.75	2809.00
369003690036900.31	2862.00
369003690036900.31	3030.00
369003690036900.31	2998.00
369003690036900.31	3116.00
369003690036900.31	3080.00
369003690036900.31	3084.00
368550368550368.50	3108.00
368550368550368.50	3040.00
368550368550368.50	3083.00
368550368550368.50	3035.00
368550368550368.50	3091.00
368098159509202.44	3147.00
368098159509202.44	3222.00
368098159509202.44	3192.00
368098159509202.44	3179.00
368098159509202.44	3504.00
368098159509202.44	3427.00
367647058823529.37	3466.00
367647058823529.37	3500.00
367647058823529.37	3407.00
367647058823529.37	3465.00
367647058823529.37	3430.00
367197062423500.56	3402.00
367197062423500.56	3372.00
367197062423500.56	3251.00
367197062423500.56	3078.00
367197062423500.56	2943.00
367197062423500.56	2852.00
366748166259168.69	2713.00
366748166259168.69	2652.00
366748166259168.69	2621.00
366748166259168.69	2430.00
366748166259168.69	2377.00
366300366300366.25	2264.00
366300366300366.25	2287.00
366300366300366.25	2060.00
366300366300366.25	2020.00
366300366300366.25	1934.00
366300366300366.25	1880.00
365853658536585.37	1760.00
365853658536585.37	1740.00
365853658536585.37	1581.00
365853658536585.37	1560.00
365853658536585.37	1375.00
365408038976857.50	1385.00
365408038976857.50	1342.00
365408038976857.50	1261.00
365408038976857.50	1224.00
365408038976857.50	1276.00
365408038976857.50	1247.00
364963503649635.00	1273.00
364963503649635.00	1165.00
364963503649635.00	1324.00
364963503649635.00	1200.00
364963503649635.00	1256.00
364520048602673.06	1123.00
364520048602673.06	1129.00
364520048602673.06	1049.00
364520048602673.06	1033.00
364520048602673.06	1032.00
364520048602673.06	950.00
364077669902912.56	871.00
364077669902912.56	856.00
364077669902912.56	928.00
364077669902912.56	960.00
364077669902912.56	921.00
363636363636363.62	776.00
363636363636363.62	795.00
363636363636363.62	744.00
363636363636363.62	710.00
363636363636363.62	676.00
363636363636363.62	661.00
363196125907990.31	667.00
363196125907990.31	704.00
363196125907990.31	741.00
363196125907990.31	707.00
363196125907990.31	776.00
362756952841596.12	822.00
362756952841596.12	869.00
362756952841596.12	860.00
362756952841596.12	854.00
362756952841596.12	818.00
362756952841596.12	907.00
362318840579710.12	1071.00
362318840579710.12	1076.00
362318840579710.12	1003.00
362318840579710.12	1100.00
362318840579710.12	1104.00
361881785283474.06	1184.00
361881785283474.06	1070.00
361881785283474.06	1173.00
361881785283474.06	1174.00
361881785283474.06	1253.00
361881785283474.06	1189.00
361445783132530.12	1202.00
361445783132530.12	1344.00
361445783132530.12	1326.00
361445783132530.12	1377.00
361445783132530.12	1361.00
361010830324909.75	1318.00
361010830324909.75	1361.00
361010830324909.75	1363.00
361010830324909.75	1330.00
361010830324909.75	1340.00
361010830324909.75	1347.00
360576923076923.00	1285.00
360576923076923.00	1293.00
360576923076923.00	1267.00
360576923076923.00	1338.00
360576923076923.00	1230.00
360576923076923.00	1324.00
360144057623049.19	1325.00
360144057623049.19	1367.00
360144057623049.19	1360.00
360144057623049.19	1305.00
360144057623049.19	1322.00
359712230215827.31	1355.00
359712230215827.31	1302.00
359712230215827.31	1331.00
359712230215827.31	1293.00
359712230215827.31	1223.00
359712230215827.31	1166.00
359281437125748.44	1182.00
359281437125748.44	1215.00
359281437125748.44	1210.00
359281437125748.44	1052.00
359281437125748.44	1134.00
358851674641148.31	1072.00
358851674641148.31	1134.00
358851674641148.31	1119.00
358851674641148.31	1120.00
358851674641148.31	1064.00
358851674641148.31	1207.00
358422939068100.37	1249.00
358422939068100.37	1263.00
358422939068100.37	1233.00
358422939068100.37	1205.00
358422939068100.37	1173.00
357995226730310.25	1258.00
357995226730310.25	1270.00
357995226730310.25	1286.00
357995226730310.25	1320.00
357995226730310.25	1342.00
357995226730310.25	1225.00
357568533969010.69	1215.00
357568533969010.69	1276.00
357568533969010.69	1199.00
357568533969010.69	1157.00
357568533969010.69	1095.00
357142857142857.19	1068.00
357142857142857.19	982.00
357142857142857.19	894.00
357142857142857.19	915.00
357142857142857.19	870.00
357142857142857.19	862.00
356718192627824.00	795.00
356718192627824.00	885.00
356718192627824.00	852.00
356718192627824.00	775.00
356718192627824.00	842.00
356718192627824.00	776.00
356294536817102.06	777.00
356294536817102.06	719.00
356294536817102.06	717.00
356294536817102.06	760.00
356294536817102.06	674.00
355871886120996.44	771.00
355871886120996.44	791.00
355871886120996.44	741.00
355871886120996.44	657.00
355871886120996.44	721.00
355871886120996.44	746.00
355450236966824.62	752.00
355450236966824.62	590.00
355450236966824.62	669.00
355450236966824.62	666.00
355450236966824.62	621.00
355029585798816.50	657.00
355029585798816.50	593.00
355029585798816.50	705.00
355029585798816.50	617.00
355029585798816.50	683.00
355029585798816.50	648.00
354609929078014.12	669.00
354609929078014.12	654.00
354609929078014.12	614.00
354609929078014.12	616.00
354609929078014.12	635.00
354609929078014.12	680.00
354191263282172.37	599.00
354191263282172.37	695.00
354191263282172.37	592.00
354191263282172.37	658.00
354191263282172.37	679.00
353773584905660.31	643.00
353773584905660.31	614.00
353773584905660.31	659.00
353773584905660.31	554.00
353773584905660.31	611.00
353773584905660.31	575.00
353356890459363.94	608.00
353356890459363.94	452.00
353356890459363.94	560.00
353356890459363.94	568.00
353356890459363.94	545.00
352941176470588.25	591.00
352941176470588.25	446.00
352941176470588.25	427.00
352941176470588.25	522.00
352941176470588.25	468.00
352941176470588.25	418.00
352526439482961.19	354.00
352526439482961.19	290.00
352526439482961.19	407.00
352526439482961.19	381.00
352526439482961.19	404.00
352112676056338.06	450.00
352112676056338.06	312.00
352112676056338.06	310.00
352112676056338.06	370.00
352112676056338.06	329.00
352112676056338.06	301.00
351699882766705.75	359.00
351699882766705.75	329.00
351699882766705.75	370.00
351699882766705.75	297.00
351699882766705.75	342.00
351699882766705.75	349.00
351288056206088.94	374.00
351288056206088.94	326.00
351288056206088.94	422.00
351288056206088.94	318.00
351288056206088.94	383.00
350877192982456.12	380.00
350877192982456.12	338.00
350877192982456.12	408.00
350877192982456.12	419.00
350877192982456.12	364.00
350877192982456.12	465.00
350467289719626.12	460.00
350467289719626.12	454.00
350467289719626.12	491.00
350467289719626.12	469.00
350467289719626.12	540.00
350467289719626.12	525.00
350058343057176.19	586.00
350058343057176.19	560.00
350058343057176.19	560.00
350058343057176.19	557.00
350058343057176.19	559.00
349650349650349.62	531.00
349650349650349.62	559.00
349650349650349.62	561.00
349650349650349.62	612.00
349650349650349.62	572.00
349650349650349.62	596.00
349243306169965.06	631.00
349243306169965.06	615.00
349243306169965.06	619.00
349243306169965.06	622.00
349243306169965.06	602.00
348837209302325.56	611.00
348837209302325.56	607.00
348837209302325.56	690.00
348837209302325.56	690.00
348837209302325.56	633.00
348837209302325.56	630.00
348432055749128.87	722.00
348432055749128.87	700.00
348432055749128.87	639.00
348432055749128.87	705.00
348432055749128.87	658.00
348432055749128.87	809.00
348027842227378.19	752.00
348027842227378.19	749.00
348027842227378.19	691.00
348027842227378.19	718.00
348027842227378.19	754.00
347624565469293.12	667.00
347624565469293.12	689.00
347624565469293.12	681.00
347624565469293.12	745.00
347624565469293.12	741.00
347624565469293.12	766.00
347222222222222.25	741.00
347222222222222.25	771.00
347222222222222.25	723.00
347222222222222.25	758.00
347222222222222.25	733.00
347222222222222.25	807.00
346820809248554.87	709.00
346820809248554.87	690.00
346820809248554.87	689.00
346820809248554.87	712.00
346820809248554.87	775.00
346420323325635.12	706.00
346420323325635.12	703.00
346420323325635.12	704.00
346420323325635.12	807.00
346420323325635.12	794.00
346420323325635.12	748.00
346020761245674.75	745.00
346020761245674.75	638.00
346020761245674.75	789.00
346020761245674.75	764.00
346020761245674.75	757.00
346020761245674.75	698.00
345622119815668.12	732.00
345622119815668.12	699.00
345622119815668.12	774.00
345622119815668.12	726.00
345622119815668.12	727.00
345224395857307.25	712.00
345224395857307.25	712.00
345224395857307.25	641.00
345224395857307.25	769.00
345224395857307.25	709.00
345224395857307.25	725.00
344827586206896.50	664.00
344827586206896.50	691.00
344827586206896.50	628.00
344827586206896.50	751.00
344827586206896.50	716.00
344827586206896.50	617.00
344431687715269.81	625.00
344431687715269.81	621.00
344431687715269.81	632.00
344431687715269.81	687.00
344431687715269.81	681.00
344036697247706.37	678.00
344036697247706.37	692.00
344036697247706.37	717.00
344036697247706.37	701.00
344036697247706.37	649.00
344036697247706.37	663.00
343642611683848.75	663.00
343642611683848.75	614.00
343642611683848.75	709.00
343642611683848.75	624.00
343642611683848.75	603.00
343642611683848.75	611.00
343249427917620.12	640.00
343249427917620.12	679.00
343249427917620.12	639.00
343249427917620.12	602.00
343249427917620.12	606.00
342857142857142.81	495.00
342857142857142.81	552.00
342857142857142.81	567.00
342857142857142.81	586.00
342857142857142.81	566.00
342857142857142.81	569.00
342465753424657.56	582.00
342465753424657.56	567.00
342465753424657.56	582.00
342465753424657.56	544.00
342465753424657.56	633.00
342465753424657.56	544.00
342075256556442.37	639.00
342075256556442.37	612.00
342075256556442.37	563.00
342075256556442.37	630.00
342075256556442.37	633.00
341685649202733.44	532.00
341685649202733.44	563.00
341685649202733.44	500.00
341685649202733.44	573.00
341685649202733.44	534.00
341685649202733.44	538.00
341296928327645.00	573.00
341296928327645.00	621.00
341296928327645.00	489.00
341296928327645.00	544.00
341296928327645.00	518.00
341296928327645.00	556.00
340909090909090.87	574.00
340909090909090.87	546.00
340909090909090.87	488.00
340909090909090.87	520.00
340909090909090.87	518.00
340522133938706.00	574.00
340522133938706.00	480.00
340522133938706.00	496.00
340522133938706.00	542.00
340522133938706.00	567.00
340522133938706.00	543.00
340136054421768.62	483.00
340136054421768.62	529.00
340136054421768.62	606.00
340136054421768.62	490.00
340136054421768.62	522.00
340136054421768.62	520.00
339750849377123.44	535.00
339750849377123.44	532.00
339750849377123.44	531.00
339750849377123.44	565.00
339750849377123.44	503.00
339366515837104.06	509.00
339366515837104.06	538.00
339366515837104.06	530.00
339366515837104.06	498.00
339366515837104.06	584.00
339366515837104.06	552.00
338983050847457.56	507.00
338983050847457.56	572.00
338983050847457.56	511.00
338983050847457.56	512.00
338983050847457.56	475.00
338983050847457.56	493.00
338600451467268.56	546.00
338600451467268.56	480.00
338600451467268.56	460.00
338600451467268.56	474.00
338600451467268.56	535.00
338218714768883.87	625.00
338218714768883.87	532.00
338218714768883.87	506.00
338218714768883.87	523.00
338218714768883.87	515.00
338218714768883.87	559.00
337837837837837.87	520.00
337837837837837.87	547.00
337837837837837.87	465.00
337837837837837.87	510.00
337837837837837.87	526.00
337837837837837.87	456.00
337457817772778.37	467.00
337457817772778.37	476.00
337457817772778.37	505.00
337457817772778.37	581.00
337457817772778.37	522.00
337457817772778.37	551.00
337078651685393.19	564.00
337078651685393.19	445.00
337078651685393.19	454.00
337078651685393.19	445.00
337078651685393.19	494.00
336700336700336.69	495.00
336700336700336.69	492.00
336700336700336.69	522.00
336700336700336.69	431.00
336700336700336.69	441.00
336700336700336.69	506.00
336322869955156.94	508.00
336322869955156.94	517.00
336322869955156.94	439.00
336322869955156.94	515.00
336322869955156.94	459.00
336322869955156.94	492.00
335946248600223.94	453.00
335946248600223.94	521.00
335946248600223.94	480.00
335946248600223.94	497.00
335946248600223.94	448.00
335946248600223.94	441.00
335570469798657.69	422.00
335570469798657.69	418.00
335570469798657.69	445.00
335570469798657.69	485.00
335570469798657.69	379.00
335195530726257.00	355.00
335195530726257.00	442.00
335195530726257.00	463.00
335195530726257.00	467.00
335195530726257.00	479.00
335195530726257.00	408.00
334821428571428.50	398.00
334821428571428.50	495.00
334821428571428.50	436.00
334821428571428.50	359.00
334821428571428.50	350.00
334821428571428.50	420.00
334448160535117.00	396.00
334448160535117.00	372.00
334448160535117.00	391.00
334448160535117.00	382.00
334448160535117.00	436.00
334448160535117.00	393.00
334075723830735.00	346.00
334075723830735.00	362.00
334075723830735.00	426.00
334075723830735.00	451.00
334075723830735.00	439.00
333704115684093.37	355.00
333704115684093.37	363.00
333704115684093.37	375.00
333704115684093.37	341.00
333704115684093.37	419.00
333704115684093.37	296.00
333333333333333.31	339.00
333333333333333.31	320.00
333333333333333.31	387.00
333333333333333.31	402.00
333333333333333.31	299.00
333333333333333.31	333.00
332963374028856.81	368.00
332963374028856.81	318.00
332963374028856.81	389.00
332963374028856.81	307.00
332963374028856.81	304.00
332963374028856.81	237.00
332594235033259.44	322.00
332594235033259.44	333.00
332594235033259.44	236.00
332594235033259.44	254.00
332594235033259.44	199.00
332225913621262.44	350.00
332225913621262.44	322.00
332225913621262.44	259.00
332225913621262.44	282.00
332225913621262.44	347.00
332225913621262.44	278.00
331858407079646.00	270.00
331858407079646.00	332.00
331858407079646.00	292.00
331858407079646.00	370.00
331858407079646.00	324.00
331858407079646.00	240.00
331491712707182.37	293.00
331491712707182.37	266.00
331491712707182.37	296.00
331491712707182.37	297.00
331491712707182.37	194.00
331491712707182.37	248.00
331125827814569.56	284.00
331125827814569.56	298.00
331125827814569.56	289.00
331125827814569.56	220.00
331125827814569.56	297.00
330760749724366.06	209.00
330760749724366.06	287.00
330760749724366.06	218.00
330760749724366.06	227.00
330760749724366.06	261.00
330760749724366.06	266.00
330396475770925.12	282.00
330396475770925.12	277.00
330396475770925.12	234.00
330396475770925.12	292.00
330396475770925.12	274.00
330396475770925.12	272.00
330033003300330.00	231.00
330033003300330.00	244.00
330033003300330.00	245.00
330033003300330.00	271.00
330033003300330.00	256.00
330033003300330.00	261.00
329670329670329.62	156.00
329670329670329.62	241.00
329670329670329.62	247.00
329670329670329.62	222.00
329670329670329.62	225.00
329670329670329.62	205.00
329308452250274.44	199.00
329308452250274.44	192.00
329308452250274.44	233.00
329308452250274.44	205.00
329308452250274.44	238.00
328947368421052.62	195.00
328947368421052.62	212.00
328947368421052.62	227.00
328947368421052.62	193.00
328947368421052.62	193.00
328947368421052.62	163.00
328587075575027.31	205.00
328587075575027.31	277.00
328587075575027.31	249.00
328587075575027.31	136.00
328587075575027.31	254.00
328587075575027.31	136.00
328227571115973.75	175.00
328227571115973.75	171.00
328227571115973.75	208.00
328227571115973.75	191.00
328227571115973.75	169.00
328227571115973.75	119.00
327868852459016.37	159.00
327868852459016.37	185.00
327868852459016.37	163.00
327868852459016.37	196.00
327868852459016.37	136.00
327868852459016.37	230.00
327510917030567.69	108.00
327510917030567.69	146.00
327510917030567.69	148.00
327510917030567.69	147.00
327510917030567.69	116.00
327153762268266.06	235.00
327153762268266.06	215.00
327153762268266.06	198.00
327153762268266.06	189.00
327153762268266.06	120.00
327153762268266.06	207.00
326797385620915.06	138.00
326797385620915.06	169.00
326797385620915.06	130.00
326797385620915.06	226.00
326797385620915.06	86.00
326797385620915.06	81.00
326441784548422.19	118.00
326441784548422.19	180.00
326441784548422.19	207.00
326441784548422.19	136.00
326441784548422.19	145.00
326441784548422.19	119.00
326086956521739.12	166.00
326086956521739.12	168.00
326086956521739.12	118.00
326086956521739.12	108.00
326086956521739.12	143.00
326086956521739.12	164.00
325732899022801.31	87.00
325732899022801.31	135.00
325732899022801.31	111.00
325732899022801.31	163.00
325732899022801.31	244.00
325379609544468.56	205.00
325379609544468.56	99.00
325379609544468.56	174.00
325379609544468.56	172.00
325379609544468.56	200.00
325379609544468.56	133.00
325027085590465.81	164.00
325027085590465.81	178.00
325027085590465.81	146.00
325027085590465.81	209.00
325027085590465.81	166.00
325027085590465.81	115.00
324675324675324.62	171.00
324675324675324.62	122.00
324675324675324.62	185.00
324675324675324.62	127.00
324675324675324.62	114.00
324675324675324.62	150.00
324324324324324.31	151.00
324324324324324.31	141.00
324324324324324.31	184.00
324324324324324.31	133.00
324324324324324.31	77.00
324324324324324.31	141.00
323974082073434.12	164.00
323974082073434.12	158.00
323974082073434.12	159.00
323974082073434.12	113.00
323974082073434.12	90.00
323974082073434.12	171.00
323624595469255.62	145.00
323624595469255.62	109.00
323624595469255.62	139.00
323624595469255.62	129.00
323624595469255.62	94.00
323275862068965.50	224.00
323275862068965.50	147.00
323275862068965.50	165.00
323275862068965.50	85.00
323275862068965.50	118.00
323275862068965.50	137.00
322927879440258.31	129.00
322927879440258.31	197.00
322927879440258.31	144.00
322927879440258.31	155.00
322927879440258.31	85.00
322927879440258.31	198.00
322580645161290.31	189.00
322580645161290.31	165.00
322580645161290.31	77.00
322580645161290.31	116.00
322580645161290.31	121.00
322580645161290.31	195.00
322234156820622.94	200.00
322234156820622.94	191.00
322234156820622.94	86.00
322234156820622.94	191.00
322234156820622.94	140.00
322234156820622.94	165.00
321888412017167.37	125.00
321888412017167.37	148.00
321888412017167.37	79.00
321888412017167.37	149.00
321888412017167.37	129.00
321888412017167.37	79.00
321543408360128.56	188.00
321543408360128.56	138.00
321543408360128.56	230.00
321543408360128.56	128.00
321543408360128.56	181.00
321543408360128.56	136.00
321199143468950.75	173.00
321199143468950.75	131.00
321199143468950.75	128.00
321199143468950.75	207.00
321199143468950.75	146.00
321199143468950.75	115.00
320855614973262.06	240.00
320855614973262.06	45.00
320855614973262.06	139.00
320855614973262.06	125.00
320855614973262.06	72.00
320512820512820.50	137.00
320512820512820.50	116.00
320512820512820.50	93.00
320512820512820.50	114.00
320512820512820.50	93.00
320512820512820.50	75.00
320170757737459.94	111.00
320170757737459.94	95.00
320170757737459.94	165.00
320170757737459.94	137.00
320170757737459.94	189.00
320170757737459.94	131.00
319829424307036.25	141.00
319829424307036.25	133.00
319829424307036.25	111.00
319829424307036.25	151.00
319829424307036.25	162.00
319829424307036.25	165.00
319488817891373.81	121.00
319488817891373.81	157.00
319488817891373.81	143.00
319488817891373.81	135.00
319488817891373.81	86.00
319488817891373.81	155.00
319148936170212.75	-37.00
319148936170212.75	77.00
319148936170212.75	115.00
319148936170212.75	149.00
319148936170212.75	166.00
319148936170212.75	135.00
318809776833156.19	165.00
318809776833156.19	205.00
318809776833156.19	95.00
318809776833156.19	112.00
318809776833156.19	130.00
318809776833156.19	172.00
318471337579617.81	91.00
318471337579617.81	101.00
318471337579617.81	153.00
318471337579617.81	200.00
318471337579617.81	114.00
318471337579617.81	117.00
318133616118769.94	152.00
318133616118769.94	193.00
318133616118769.94	112.00
318133616118769.94	110.00
318133616118769.94	220.00
318133616118769.94	150.00
317796610169491.50	155.00
317796610169491.50	122.00
317796610169491.50	132.00
317796610169491.50	84.00
317796610169491.50	241.00
317460317460317.44	150.00
317460317460317.44	166.00
317460317460317.44	152.00
317460317460317.44	131.00
317460317460317.44	177.00
317460317460317.44	230.00
317124735729386.94	131.00
317124735729386.94	125.00
317124735729386.94	154.00
317124735729386.94	177.00
317124735729386.94	159.00
317124735729386.94	114.00
316789862724392.81	36.00
316789862724392.81	137.00
316789862724392.81	134.00
316789862724392.81	125.00
316789862724392.81	194.00
316789862724392.81	167.00
316455696202531.62	125.00
316455696202531.62	227.00
316455696202531.62	122.00
316455696202531.62	158.00
316455696202531.62	188.00
316455696202531.62	217.00
316122233930453.12	94.00
316122233930453.12	120.00
316122233930453.12	164.00
316122233930453.12	171.00
316122233930453.12	231.00
316122233930453.12	213.00
315789473684210.50	194.00
315789473684210.50	204.00
315789473684210.50	89.00
315789473684210.50	104.00
315789473684210.50	202.00
315789473684210.50	75.00
315457413249211.37	148.00
315457413249211.37	157.00
315457413249211.37	196.00
315457413249211.37	135.00
315457413249211.37	151.00
315457413249211.37	190.00
315126050420168.06	214.00
315126050420168.06	143.00
315126050420168.06	138.00
315126050420168.06	184.00
315126050420168.06	118.00
315126050420168.06	94.00
314795383001049.31	170.00
314795383001049.31	105.00
314795383001049.31	176.00
314795383001049.31	128.00
314795383001049.31	111.00
314795383001049.31	195.00
314465408805031.44	212.00
314465408805031.44	159.00
314465408805031.44	187.00
314465408805031.44	179.00
314465408805031.44	111.00
314465408805031.44	174.00
314136125654450.25	107.00
314136125654450.25	138.00
314136125654450.25	158.00
314136125654450.25	146.00
314136125654450.25	174.00
314136125654450.25	188.00
313807531380753.12	134.00
313807531380753.12	122.00
313807531380753.12	206.00
313807531380753.12	133.00
313807531380753.12	184.00
313807531380753.12	134.00
313479623824451.37	95.00
313479623824451.37	177.00
313479623824451.37	146.00
313479623824451.37	152.00
313479623824451.37	170.00
313479623824451.37	192.00
313152400835073.06	267.00
313152400835073.06	197.00
313152400835073.06	110.00
313152400835073.06	151.00
313152400835073.06	116.00
313152400835073.06	193.00
312825860271115.75	94.00
312825860271115.75	120.00
312825860271115.75	174.00
312825860271115.75	33.00
312825860271115.75	235.00
312825860271115.75	110.00
312499999999999.94	184.00
312499999999999.94	109.00
312499999999999.94	199.00
312499999999999.94	122.00
312499999999999.94	142.00
312499999999999.94	210.00
312174817898022.94	188.00
312174817898022.94	129.00
312174817898022.94	190.00
312174817898022.94	192.00
312174817898022.94	110.00
312174817898022.94	99.00
311850311850311.81	199.00
311850311850311.81	104.00
311850311850311.81	223.00
311850311850311.81	171.00
311850311850311.81	205.00
311526479750778.75	192.00
311526479750778.75	151.00
311526479750778.75	167.00
311526479750778.75	200.00
311526479750778.75	132.00
311526479750778.75	135.00
311203319502074.69	106.00
311203319502074.69	118.00
311203319502074.69	88.00
311203319502074.69	168.00
311203319502074.69	164.00
311203319502074.69	113.00
310880829015544.00	125.00
310880829015544.00	199.00
310880829015544.00	202.00
310880829015544.00	148.00
310880829015544.00	176.00
310880829015544.00	195.00
310559006211180.06	154.00
310559006211180.06	217.00
310559006211180.06	109.00
310559006211180.06	170.00
310559006211180.06	161.00
310559006211180.06	197.00
310237849017580.12	178.00
310237849017580.12	166.00
310237849017580.12	156.00
310237849017580.12	210.00
310237849017580.12	164.00
310237849017580.12	87.00
309917355371900.81	79.00
309917355371900.81	128.00
309917355371900.81	134.00
309917355371900.81	106.00
309917355371900.81	158.00
309917355371900.81	74.00
309597523219814.25	177.00
309597523219814.25	112.00
309597523219814.25	151.00
309597523219814.25	160.00
309597523219814.25	144.00
309597523219814.25	144.00
309278350515463.87	152.00
309278350515463.87	120.00
309278350515463.87	150.00
309278350515463.87	251.00
309278350515463.87	149.00
309278350515463.87	143.00
308959835221421.19	178.00
308959835221421.19	90.00
308959835221421.19	124.00
308959835221421.19	178.00
308959835221421.19	23.00
308959835221421.19	224.00
308641975308642.00	76.00
308641975308642.00	182.00
308641975308642.00	201.00
308641975308642.00	203.00
308641975308642.00	173.00
308641975308642.00	59.00
308641975308642.00	132.00
308324768756423.44	165.00
308324768756423.44	170.00
308324768756423.44	116.00
308324768756423.44	172.00
308324768756423.44	123.00
308324768756423.44	121.00
308008213552361.31	134.00
308008213552361.31	216.00
308008213552361.31	200.00
308008213552361.31	242.00
308008213552361.31	97.00
308008213552361.31	147.00
307692307692307.69	236.00
307692307692307.69	89.00
307692307692307.69	102.00
307692307692307.69	70.00
307692307692307.69	137.00
307692307692307.69	172.00
307377049180327.87	206.00
307377049180327.87	148.00
307377049180327.87	194.00
307377049180327.87	118.00
307377049180327.87	122.00
307377049180327.87	145.00
307062436028659.12	137.00
307062436028659.12	181.00
307062436028659.12	153.00
307062436028659.12	195.00
307062436028659.12	171.00
307062436028659.12	186.00
306748466257668.75	177.00
306748466257668.75	141.00
306748466257668.75	179.00
306748466257668.75	85.00
306748466257668.75	106.00
306748466257668.75	118.00
306435137895812.00	123.00
306435137895812.00	144.00
306435137895812.00	124.00
306435137895812.00	217.00
306435137895812.00	167.00
306435137895812.00	153.00
306122448979591.75	174.00
306122448979591.75	91.00
306122448979591.75	103.00
306122448979591.75	77.00
306122448979591.75	100.00
306122448979591.75	179.00
305810397553516.81	195.00
305810397553516.81	147.00
305810397553516.81	151.00
305810397553516.81	185.00
305810397553516.81	130.00
305810397553516.81	123.00
305498981670061.06	154.00
305498981670061.06	151.00
305498981670061.06	135.00
305498981670061.06	175.00
305498981670061.06	70.00
305498981670061.06	65.00
305188199389623.56	229.00
305188199389623.56	153.00
305188199389623.56	71.00
305188199389623.56	194.00
305188199389623.56	196.00
305188199389623.56	197.00
304878048780487.81	89.00
304878048780487.81	198.00
304878048780487.81	176.00
304878048780487.81	124.00
304878048780487.81	66.00
304878048780487.81	82.00
304568527918781.69	138.00
304568527918781.69	168.00
304568527918781.69	186.00
304568527918781.69	136.00
304568527918781.69	162.00
304568527918781.69	131.00
304259634888438.19	111.00
304259634888438.19	101.00
304259634888438.19	145.00
304259634888438.19	79.00
304259634888438.19	110.00
304259634888438.19	174.00
303951367781155.00	168.00
303951367781155.00	159.00
303951367781155.00	102.00
303951367781155.00	153.00
303951367781155.00	110.00
303951367781155.00	106.00
303643724696356.25	114.00
303643724696356.25	202.00
303643724696356.25	174.00
303643724696356.25	113.00
303643724696356.25	166.00
303643724696356.25	175.00
303336703741152.69	150.00
303336703741152.69	104.00
303336703741152.69	93.00
303336703741152.69	194.00
303336703741152.69	160.00
303336703741152.69	200.00
303030303030303.00	111.00
303030303030303.00	92.00
303030303030303.00	143.00
303030303030303.00	134.00
303030303030303.00	53.00
303030303030303.00	154.00
303030303030303.00	103.00
302724520686175.56	178.00
302724520686175.56	210.00
302724520686175.56	123.00
302724520686175.56	191.00
302724520686175.56	151.00
302724520686175.56	146.00
302419354838709.69	93.00
302419354838709.69	65.00
302419354838709.69	64.00
302419354838709.69	104.00
302419354838709.69	130.00
302419354838709.69	59.00
302114803625377.62	168.00
302114803625377.62	151.00
302114803625377.62	143.00
302114803625377.62	208.00
302114803625377.62	178.00
302114803625377.62	179.00
301810865191146.81	180.00
301810865191146.81	144.00
301810865191146.81	164.00
301810865191146.81	168.00
301810865191146.81	137.00
301810865191146.81	116.00
301507537688442.25	150.00
301507537688442.25	161.00
301507537688442.25	112.00
301507537688442.25	153.00
301507537688442.25	145.00
301507537688442.25	215.00
301204819277108.44	160.00
301204819277108.44	125.00
301204819277108.44	108.00
301204819277108.44	121.00
301204819277108.44	135.00
301204819277108.44	88.00
300902708124373.06	80.00
300902708124373.06	72.00
300902708124373.06	106.00
300902708124373.06	131.00
300902708124373.06	147.00
300902708124373.06	91.00
300601202404809.62	170.00
300601202404809.62	132.00
300601202404809.62	96.00
300601202404809.62	88.00
300601202404809.62	133.00
300601202404809.62	157.00
300300300300300.25	112.00
300300300300300.25	151.00
300300300300300.25	178.00
300300300300300.25	152.00
300300300300300.25	183.00
300300300300300.25	85.00
300300300300300.25	68.00
299999999999999.94	135.00
299999999999999.94	135.00
299999999999999.94	160.00
299999999999999.94	35.00
299999999999999.94	92.00
299999999999999.94	75.00
299700299700299.69	92.00
299700299700299.69	101.00
299700299700299.69	117.00
299700299700299.69	57.00
299700299700299.69	74.00
299700299700299.69	118.00
299401197604790.37	150.00
299401197604790.37	31.00
299401197604790.37	73.00
299401197604790.37	136.00
299401197604790.37	203.00
299401197604790.37	135.00
299102691924227.31	186.00
299102691924227.31	174.00
299102691924227.31	96.00
299102691924227.31	151.00
299102691924227.31	125.00
299102691924227.31	93.00
298804780876494.00	163.00
298804780876494.00	145.00
298804780876494.00	114.00
298804780876494.00	128.00
298804780876494.00	90.00
298804780876494.00	146.00
298507462686567.12	142.00
298507462686567.12	103.00
298507462686567.12	111.00
298507462686567.12	98.00
298507462686567.12	127.00
298507462686567.12	87.00
298210735586481.12	82.00
298210735586481.12	141.00
298210735586481.12	145.00
298210735586481.12	82.00
298210735586481.12	133.00
298210735586481.12	150.00
298210735586481.12	204.00
297914597815292.94	134.00
297914597815292.94	130.00
297914597815292.94	114.00
297914597815292.94	123.00
297914597815292.94	44.00
297914597815292.94	178.00
297619047619047.56	160.00
297619047619047.56	141.00
297619047619047.56	23.00
297619047619047.56	101.00
297619047619047.56	181.00
297619047619047.56	125.00
297324083250743.31	92.00
297324083250743.31	153.00
297324083250743.31	100.00
297324083250743.31	161.00
297324083250743.31	51.00
297324083250743.31	35.00
297029702970297.00	83.00
297029702970297.00	171.00
297029702970297.00	55.00
297029702970297.00	58.00
297029702970297.00	110.00
297029702970297.00	107.00
296735905044510.37	118.00
296735905044510.37	148.00
296735905044510.37	121.00
296735905044510.37	64.00
296735905044510.37	72.00
296735905044510.37	105.00
296735905044510.37	25.00
296442687747035.56	122.00
296442687747035.56	57.00
296442687747035.56	53.00
296442687747035.56	125.00
296442687747035.56	172.00
296442687747035.56	146.00
296150049358341.56	95.00
296150049358341.56	178.00
296150049358341.56	152.00
296150049358341.56	153.00
296150049358341.56	111.00
296150049358341.56	115.00
295857988165680.44	155.00
295857988165680.44	70.00
295857988165680.44	167.00
295857988165680.44	120.00
295857988165680.44	89.00
295857988165680.44	123.00
295566502463054.19	163.00
295566502463054.19	163.00
295566502463054.19	34.00
295566502463054.19	81.00
295566502463054.19	104.00
295566502463054.19	75.00
295275590551181.06	143.00
295275590551181.06	116.00
295275590551181.06	143.00
295275590551181.06	117.00
295275590551181.06	90.00
295275590551181.06	69.00
295275590551181.06	36.00
294985250737463.12	127.00
294985250737463.12	122.00
294985250737463.12	110.00
294985250737463.12	135.00
294985250737463.12	124.00
294985250737463.12	72.00
294695481335952.81	94.00
294695481335952.81	95.00
294695481335952.81	64.00
294695481335952.81	114.00
294695481335952.81	88.00
294695481335952.81	102.00
294406280667320.87	132.00
294406280667320.87	41.00
294406280667320.87	35.00
294406280667320.87	5.00
294406280667320.87	119.00
294406280667320.87	54.00
294117647058823.56	110.00
294117647058823.56	40.00
294117647058823.56	141.00
294117647058823.56	59.00
294117647058823.56	119.00
294117647058823.56	124.00
293829578844270.31	82.00
293829578844270.31	29.00
293829578844270.31	95.00
293829578844270.31	82.00
293829578844270.31	129.00
293829578844270.31	21.00
293829578844270.31	-10.00
293542074363992.12	160.00
293542074363992.12	90.00
293542074363992.12	45.00
293542074363992.12	146.00
293542074363992.12	70.00
293542074363992.12	90.00
293255131964809.37	93.00
293255131964809.37	139.00
293255131964809.37	94.00
293255131964809.37	161.00
293255131964809.37	89.00
293255131964809.37	169.00
292968749999999.94	74.00
292968749999999.94	120.00
292968749999999.94	119.00
292968749999999.94	129.00
292968749999999.94	23.00
292968749999999.94	105.00
292682926829268.25	94.00
292682926829268.25	34.00
292682926829268.25	131.00
292682926829268.25	129.00
292682926829268.25	48.00
292682926829268.25	87.00
292682926829268.25	105.00
292397660818713.44	106.00
292397660818713.44	61.00
292397660818713.44	125.00
292397660818713.44	71.00
292397660818713.44	161.00
292397660818713.44	91.00
292112950340798.44	157.00
292112950340798.44	54.00
292112950340798.44	142.00
292112950340798.44	28.00
292112950340798.44	99.00
292112950340798.44	71.00
291828793774319.00	134.00
291828793774319.00	113.00
291828793774319.00	83.00
291828793774319.00	51.00
291828793774319.00	47.00
291828793774319.00	147.00
291545189504373.19	134.00
291545189504373.19	112.00
291545189504373.19	164.00
291545189504373.19	167.00
291545189504373.19	164.00
291545189504373.19	110.00
291545189504373.19	69.00
291262135922330.06	96.00
291262135922330.06	50.00
291262135922330.06	26.00
291262135922330.06	102.00
291262135922330.06	150.00
291262135922330.06	65.00
290979631425800.12	59.00
290979631425800.12	156.00
290979631425800.12	139.00
290979631425800.12	147.00
290979631425800.12	82.00
290979631425800.12	110.00
290697674418604.62	60.00
290697674418604.62	106.00
290697674418604.62	49.00
290697674418604.62	86.00
290697674418604.62	120.00
290697674418604.62	127.00
290416263310745.37	100.00
290416263310745.37	129.00
290416263310745.37	141.00
290416263310745.37	84.00
290416263310745.37	67.00
290416263310745.37	118.00
290416263310745.37	44.00
290135396518375.25	155.00
290135396518375.25	19.00
290135396518375.25	71.00
290135396518375.25	171.00
290135396518375.25	130.00
290135396518375.25	12.00
289855072463768.06	50.00
