position    1.914e+00
        E0        avgy
   1.000e+08 -3.029e-01  
   1.250e+08 -2.331e-01  
   1.500e+08 -1.878e-01  
   1.750e+08 -1.544e-01  
   2.000e+08 -1.303e-01  
   2.250e+08 -1.130e-01  
   2.500e+08 -9.975e-02  
   2.750e+08 -8.931e-02  
   3.000e+08 -8.088e-02  
   3.250e+08 -7.390e-02  
   3.500e+08 -6.804e-02  
   3.750e+08 -6.306e-02  
   4.000e+08 -5.873e-02  
   4.250e+08 -5.498e-02  
   4.500e+08 -5.167e-02  
   4.750e+08 -4.873e-02  
   5.000e+08 -4.610e-02  
   5.250e+08 -4.375e-02  
   5.500e+08 -4.163e-02  
   5.750e+08 -3.969e-02  
   6.000e+08 -3.792e-02  
   6.250e+08 -3.630e-02  
   6.500e+08 -3.483e-02  
   6.750e+08 -3.345e-02  
   7.000e+08 -3.219e-02  
   7.250e+08 -3.101e-02  
   7.500e+08 -2.992e-02  
   7.750e+08 -2.890e-02  
   8.000e+08 -2.795e-02  
   8.250e+08 -2.706e-02  
   8.500e+08 -2.623e-02  
   8.750e+08 -2.544e-02  
   9.000e+08 -2.469e-02  
   9.250e+08 -2.400e-02  
   9.500e+08 -2.334e-02  
   9.750e+08 -2.271e-02  
   1.000e+09 -2.212e-02  

