position    2.164e+00
           E0        avgy
   1.000e+08 -5.919e-01
   1.010e+08 -5.859e-01
   1.020e+08 -5.799e-01
   1.030e+08 -5.741e-01
   1.040e+08 -5.682e-01
   1.050e+08 -5.626e-01
   1.060e+08 -5.572e-01
   1.070e+08 -5.519e-01
   1.080e+08 -5.467e-01
   1.090e+08 -5.417e-01
   1.100e+08 -5.368e-01
   1.110e+08 -5.319e-01
   1.120e+08 -5.271e-01
   1.130e+08 -5.223e-01
   1.140e+08 -5.176e-01
   1.150e+08 -5.131e-01
   1.160e+08 -5.087e-01
   1.170e+08 -5.044e-01
   1.180e+08 -5.002e-01
   1.190e+08 -4.960e-01
   1.200e+08 -4.919e-01
   1.210e+08 -4.880e-01
   1.220e+08 -4.840e-01
   1.230e+08 -4.801e-01
   1.240e+08 -4.763e-01
   1.250e+08 -4.724e-01
   1.260e+08 -4.687e-01
   1.270e+08 -4.650e-01
   1.280e+08 -4.614e-01
   1.290e+08 -4.579e-01
   1.300e+08 -4.544e-01
   1.310e+08 -4.509e-01
   1.320e+08 -4.475e-01
   1.330e+08 -4.441e-01
   1.340e+08 -4.408e-01
   1.350e+08 -4.376e-01
   1.360e+08 -4.345e-01
   1.370e+08 -4.313e-01
   1.380e+08 -4.282e-01
   1.390e+08 -4.251e-01
   1.400e+08 -4.220e-01
   1.410e+08 -4.190e-01
   1.420e+08 -4.160e-01
   1.430e+08 -4.130e-01
   1.440e+08 -4.100e-01
   1.450e+08 -4.071e-01
   1.460e+08 -4.042e-01
   1.470e+08 -4.013e-01
   1.480e+08 -3.984e-01
   1.490e+08 -3.955e-01
   1.500e+08 -3.927e-01
   1.510e+08 -3.898e-01
   1.520e+08 -3.870e-01
   1.530e+08 -3.841e-01
   1.540e+08 -3.813e-01
   1.550e+08 -3.785e-01
   1.560e+08 -3.757e-01
   1.570e+08 -3.729e-01
   1.580e+08 -3.701e-01
   1.590e+08 -3.673e-01
   1.600e+08 -3.645e-01
   1.610e+08 -3.618e-01
   1.620e+08 -3.591e-01
   1.630e+08 -3.564e-01
   1.640e+08 -3.536e-01
   1.650e+08 -3.510e-01
   1.660e+08 -3.484e-01
   1.670e+08 -3.457e-01
   1.680e+08 -3.432e-01
   1.690e+08 -3.406e-01
   1.700e+08 -3.380e-01
   1.710e+08 -3.354e-01
   1.720e+08 -3.328e-01
   1.730e+08 -3.303e-01
   1.740e+08 -3.278e-01
   1.750e+08 -3.253e-01
   1.760e+08 -3.229e-01
   1.770e+08 -3.205e-01
   1.780e+08 -3.181e-01
   1.790e+08 -3.157e-01
   1.800e+08 -3.134e-01
   1.810e+08 -3.111e-01
   1.820e+08 -3.088e-01
   1.830e+08 -3.066e-01
   1.840e+08 -3.044e-01
   1.850e+08 -3.023e-01
   1.860e+08 -3.001e-01
   1.870e+08 -2.980e-01
   1.880e+08 -2.959e-01
   1.890e+08 -2.939e-01
   1.900e+08 -2.919e-01
   1.910e+08 -2.899e-01
   1.920e+08 -2.879e-01
   1.930e+08 -2.859e-01
   1.940e+08 -2.840e-01
   1.950e+08 -2.820e-01
   1.960e+08 -2.801e-01
   1.970e+08 -2.782e-01
   1.980e+08 -2.763e-01
   1.990e+08 -2.746e-01
   2.000e+08 -2.728e-01
   2.010e+08 -2.711e-01
   2.020e+08 -2.694e-01
   2.030e+08 -2.677e-01
   2.040e+08 -2.660e-01
   2.050e+08 -2.643e-01
   2.060e+08 -2.627e-01
   2.070e+08 -2.611e-01
   2.080e+08 -2.595e-01
   2.090e+08 -2.579e-01
   2.100e+08 -2.563e-01
   2.110e+08 -2.548e-01
   2.120e+08 -2.533e-01
   2.130e+08 -2.518e-01
   2.140e+08 -2.503e-01
   2.150e+08 -2.488e-01
   2.160e+08 -2.474e-01
   2.170e+08 -2.460e-01
   2.180e+08 -2.446e-01
   2.190e+08 -2.432e-01
   2.200e+08 -2.418e-01
   2.210e+08 -2.404e-01
   2.220e+08 -2.391e-01
   2.230e+08 -2.377e-01
   2.240e+08 -2.364e-01
   2.250e+08 -2.351e-01
   2.260e+08 -2.338e-01
   2.270e+08 -2.325e-01
   2.280e+08 -2.312e-01
   2.290e+08 -2.300e-01
   2.300e+08 -2.288e-01
   2.310e+08 -2.276e-01
   2.320e+08 -2.263e-01
   2.330e+08 -2.251e-01
   2.340e+08 -2.240e-01
   2.350e+08 -2.228e-01
   2.360e+08 -2.216e-01
   2.370e+08 -2.205e-01
   2.380e+08 -2.193e-01
   2.390e+08 -2.182e-01
   2.400e+08 -2.171e-01
   2.410e+08 -2.160e-01
   2.420e+08 -2.149e-01
   2.430e+08 -2.139e-01
   2.440e+08 -2.128e-01
   2.450e+08 -2.118e-01
   2.460e+08 -2.107e-01
   2.470e+08 -2.097e-01
   2.480e+08 -2.087e-01
   2.490e+08 -2.077e-01
   2.500e+08 -2.067e-01
   2.510e+08 -2.057e-01
   2.520e+08 -2.047e-01
   2.530e+08 -2.037e-01
   2.540e+08 -2.027e-01
   2.550e+08 -2.018e-01
   2.560e+08 -2.008e-01
   2.570e+08 -1.999e-01
   2.580e+08 -1.990e-01
   2.590e+08 -1.980e-01
   2.600e+08 -1.971e-01
   2.610e+08 -1.962e-01
   2.620e+08 -1.953e-01
   2.630e+08 -1.945e-01
   2.640e+08 -1.936e-01
   2.650e+08 -1.927e-01
   2.660e+08 -1.919e-01
   2.670e+08 -1.910e-01
   2.680e+08 -1.902e-01
   2.690e+08 -1.893e-01
   2.700e+08 -1.885e-01
   2.710e+08 -1.877e-01
   2.720e+08 -1.868e-01
   2.730e+08 -1.860e-01
   2.740e+08 -1.852e-01
   2.750e+08 -1.844e-01
   2.760e+08 -1.836e-01
   2.770e+08 -1.828e-01
   2.780e+08 -1.821e-01
   2.790e+08 -1.813e-01
   2.800e+08 -1.805e-01
   2.810e+08 -1.798e-01
   2.820e+08 -1.790e-01
   2.830e+08 -1.783e-01
   2.840e+08 -1.775e-01
   2.850e+08 -1.768e-01
   2.860e+08 -1.761e-01
   2.870e+08 -1.754e-01
   2.880e+08 -1.747e-01
   2.890e+08 -1.740e-01
   2.900e+08 -1.733e-01
   2.910e+08 -1.726e-01
   2.920e+08 -1.719e-01
   2.930e+08 -1.712e-01
   2.940e+08 -1.705e-01
   2.950e+08 -1.699e-01
   2.960e+08 -1.692e-01
   2.970e+08 -1.685e-01
   2.980e+08 -1.679e-01
   2.990e+08 -1.672e-01
   3.000e+08 -1.666e-01
   3.010e+08 -1.660e-01
   3.020e+08 -1.653e-01
   3.030e+08 -1.647e-01
   3.040e+08 -1.640e-01
   3.050e+08 -1.634e-01
   3.060e+08 -1.628e-01
   3.070e+08 -1.622e-01
   3.080e+08 -1.616e-01
   3.090e+08 -1.610e-01
   3.100e+08 -1.604e-01
   3.110e+08 -1.598e-01
   3.120e+08 -1.592e-01
   3.130e+08 -1.586e-01
   3.140e+08 -1.580e-01
   3.150e+08 -1.574e-01
   3.160e+08 -1.569e-01
   3.170e+08 -1.563e-01
   3.180e+08 -1.557e-01
   3.190e+08 -1.552e-01
   3.200e+08 -1.546e-01
   3.210e+08 -1.541e-01
   3.220e+08 -1.535e-01
   3.230e+08 -1.530e-01
   3.240e+08 -1.524e-01
   3.250e+08 -1.519e-01
   3.260e+08 -1.514e-01
   3.270e+08 -1.508e-01
   3.280e+08 -1.503e-01
   3.290e+08 -1.498e-01
   3.300e+08 -1.492e-01
   3.310e+08 -1.487e-01
   3.320e+08 -1.482e-01
   3.330e+08 -1.477e-01
   3.340e+08 -1.472e-01
   3.350e+08 -1.467e-01
   3.360e+08 -1.462e-01
   3.370e+08 -1.457e-01
   3.380e+08 -1.452e-01
   3.390e+08 -1.447e-01
   3.400e+08 -1.442e-01
   3.410e+08 -1.437e-01
   3.420e+08 -1.433e-01
   3.430e+08 -1.428e-01
   3.440e+08 -1.423e-01
   3.450e+08 -1.419e-01
   3.460e+08 -1.414e-01
   3.470e+08 -1.409e-01
   3.480e+08 -1.405e-01
   3.490e+08 -1.400e-01
   3.500e+08 -1.396e-01
   3.510e+08 -1.391e-01
   3.520e+08 -1.387e-01
   3.530e+08 -1.382e-01
   3.540e+08 -1.378e-01
   3.550e+08 -1.374e-01
   3.560e+08 -1.369e-01
   3.570e+08 -1.365e-01
   3.580e+08 -1.361e-01
   3.590e+08 -1.356e-01
   3.600e+08 -1.352e-01
   3.610e+08 -1.348e-01
   3.620e+08 -1.344e-01
   3.630e+08 -1.340e-01
   3.640e+08 -1.336e-01
   3.650e+08 -1.331e-01
   3.660e+08 -1.327e-01
   3.670e+08 -1.323e-01
   3.680e+08 -1.319e-01
   3.690e+08 -1.315e-01
   3.700e+08 -1.311e-01
   3.710e+08 -1.307e-01
   3.720e+08 -1.303e-01
   3.730e+08 -1.299e-01
   3.740e+08 -1.296e-01
   3.750e+08 -1.292e-01
   3.760e+08 -1.288e-01
   3.770e+08 -1.284e-01
   3.780e+08 -1.280e-01
   3.790e+08 -1.276e-01
   3.800e+08 -1.273e-01
   3.810e+08 -1.269e-01
   3.820e+08 -1.265e-01
   3.830e+08 -1.261e-01
   3.840e+08 -1.258e-01
   3.850e+08 -1.254e-01
   3.860e+08 -1.250e-01
   3.870e+08 -1.247e-01
   3.880e+08 -1.243e-01
   3.890e+08 -1.239e-01
   3.900e+08 -1.236e-01
   3.910e+08 -1.232e-01
   3.920e+08 -1.229e-01
   3.930e+08 -1.225e-01
   3.940e+08 -1.222e-01
   3.950e+08 -1.218e-01
   3.960e+08 -1.215e-01
   3.970e+08 -1.212e-01
   3.980e+08 -1.208e-01
   3.990e+08 -1.205e-01
   4.000e+08 -1.201e-01
   4.010e+08 -1.198e-01
   4.020e+08 -1.195e-01
   4.030e+08 -1.192e-01
   4.040e+08 -1.188e-01
   4.050e+08 -1.185e-01
   4.060e+08 -1.182e-01
   4.070e+08 -1.178e-01
   4.080e+08 -1.175e-01
   4.090e+08 -1.172e-01
   4.100e+08 -1.169e-01
   4.110e+08 -1.166e-01
   4.120e+08 -1.163e-01
   4.130e+08 -1.159e-01
   4.140e+08 -1.156e-01
   4.150e+08 -1.153e-01
   4.160e+08 -1.150e-01
   4.170e+08 -1.147e-01
   4.180e+08 -1.144e-01
   4.190e+08 -1.141e-01
   4.200e+08 -1.138e-01
   4.210e+08 -1.135e-01
   4.220e+08 -1.132e-01
   4.230e+08 -1.129e-01
   4.240e+08 -1.126e-01
   4.250e+08 -1.123e-01
   4.260e+08 -1.120e-01
   4.270e+08 -1.117e-01
   4.280e+08 -1.115e-01
   4.290e+08 -1.112e-01
   4.300e+08 -1.109e-01
   4.310e+08 -1.106e-01
   4.320e+08 -1.103e-01
   4.330e+08 -1.100e-01
   4.340e+08 -1.098e-01
   4.350e+08 -1.095e-01
   4.360e+08 -1.092e-01
   4.370e+08 -1.089e-01
   4.380e+08 -1.087e-01
   4.390e+08 -1.084e-01
   4.400e+08 -1.081e-01
   4.410e+08 -1.078e-01
   4.420e+08 -1.076e-01
   4.430e+08 -1.073e-01
   4.440e+08 -1.070e-01
   4.450e+08 -1.068e-01
   4.460e+08 -1.065e-01
   4.470e+08 -1.062e-01
   4.480e+08 -1.060e-01
   4.490e+08 -1.057e-01
   4.500e+08 -1.055e-01
   4.510e+08 -1.052e-01
   4.520e+08 -1.049e-01
   4.530e+08 -1.047e-01
   4.540e+08 -1.044e-01
   4.550e+08 -1.042e-01
   4.560e+08 -1.039e-01
   4.570e+08 -1.037e-01
   4.580e+08 -1.034e-01
   4.590e+08 -1.032e-01
   4.600e+08 -1.030e-01
   4.610e+08 -1.027e-01
   4.620e+08 -1.025e-01
   4.630e+08 -1.022e-01
   4.640e+08 -1.020e-01
   4.650e+08 -1.017e-01
   4.660e+08 -1.015e-01
   4.670e+08 -1.012e-01
   4.680e+08 -1.010e-01
   4.690e+08 -1.008e-01
   4.700e+08 -1.005e-01
   4.710e+08 -1.003e-01
   4.720e+08 -1.001e-01
   4.730e+08 -9.983e-02
   4.740e+08 -9.960e-02
   4.750e+08 -9.937e-02
   4.760e+08 -9.914e-02
   4.770e+08 -9.891e-02
   4.780e+08 -9.868e-02
   4.790e+08 -9.845e-02
   4.800e+08 -9.822e-02
   4.810e+08 -9.800e-02
   4.820e+08 -9.778e-02
   4.830e+08 -9.755e-02
   4.840e+08 -9.733e-02
   4.850e+08 -9.711e-02
   4.860e+08 -9.689e-02
   4.870e+08 -9.666e-02
   4.880e+08 -9.645e-02
   4.890e+08 -9.624e-02
   4.900e+08 -9.603e-02
   4.910e+08 -9.581e-02
   4.920e+08 -9.559e-02
   4.930e+08 -9.538e-02
   4.940e+08 -9.517e-02
   4.950e+08 -9.497e-02
   4.960e+08 -9.477e-02
   4.970e+08 -9.455e-02
   4.980e+08 -9.434e-02
   4.990e+08 -9.414e-02
   5.000e+08 -9.393e-02
   5.010e+08 -9.372e-02
   5.020e+08 -9.352e-02
   5.030e+08 -9.332e-02
   5.040e+08 -9.311e-02
   5.050e+08 -9.292e-02
   5.060e+08 -9.271e-02
   5.070e+08 -9.252e-02
   5.080e+08 -9.233e-02
   5.090e+08 -9.213e-02
   5.100e+08 -9.194e-02
   5.110e+08 -9.174e-02
   5.120e+08 -9.154e-02
   5.130e+08 -9.135e-02
   5.140e+08 -9.116e-02
   5.150e+08 -9.097e-02
   5.160e+08 -9.078e-02
   5.170e+08 -9.059e-02
   5.180e+08 -9.040e-02
   5.190e+08 -9.021e-02
   5.200e+08 -9.002e-02
   5.210e+08 -8.983e-02
   5.220e+08 -8.965e-02
   5.230e+08 -8.946e-02
   5.240e+08 -8.928e-02
   5.250e+08 -8.909e-02
   5.260e+08 -8.891e-02
   5.270e+08 -8.872e-02
   5.280e+08 -8.855e-02
   5.290e+08 -8.836e-02
   5.300e+08 -8.818e-02
   5.310e+08 -8.800e-02
   5.320e+08 -8.783e-02
   5.330e+08 -8.764e-02
   5.340e+08 -8.746e-02
   5.350e+08 -8.729e-02
   5.360e+08 -8.711e-02
   5.370e+08 -8.694e-02
   5.380e+08 -8.676e-02
   5.390e+08 -8.659e-02
   5.400e+08 -8.641e-02
   5.410e+08 -8.624e-02
   5.420e+08 -8.607e-02
   5.430e+08 -8.590e-02
   5.440e+08 -8.572e-02
   5.450e+08 -8.555e-02
   5.460e+08 -8.539e-02
   5.470e+08 -8.522e-02
   5.480e+08 -8.505e-02
   5.490e+08 -8.488e-02
   5.500e+08 -8.471e-02
   5.510e+08 -8.454e-02
   5.520e+08 -8.438e-02
   5.530e+08 -8.422e-02
   5.540e+08 -8.405e-02
   5.550e+08 -8.388e-02
   5.560e+08 -8.372e-02
   5.570e+08 -8.355e-02
   5.580e+08 -8.339e-02
   5.590e+08 -8.323e-02
   5.600e+08 -8.307e-02
   5.610e+08 -8.291e-02
   5.620e+08 -8.273e-02
   5.630e+08 -8.258e-02
   5.640e+08 -8.242e-02
   5.650e+08 -8.226e-02
   5.660e+08 -8.210e-02
   5.670e+08 -8.194e-02
   5.680e+08 -8.178e-02
   5.690e+08 -8.162e-02
   5.700e+08 -8.147e-02
   5.710e+08 -8.133e-02
   5.720e+08 -8.117e-02
   5.730e+08 -8.101e-02
   5.740e+08 -8.086e-02
   5.750e+08 -8.071e-02
   5.760e+08 -8.055e-02
   5.770e+08 -8.041e-02
   5.780e+08 -8.025e-02
   5.790e+08 -8.010e-02
   5.800e+08 -7.995e-02
   5.810e+08 -7.980e-02
   5.820e+08 -7.966e-02
   5.830e+08 -7.951e-02
   5.840e+08 -7.936e-02
   5.850e+08 -7.921e-02
   5.860e+08 -7.907e-02
   5.870e+08 -7.892e-02
   5.880e+08 -7.877e-02
   5.890e+08 -7.863e-02
   5.900e+08 -7.848e-02
   5.910e+08 -7.834e-02
   5.920e+08 -7.819e-02
   5.930e+08 -7.805e-02
   5.940e+08 -7.791e-02
   5.950e+08 -7.776e-02
   5.960e+08 -7.763e-02
   5.970e+08 -7.748e-02
   5.980e+08 -7.735e-02
   5.990e+08 -7.721e-02
   6.000e+08 -7.707e-02
   6.010e+08 -7.693e-02
   6.020e+08 -7.679e-02
   6.030e+08 -7.665e-02
   6.040e+08 -7.651e-02
   6.050e+08 -7.638e-02
   6.060e+08 -7.624e-02
   6.070e+08 -7.611e-02
   6.080e+08 -7.597e-02
   6.090e+08 -7.584e-02
   6.100e+08 -7.570e-02
   6.110e+08 -7.557e-02
   6.120e+08 -7.544e-02
   6.130e+08 -7.530e-02
   6.140e+08 -7.517e-02
   6.150e+08 -7.503e-02
   6.160e+08 -7.491e-02
   6.170e+08 -7.478e-02
   6.180e+08 -7.465e-02
   6.190e+08 -7.452e-02
   6.200e+08 -7.439e-02
   6.210e+08 -7.426e-02
   6.220e+08 -7.413e-02
   6.230e+08 -7.400e-02
   6.240e+08 -7.387e-02
   6.250e+08 -7.373e-02
   6.260e+08 -7.362e-02
   6.270e+08 -7.350e-02
   6.280e+08 -7.337e-02
   6.290e+08 -7.324e-02
   6.300e+08 -7.310e-02
   6.310e+08 -7.298e-02
   6.320e+08 -7.287e-02
   6.330e+08 -7.274e-02
   6.340e+08 -7.261e-02
   6.350e+08 -7.250e-02
   6.360e+08 -7.238e-02
   6.370e+08 -7.225e-02
   6.380e+08 -7.213e-02
   6.390e+08 -7.201e-02
   6.400e+08 -7.189e-02
   6.410e+08 -7.175e-02
   6.420e+08 -7.165e-02
   6.430e+08 -7.152e-02
   6.440e+08 -7.139e-02
   6.450e+08 -7.128e-02
   6.460e+08 -7.116e-02
   6.470e+08 -7.105e-02
   6.480e+08 -7.093e-02
   6.490e+08 -7.081e-02
   6.500e+08 -7.070e-02
   6.510e+08 -7.058e-02
   6.520e+08 -7.046e-02
   6.530e+08 -7.035e-02
   6.540e+08 -7.022e-02
   6.550e+08 -7.010e-02
   6.560e+08 -7.000e-02
   6.570e+08 -6.988e-02
   6.580e+08 -6.975e-02
   6.590e+08 -6.965e-02
   6.600e+08 -6.954e-02
   6.610e+08 -6.942e-02
   6.620e+08 -6.930e-02
   6.630e+08 -6.920e-02
   6.640e+08 -6.908e-02
   6.650e+08 -6.898e-02
   6.660e+08 -6.886e-02
   6.670e+08 -6.874e-02
   6.680e+08 -6.863e-02
   6.690e+08 -6.853e-02
   6.700e+08 -6.841e-02
   6.710e+08 -6.831e-02
   6.720e+08 -6.819e-02
   6.730e+08 -6.809e-02
   6.740e+08 -6.799e-02
   6.750e+08 -6.787e-02
   6.760e+08 -6.777e-02
   6.770e+08 -6.765e-02
   6.780e+08 -6.754e-02
   6.790e+08 -6.744e-02
   6.800e+08 -6.733e-02
   6.810e+08 -6.723e-02
   6.820e+08 -6.712e-02
   6.830e+08 -6.702e-02
   6.840e+08 -6.692e-02
   6.850e+08 -6.682e-02
   6.860e+08 -6.670e-02
   6.870e+08 -6.661e-02
   6.880e+08 -6.649e-02
   6.890e+08 -6.640e-02
   6.900e+08 -6.629e-02
   6.910e+08 -6.619e-02
   6.920e+08 -6.608e-02
   6.930e+08 -6.599e-02
   6.940e+08 -6.588e-02
   6.950e+08 -6.578e-02
   6.960e+08 -6.568e-02
   6.970e+08 -6.558e-02
   6.980e+08 -6.548e-02
   6.990e+08 -6.538e-02
   7.000e+08 -6.528e-02
   7.010e+08 -6.518e-02
   7.020e+08 -6.507e-02
   7.030e+08 -6.498e-02
   7.040e+08 -6.488e-02
   7.050e+08 -6.478e-02
   7.060e+08 -6.468e-02
   7.070e+08 -6.458e-02
   7.080e+08 -6.449e-02
   7.090e+08 -6.439e-02
   7.100e+08 -6.429e-02
   7.110e+08 -6.419e-02
   7.120e+08 -6.410e-02
   7.130e+08 -6.400e-02
   7.140e+08 -6.390e-02
   7.150e+08 -6.381e-02
   7.160e+08 -6.372e-02
   7.170e+08 -6.361e-02
   7.180e+08 -6.352e-02
   7.190e+08 -6.343e-02
   7.200e+08 -6.334e-02
   7.210e+08 -6.324e-02
   7.220e+08 -6.315e-02
   7.230e+08 -6.305e-02
   7.240e+08 -6.296e-02
   7.250e+08 -6.286e-02
   7.260e+08 -6.276e-02
   7.270e+08 -6.268e-02
   7.280e+08 -6.258e-02
   7.290e+08 -6.249e-02
   7.300e+08 -6.241e-02
   7.310e+08 -6.231e-02
   7.320e+08 -6.222e-02
   7.330e+08 -6.213e-02
   7.340e+08 -6.204e-02
   7.350e+08 -6.195e-02
   7.360e+08 -6.186e-02
   7.370e+08 -6.177e-02
   7.380e+08 -6.168e-02
   7.390e+08 -6.159e-02
   7.400e+08 -6.150e-02
   7.410e+08 -6.141e-02
   7.420e+08 -6.132e-02
   7.430e+08 -6.124e-02
   7.440e+08 -6.115e-02
   7.450e+08 -6.106e-02
   7.460e+08 -6.097e-02
   7.470e+08 -6.089e-02
   7.480e+08 -6.080e-02
   7.490e+08 -6.071e-02
   7.500e+08 -6.063e-02
   7.510e+08 -6.054e-02
   7.520e+08 -6.045e-02
   7.530e+08 -6.038e-02
   7.540e+08 -6.028e-02
   7.550e+08 -6.020e-02
   7.560e+08 -6.012e-02
   7.570e+08 -6.003e-02
   7.580e+08 -5.994e-02
   7.590e+08 -5.986e-02
   7.600e+08 -5.978e-02
   7.610e+08 -5.969e-02
   7.620e+08 -5.961e-02
   7.630e+08 -5.953e-02
   7.640e+08 -5.944e-02
   7.650e+08 -5.936e-02
   7.660e+08 -5.928e-02
   7.670e+08 -5.919e-02
   7.680e+08 -5.911e-02
   7.690e+08 -5.903e-02
   7.700e+08 -5.895e-02
   7.710e+08 -5.887e-02
   7.720e+08 -5.878e-02
   7.730e+08 -5.871e-02
   7.740e+08 -5.863e-02
   7.750e+08 -5.855e-02
   7.760e+08 -5.847e-02
   7.770e+08 -5.838e-02
   7.780e+08 -5.830e-02
   7.790e+08 -5.822e-02
   7.800e+08 -5.814e-02
   7.810e+08 -5.806e-02
   7.820e+08 -5.798e-02
   7.830e+08 -5.790e-02
   7.840e+08 -5.782e-02
   7.850e+08 -5.775e-02
   7.860e+08 -5.767e-02
   7.870e+08 -5.759e-02
   7.880e+08 -5.751e-02
   7.890e+08 -5.743e-02
   7.900e+08 -5.735e-02
   7.910e+08 -5.728e-02
   7.920e+08 -5.720e-02
   7.930e+08 -5.712e-02
   7.940e+08 -5.705e-02
   7.950e+08 -5.697e-02
   7.960e+08 -5.689e-02
   7.970e+08 -5.682e-02
   7.980e+08 -5.675e-02
   7.990e+08 -5.667e-02
   8.000e+08 -5.659e-02
   8.010e+08 -5.652e-02
   8.020e+08 -5.644e-02
   8.030e+08 -5.637e-02
   8.040e+08 -5.629e-02
   8.050e+08 -5.622e-02
   8.060e+08 -5.615e-02
   8.070e+08 -5.607e-02
   8.080e+08 -5.600e-02
   8.090e+08 -5.592e-02
   8.100e+08 -5.585e-02
   8.110e+08 -5.578e-02
   8.120e+08 -5.570e-02
   8.130e+08 -5.563e-02
   8.140e+08 -5.555e-02
   8.150e+08 -5.548e-02
   8.160e+08 -5.541e-02
   8.170e+08 -5.534e-02
   8.180e+08 -5.527e-02
   8.190e+08 -5.519e-02
   8.200e+08 -5.513e-02
   8.210e+08 -5.505e-02
   8.220e+08 -5.498e-02
   8.230e+08 -5.491e-02
   8.240e+08 -5.484e-02
   8.250e+08 -5.477e-02
   8.260e+08 -5.470e-02
   8.270e+08 -5.463e-02
   8.280e+08 -5.456e-02
   8.290e+08 -5.449e-02
   8.300e+08 -5.442e-02
   8.310e+08 -5.435e-02
   8.320e+08 -5.428e-02
   8.330e+08 -5.421e-02
   8.340e+08 -5.414e-02
   8.350e+08 -5.407e-02
   8.360e+08 -5.400e-02
   8.370e+08 -5.393e-02
   8.380e+08 -5.387e-02
   8.390e+08 -5.380e-02
   8.400e+08 -5.373e-02
   8.410e+08 -5.366e-02
   8.420e+08 -5.359e-02
   8.430e+08 -5.352e-02
   8.440e+08 -5.346e-02
   8.450e+08 -5.339e-02
   8.460e+08 -5.332e-02
   8.470e+08 -5.326e-02
   8.480e+08 -5.319e-02
   8.490e+08 -5.313e-02
   8.500e+08 -5.306e-02
   8.510e+08 -5.299e-02
   8.520e+08 -5.293e-02
   8.530e+08 -5.286e-02
   8.540e+08 -5.279e-02
   8.550e+08 -5.273e-02
   8.560e+08 -5.266e-02
   8.570e+08 -5.259e-02
   8.580e+08 -5.253e-02
   8.590e+08 -5.247e-02
   8.600e+08 -5.240e-02
   8.610e+08 -5.234e-02
   8.620e+08 -5.227e-02
   8.630e+08 -5.221e-02
   8.640e+08 -5.214e-02
   8.650e+08 -5.208e-02
   8.660e+08 -5.201e-02
   8.670e+08 -5.195e-02
   8.680e+08 -5.189e-02
   8.690e+08 -5.182e-02
   8.700e+08 -5.176e-02
   8.710e+08 -5.170e-02
   8.720e+08 -5.163e-02
   8.730e+08 -5.157e-02
   8.740e+08 -5.151e-02
   8.750e+08 -5.144e-02
   8.760e+08 -5.139e-02
   8.770e+08 -5.132e-02
   8.780e+08 -5.126e-02
   8.790e+08 -5.120e-02
   8.800e+08 -5.114e-02
   8.810e+08 -5.107e-02
   8.820e+08 -5.101e-02
   8.830e+08 -5.095e-02
   8.840e+08 -5.089e-02
   8.850e+08 -5.083e-02
   8.860e+08 -5.077e-02
   8.870e+08 -5.071e-02
   8.880e+08 -5.065e-02
   8.890e+08 -5.059e-02
   8.900e+08 -5.053e-02
   8.910e+08 -5.047e-02
   8.920e+08 -5.041e-02
   8.930e+08 -5.035e-02
   8.940e+08 -5.029e-02
   8.950e+08 -5.023e-02
   8.960e+08 -5.017e-02
   8.970e+08 -5.011e-02
   8.980e+08 -5.005e-02
   8.990e+08 -4.999e-02
   9.000e+08 -4.993e-02
   9.010e+08 -4.988e-02
   9.020e+08 -4.981e-02
   9.030e+08 -4.976e-02
   9.040e+08 -4.970e-02
   9.050e+08 -4.964e-02
   9.060e+08 -4.958e-02
   9.070e+08 -4.952e-02
   9.080e+08 -4.947e-02
   9.090e+08 -4.941e-02
   9.100e+08 -4.935e-02
   9.110e+08 -4.929e-02
   9.120e+08 -4.923e-02
   9.130e+08 -4.918e-02
   9.140e+08 -4.912e-02
   9.150e+08 -4.907e-02
   9.160e+08 -4.901e-02
   9.170e+08 -4.895e-02
   9.180e+08 -4.889e-02
   9.190e+08 -4.884e-02
   9.200e+08 -4.878e-02
   9.210e+08 -4.873e-02
   9.220e+08 -4.867e-02
   9.230e+08 -4.861e-02
   9.240e+08 -4.856e-02
   9.250e+08 -4.850e-02
   9.260e+08 -4.844e-02
   9.270e+08 -4.839e-02
   9.280e+08 -4.834e-02
   9.290e+08 -4.828e-02
   9.300e+08 -4.823e-02
   9.310e+08 -4.817e-02
   9.320e+08 -4.812e-02
   9.330e+08 -4.806e-02
   9.340e+08 -4.801e-02
   9.350e+08 -4.795e-02
   9.360e+08 -4.790e-02
   9.370e+08 -4.785e-02
   9.380e+08 -4.779e-02
   9.390e+08 -4.774e-02
   9.400e+08 -4.768e-02
   9.410e+08 -4.763e-02
   9.420e+08 -4.758e-02
   9.430e+08 -4.752e-02
   9.440e+08 -4.747e-02
   9.450e+08 -4.742e-02
   9.460e+08 -4.736e-02
   9.470e+08 -4.731e-02
   9.480e+08 -4.726e-02
   9.490e+08 -4.721e-02
   9.500e+08 -4.715e-02
   9.510e+08 -4.710e-02
   9.520e+08 -4.705e-02
   9.530e+08 -4.700e-02
   9.540e+08 -4.695e-02
   9.550e+08 -4.689e-02
   9.560e+08 -4.684e-02
   9.570e+08 -4.679e-02
   9.580e+08 -4.674e-02
   9.590e+08 -4.669e-02
   9.600e+08 -4.664e-02
   9.610e+08 -4.657e-02
   9.620e+08 -4.652e-02
   9.630e+08 -4.648e-02
   9.640e+08 -4.643e-02
   9.650e+08 -4.638e-02
   9.660e+08 -4.633e-02
   9.670e+08 -4.628e-02
   9.680e+08 -4.623e-02
   9.690e+08 -4.618e-02
   9.700e+08 -4.613e-02
   9.710e+08 -4.608e-02
   9.720e+08 -4.603e-02
   9.730e+08 -4.598e-02
   9.740e+08 -4.593e-02
   9.750e+08 -4.588e-02
   9.760e+08 -4.583e-02
   9.770e+08 -4.578e-02
   9.780e+08 -4.573e-02
   9.790e+08 -4.568e-02
   9.800e+08 -4.563e-02
   9.810e+08 -4.558e-02
   9.820e+08 -4.553e-02
   9.830e+08 -4.549e-02
   9.840e+08 -4.544e-02
   9.850e+08 -4.539e-02
   9.860e+08 -4.534e-02
   9.870e+08 -4.529e-02
   9.880e+08 -4.524e-02
   9.890e+08 -4.520e-02
   9.900e+08 -4.515e-02
   9.910e+08 -4.510e-02
   9.920e+08 -4.505e-02
   9.930e+08 -4.500e-02
   9.940e+08 -4.495e-02
   9.950e+08 -4.491e-02
   9.960e+08 -4.486e-02
   9.970e+08 -4.481e-02
   9.980e+08 -4.476e-02
   9.990e+08 -4.472e-02
   1.000e+09 -4.467e-02
