0.0 16.1117850075 
0.869 15.2075 
1.738 15.2075 
2.607 15.2075 
3.476 15.2075 
4.345 15.2075 
5.214 15.2075 
6.083 15.2075 
6.952 15.2075 
7.821 15.2075 
8.69 13.5483422561 
9.559 13.5483422561 
10.428 13.5483422561 
11.297 13.5483422561 
12.166 13.5483422561 
13.035 13.5483422561 
13.904 13.5483422561 
14.773 13.5483422561 
15.642 13.5483422561 
16.511 13.5483422561 
17.38 13.5483422561 
18.249 13.5483422561 
19.118 12.787932235 
19.987 12.787932235 
20.856 12.787932235 
21.725 12.787932235 
22.594 12.787932235 
23.463 12.787932235 
24.332 12.787932235 
25.201 12.787932235 
26.07 12.787932235 
26.939 12.787932235 
27.808 12.787932235 
28.677 12.787932235 
29.546 12.787932235 
30.415 12.787932235 
31.284 12.787932235 
32.153 12.787932235 
33.022 12.787932235 
33.891 12.787932235 
34.76 12.787932235 
35.629 12.787932235 
36.498 12.787932235 
37.367 12.787932235 
38.236 12.787932235 
39.105 12.787932235 
39.974 12.787932235 
40.843 12.787932235 
41.712 12.787932235 
42.581 12.787932235 
43.45 12.787932235 
44.319 12.787932235 
45.188 12.787932235 
46.057 12.787932235 
46.926 12.787932235 
47.795 12.787932235 
48.664 12.787932235 
49.533 12.787932235 
50.402 12.787932235 
51.271 12.787932235 
52.14 12.787932235 
53.009 12.787932235 
53.878 12.787932235 
54.747 16.1117850075 
55.616 16.1117850075 
56.485 16.1117850075 
57.354 16.1117850075 
58.223 16.1117850075 
59.092 16.1117850075 
59.961 16.1117850075 
60.83 16.1117850075 
61.699 16.1117850075 
62.568 16.1117850075 
63.437 16.1117850075 
64.306 16.1117850075 
65.175 16.1117850075 
66.044 17.0698415997 
66.913 17.0698415997 
67.782 17.0698415997 
68.651 17.0698415997 
69.52 17.0698415997 
70.389 17.0698415997 
71.258 17.0698415997 
72.127 17.0698415997 
72.996 17.0698415997 
73.865 17.0698415997 
74.734 17.0698415997 
75.603 17.0698415997 
76.472 17.0698415997 
77.341 17.0698415997 
78.21 17.0698415997 
79.079 17.0698415997 
79.948 17.0698415997 
80.817 17.0698415997 
81.686 17.0698415997 
82.555 17.0698415997 
83.424 17.0698415997 
84.293 17.0698415997 
85.162 17.0698415997 
86.031 17.0698415997 
86.9 17.0698415997 
87.769 17.0698415997 
88.638 17.0698415997 
89.507 17.0698415997 
90.376 17.0698415997 
91.245 17.0698415997 
92.114 17.0698415997 
92.983 17.0698415997 
93.852 17.0698415997 
94.721 17.0698415997 
95.59 17.0698415997 
96.459 17.0698415997 
97.328 17.0698415997 
98.197 17.0698415997 
99.066 17.0698415997 
99.935 17.0698415997 
100.804 18.0848672014 
101.673 18.0848672014 
102.542 18.0848672014 
103.411 18.0848672014 
104.28 18.0848672014 
105.149 18.0848672014 
106.018 18.0848672014 
106.887 18.0848672014 
107.756 18.0848672014 
108.625 18.0848672014 
109.494 18.0848672014 
110.363 18.0848672014 
111.232 18.0848672014 
112.101 18.0848672014 
112.97 18.0848672014 
113.839 18.0848672014 
114.708 18.0848672014 
115.577 18.0848672014 
116.446 18.0848672014 
117.315 18.0848672014 
118.184 18.0848672014 
119.053 18.0848672014 
119.922 18.0848672014 
120.791 18.0848672014 
121.66 18.0848672014 
122.529 18.0848672014 
123.398 18.0848672014 
124.267 18.0848672014 
125.136 18.0848672014 
126.005 18.0848672014 
126.874 18.0848672014 
127.743 18.0848672014 
128.612 18.0848672014 
129.481 18.0848672014 
130.35 18.0848672014 
131.219 18.0848672014 
132.088 18.0848672014 
132.957 18.0848672014 
133.826 18.0848672014 
134.695 18.0848672014 
135.564 18.0848672014 
136.433 18.0848672014 
137.302 18.0848672014 
138.171 18.0848672014 
139.04 18.0848672014 
139.909 18.0848672014 
140.778 18.0848672014 
141.647 18.0848672014 
142.516 18.0848672014 
143.385 18.0848672014 
144.254 18.0848672014 
145.123 18.0848672014 
145.992 18.0848672014 
146.861 18.0848672014 
147.73 18.0848672014 
148.599 18.0848672014 
149.468 18.0848672014 
150.337 18.0848672014 
151.206 18.0848672014 
152.075 18.0848672014 
152.944 18.0848672014 
153.813 18.0848672014 
154.682 18.0848672014 
155.551 18.0848672014 
156.42 18.0848672014 
157.289 18.0848672014 
158.158 18.0848672014 
159.027 18.0848672014 
159.896 18.0848672014 
160.765 18.0848672014 
161.634 18.0848672014 
162.503 18.0848672014 
163.372 18.0848672014 
164.241 18.0848672014 
165.11 18.0848672014 
165.979 18.0848672014 
166.848 18.0848672014 
167.717 18.0848672014 
168.586 18.0848672014 
169.455 18.0848672014 
170.324 18.0848672014 
171.193 18.0848672014 
172.062 18.0848672014 
172.931 17.0698415997 
173.8 17.0698415997 
174.669 17.0698415997 
175.538 17.0698415997 
176.407 17.0698415997 
177.276 17.0698415997 
178.145 17.0698415997 
179.014 17.0698415997 
179.883 17.0698415997 
180.752 17.0698415997 
181.621 17.0698415997 
182.49 17.0698415997 
183.359 17.0698415997 
184.228 17.0698415997 
185.097 17.0698415997 
185.966 17.0698415997 
186.835 17.0698415997 
187.704 17.0698415997 
188.573 17.0698415997 
189.442 17.0698415997 
190.311 17.0698415997 
191.18 17.0698415997 
192.049 17.0698415997 
192.918 17.0698415997 
193.787 17.0698415997 
194.656 17.0698415997 
195.525 17.0698415997 
196.394 17.0698415997 
197.263 17.0698415997 
198.132 17.0698415997 
199.001 17.0698415997 
199.87 17.0698415997 
200.739 17.0698415997 
201.608 17.0698415997 
202.477 17.0698415997 
203.346 17.0698415997 
204.215 17.0698415997 
205.084 17.0698415997 
205.953 17.0698415997 
206.822 17.0698415997 
207.691 17.0698415997 
208.56 17.0698415997 
209.429 17.0698415997 
210.298 17.0698415997 
211.167 17.0698415997 
212.036 17.0698415997 
212.905 17.0698415997 
213.774 17.0698415997 
214.643 17.0698415997 
215.512 17.0698415997 
216.381 17.0698415997 
217.25 17.0698415997 
218.119 17.0698415997 
218.988 17.0698415997 
219.857 17.0698415997 
220.726 17.0698415997 
221.595 17.0698415997 
222.464 17.0698415997 
223.333 17.0698415997 
224.202 17.0698415997 
225.071 17.0698415997 
225.94 17.0698415997 
226.809 17.0698415997 
227.678 17.0698415997 
228.547 17.0698415997 
229.416 17.0698415997 
230.285 17.0698415997 
231.154 17.0698415997 
232.023 17.0698415997 
232.892 17.0698415997 
233.761 17.0698415997 
234.63 17.0698415997 
235.499 17.0698415997 
236.368 17.0698415997 
237.237 17.0698415997 
238.106 17.0698415997 
238.975 17.0698415997 
239.844 17.0698415997 
240.713 17.0698415997 
241.582 17.0698415997 
242.451 17.0698415997 
243.32 17.0698415997 
244.189 17.0698415997 
245.058 17.0698415997 
245.927 17.0698415997 
246.796 17.0698415997 
247.665 17.0698415997 
248.534 17.0698415997 
249.403 17.0698415997 
250.272 17.0698415997 
251.141 17.0698415997 
252.01 17.0698415997 
252.879 17.0698415997 
253.748 17.0698415997 
254.617 17.0698415997 
255.486 17.0698415997 
256.355 17.0698415997 
257.224 17.0698415997 
258.093 17.0698415997 
258.962 17.0698415997 
259.831 17.0698415997 
260.7 17.0698415997 
261.569 17.0698415997 
262.438 17.0698415997 
263.307 17.0698415997 
264.176 17.0698415997 
265.045 17.0698415997 
265.914 17.0698415997 
266.783 17.0698415997 
267.652 17.0698415997 
268.521 17.0698415997 
269.39 17.0698415997 
270.259 17.0698415997 
271.128 17.0698415997 
271.997 17.0698415997 
272.866 17.0698415997 
273.735 17.0698415997 
274.604 17.0698415997 
275.473 17.0698415997 
276.342 17.0698415997 
277.211 17.0698415997 
278.08 17.0698415997 
278.949 17.0698415997 
279.818 17.0698415997 
280.687 17.0698415997 
281.556 17.0698415997 
282.425 17.0698415997 
283.294 17.0698415997 
284.163 17.0698415997 
285.032 17.0698415997 
285.901 17.0698415997 
286.77 17.0698415997 
287.639 17.0698415997 
288.508 17.0698415997 
289.377 17.0698415997 
290.246 17.0698415997 
291.115 17.0698415997 
291.984 17.0698415997 
292.853 17.0698415997 
293.722 17.0698415997 
294.591 17.0698415997 
295.46 17.0698415997 
296.329 17.0698415997 
297.198 17.0698415997 
298.067 17.0698415997 
298.936 17.0698415997 
299.805 17.0698415997 
300.674 17.0698415997 
301.543 17.0698415997 
302.412 17.0698415997 
303.281 17.0698415997 
304.15 17.0698415997 
305.019 17.0698415997 
305.888 17.0698415997 
306.757 17.0698415997 
307.626 17.0698415997 
308.495 17.0698415997 
309.364 17.0698415997 
310.233 17.0698415997 
311.102 17.0698415997 
311.971 17.0698415997 
312.84 17.0698415997 
313.709 17.0698415997 
314.578 17.0698415997 
315.447 17.0698415997 
316.316 17.0698415997 
317.185 17.0698415997 
318.054 17.0698415997 
318.923 17.0698415997 
319.792 17.0698415997 
320.661 17.0698415997 
321.53 17.0698415997 
322.399 17.0698415997 
323.268 17.0698415997 
324.137 17.0698415997 
325.006 17.0698415997 
325.875 17.0698415997 
326.744 17.0698415997 
327.613 17.0698415997 
328.482 18.0848672014 
329.351 18.0848672014 
330.22 18.0848672014 
331.089 18.0848672014 
331.958 18.0848672014 
332.827 18.0848672014 
333.696 18.0848672014 
334.565 18.0848672014 
335.434 18.0848672014 
336.303 18.0848672014 
337.172 18.0848672014 
338.041 18.0848672014 
338.91 18.0848672014 
339.779 18.0848672014 
340.648 18.0848672014 
341.517 18.0848672014 
342.386 18.0848672014 
343.255 18.0848672014 
344.124 18.0848672014 
344.993 18.0848672014 
345.862 18.0848672014 
346.731 18.0848672014 
347.6 18.0848672014 
348.469 18.0848672014 
349.338 18.0848672014 
350.207 18.0848672014 
351.076 18.0848672014 
351.945 18.0848672014 
352.814 18.0848672014 
353.683 18.0848672014 
354.552 18.0848672014 
355.421 18.0848672014 
356.29 18.0848672014 
357.159 18.0848672014 
358.028 18.0848672014 
358.897 18.0848672014 
359.766 18.0848672014 
360.635 18.0848672014 
361.504 18.0848672014 
362.373 18.0848672014 
363.242 18.0848672014 
364.111 18.0848672014 
364.98 18.0848672014 
365.849 18.0848672014 
366.718 18.0848672014 
367.587 18.0848672014 
368.456 18.0848672014 
369.325 18.0848672014 
370.194 18.0848672014 
371.063 18.0848672014 
371.932 18.0848672014 
372.801 18.0848672014 
373.67 18.0848672014 
374.539 18.0848672014 
375.408 18.0848672014 
376.277 18.0848672014 
377.146 18.0848672014 
378.015 18.0848672014 
378.884 18.0848672014 
379.753 17.0698415997 
380.622 17.0698415997 
381.491 17.0698415997 
382.36 17.0698415997 
383.229 17.0698415997 
384.098 17.0698415997 
384.967 17.0698415997 
385.836 17.0698415997 
386.705 17.0698415997 
387.574 17.0698415997 
388.443 17.0698415997 
389.312 17.0698415997 
390.181 17.0698415997 
391.05 17.0698415997 
391.919 17.0698415997 
392.788 17.0698415997 
393.657 17.0698415997 
394.526 4.79006234157 
395.395 4.79006234157 
396.264 4.79006234157 
397.133 4.79006234157 
398.002 4.79006234157 
398.871 4.79006234157 
399.74 4.79006234157 
400.609 4.79006234157 
401.478 4.52121680035 
402.347 4.52121680035 
403.216 4.52121680035 
404.085 4.52121680035 
404.954 4.26746039992 
405.823 4.26746039992 
406.692 4.26746039992 
407.561 4.26746039992 
408.43 4.26746039992 
409.299 4.02794625187 
410.168 4.02794625187 
411.037 4.02794625187 
411.906 17.0698415997 
412.775 17.0698415997 
413.644 16.1117850075 
414.513 16.1117850075 
415.382 16.1117850075 
416.251 16.1117850075 
417.12 16.1117850075 
417.989 16.1117850075 
418.858 16.1117850075 
419.727 16.1117850075 
420.596 16.1117850075 
421.465 16.1117850075 
422.334 16.1117850075 
423.203 16.1117850075 
424.072 16.1117850075 
424.941 16.1117850075 
425.81 16.1117850075 
426.679 16.1117850075 
427.548 16.1117850075 
428.417 16.1117850075 
429.286 16.1117850075 
430.155 16.1117850075 
431.024 16.1117850075 
431.893 17.0698415997 
432.762 17.0698415997 
433.631 17.0698415997 
434.5 17.0698415997 
435.369 17.0698415997 
436.238 17.0698415997 
437.107 17.0698415997 
437.976 17.0698415997 
438.845 17.0698415997 
439.714 17.0698415997 
440.583 17.0698415997 
441.452 17.0698415997 
442.321 17.0698415997 
443.19 17.0698415997 
444.059 17.0698415997 
444.928 17.0698415997 
445.797 17.0698415997 
446.666 17.0698415997 
447.535 17.0698415997 
448.404 17.0698415997 
449.273 17.0698415997 
450.142 17.0698415997 
451.011 17.0698415997 
451.88 17.0698415997 
452.749 3.801875 
453.618 3.801875 
454.487 3.801875 
455.356 24.1404014978 
456.225 24.1404014978 
457.094 24.1404014978 
457.963 24.1404014978 
458.832 24.1404014978 
459.701 24.1404014978 
460.57 24.1404014978 
461.439 24.1404014978 
462.308 24.1404014978 
463.177 24.1404014978 
464.046 24.1404014978 
464.915 24.1404014978 
465.784 24.1404014978 
466.653 24.1404014978 
467.522 24.1404014978 
468.391 24.1404014978 
469.26 24.1404014978 
470.129 24.1404014978 
470.998 24.1404014978 
471.867 24.1404014978 
472.736 24.1404014978 
473.605 24.1404014978 
474.474 24.1404014978 
475.343 24.1404014978 
476.212 24.1404014978 
477.081 24.1404014978 
477.95 24.1404014978 
478.819 24.1404014978 
479.688 24.1404014978 
480.557 24.1404014978 
481.426 24.1404014978 
482.295 24.1404014978 
483.164 24.1404014978 
484.033 24.1404014978 
484.902 24.1404014978 
485.771 24.1404014978 
486.64 24.1404014978 
487.509 19.1602493663 
488.378 19.1602493663 
489.247 19.1602493663 
490.116 19.1602493663 
490.985 19.1602493663 
491.854 19.1602493663 
492.723 19.1602493663 
493.592 19.1602493663 
494.461 19.1602493663 
495.33 19.1602493663 
496.199 19.1602493663 
497.068 19.1602493663 
497.937 19.1602493663 
498.806 19.1602493663 
499.675 19.1602493663 
500.544 19.1602493663 
501.413 19.1602493663 
502.282 19.1602493663 
503.151 19.1602493663 
504.02 19.1602493663 
504.889 19.1602493663 
505.758 19.1602493663 
506.627 19.1602493663 
507.496 19.1602493663 
508.365 19.1602493663 
509.234 19.1602493663 
510.103 19.1602493663 
510.972 19.1602493663 
511.841 19.1602493663 
512.71 19.1602493663 
513.579 19.1602493663 
514.448 19.1602493663 
515.317 19.1602493663 
516.186 19.1602493663 
517.055 19.1602493663 
517.924 19.1602493663 
518.793 19.1602493663 
519.662 19.1602493663 
520.531 19.1602493663 
521.4 19.1602493663 
522.269 19.1602493663 
523.138 19.1602493663 
524.007 19.1602493663 
524.876 19.1602493663 
525.745 19.1602493663 
526.614 19.1602493663 
527.483 19.1602493663 
528.352 19.1602493663 
529.221 19.1602493663 
530.09 19.1602493663 
530.959 19.1602493663 
531.828 19.1602493663 
532.697 19.1602493663 
533.566 19.1602493663 
534.435 18.0848672014 
535.304 18.0848672014 
536.173 18.0848672014 
537.042 18.0848672014 
537.911 18.0848672014 
538.78 18.0848672014 
539.649 18.0848672014 
540.518 18.0848672014 
541.387 18.0848672014 
542.256 18.0848672014 
543.125 18.0848672014 
543.994 18.0848672014 
544.863 18.0848672014 
545.732 18.0848672014 
546.601 18.0848672014 
547.47 18.0848672014 
548.339 18.0848672014 
549.208 18.0848672014 
550.077 18.0848672014 
550.946 18.0848672014 
551.815 18.0848672014 
552.684 18.0848672014 
553.553 18.0848672014 
554.422 18.0848672014 
555.291 18.0848672014 
556.16 18.0848672014 
557.029 18.0848672014 
557.898 18.0848672014 
558.767 18.0848672014 
559.636 18.0848672014 
560.505 18.0848672014 
561.374 18.0848672014 
562.243 18.0848672014 
563.112 18.0848672014 
563.981 18.0848672014 
564.85 18.0848672014 
565.719 18.0848672014 
566.588 18.0848672014 
567.457 17.0698415997 
568.326 17.0698415997 
569.195 17.0698415997 
570.064 17.0698415997 
570.933 17.0698415997 
571.802 17.0698415997 
572.671 17.0698415997 
573.54 17.0698415997 
574.409 17.0698415997 
575.278 17.0698415997 
576.147 17.0698415997 
577.016 17.0698415997 
577.885 17.0698415997 
578.754 17.0698415997 
579.623 17.0698415997 
580.492 17.0698415997 
581.361 17.0698415997 
582.23 17.0698415997 
583.099 17.0698415997 
583.968 17.0698415997 
584.837 17.0698415997 
585.706 17.0698415997 
586.575 17.0698415997 
587.444 17.0698415997 
588.313 17.0698415997 
589.182 17.0698415997 
590.051 17.0698415997 
590.92 17.0698415997 
591.789 16.1117850075 
592.658 16.1117850075 
593.527 16.1117850075 
594.396 16.1117850075 
595.265 16.1117850075 
596.134 16.1117850075 
597.003 16.1117850075 
597.872 16.1117850075 
598.741 16.1117850075 
599.61 16.1117850075 
600.479 16.1117850075 
601.348 16.1117850075 
602.217 16.1117850075 
603.086 16.1117850075 
603.955 16.1117850075 
604.824 16.1117850075 
605.693 16.1117850075 
606.562 16.1117850075 
607.431 16.1117850075 
