0.0 6.29030176177 
0.869 6.29030176177 
1.738 6.29030176177 
2.607 6.29030176177 
3.476 6.29030176177 
4.345 6.29030176177 
5.214 6.29030176177 
6.083 6.29030176177 
6.952 6.29030176177 
7.821 6.29030176177 
8.69 6.29030176177 
9.559 6.29030176177 
10.428 6.66434256898 
11.297 6.66434256898 
12.166 6.66434256898 
13.035 6.66434256898 
13.904 9.98523163383 
14.773 9.98523163383 
15.642 9.98523163383 
16.511 9.98523163383 
17.38 9.98523163383 
18.249 9.98523163383 
19.118 9.98523163383 
19.987 9.98523163383 
20.856 9.98523163383 
21.725 9.98523163383 
22.594 9.98523163383 
23.463 9.98523163383 
24.332 9.98523163383 
25.201 9.98523163383 
26.07 9.98523163383 
26.939 9.98523163383 
27.808 9.98523163383 
28.677 9.98523163383 
29.546 9.98523163383 
30.415 9.98523163383 
31.284 9.98523163383 
32.153 9.98523163383 
33.022 9.98523163383 
33.891 9.98523163383 
34.76 9.98523163383 
35.629 9.98523163383 
36.498 9.98523163383 
37.367 9.98523163383 
38.236 9.98523163383 
39.105 9.98523163383 
39.974 9.98523163383 
40.843 9.98523163383 
41.712 9.98523163383 
42.581 9.98523163383 
43.45 9.98523163383 
44.319 9.98523163383 
45.188 9.98523163383 
46.057 9.98523163383 
46.926 9.98523163383 
47.795 9.98523163383 
48.664 9.98523163383 
49.533 9.98523163383 
50.402 9.98523163383 
51.271 9.98523163383 
52.14 9.98523163383 
53.009 9.42480364535 
53.878 9.42480364535 
54.747 9.42480364535 
55.616 9.42480364535 
56.485 9.42480364535 
57.354 9.42480364535 
58.223 9.42480364535 
59.092 9.42480364535 
59.961 9.42480364535 
60.83 9.42480364535 
61.699 9.42480364535 
62.568 9.42480364535 
63.437 9.42480364535 
64.306 9.42480364535 
65.175 9.42480364535 
66.044 9.42480364535 
66.913 9.42480364535 
67.782 9.42480364535 
68.651 9.42480364535 
69.52 9.42480364535 
70.389 9.42480364535 
71.258 18.8496072907 
72.127 18.8496072907 
72.996 18.8496072907 
73.865 18.8496072907 
74.734 18.8496072907 
75.603 18.8496072907 
76.472 18.8496072907 
77.341 18.8496072907 
78.21 18.8496072907 
79.079 18.8496072907 
79.948 18.8496072907 
80.817 18.8496072907 
81.686 18.8496072907 
82.555 17.7916601258 
83.424 17.7916601258 
84.293 17.7916601258 
85.162 17.7916601258 
86.031 17.7916601258 
86.9 17.7916601258 
87.769 17.7916601258 
88.638 17.7916601258 
89.507 17.7916601258 
90.376 17.7916601258 
91.245 17.7916601258 
92.114 17.7916601258 
92.983 17.7916601258 
93.852 17.7916601258 
94.721 17.7916601258 
95.59 17.7916601258 
96.459 17.7916601258 
97.328 17.7916601258 
98.197 17.7916601258 
99.066 17.7916601258 
99.935 17.7916601258 
100.804 17.7916601258 
101.673 17.7916601258 
102.542 17.7916601258 
103.411 17.7916601258 
104.28 17.7916601258 
105.149 17.7916601258 
106.018 17.7916601258 
106.887 17.7916601258 
107.756 17.7916601258 
108.625 17.7916601258 
109.494 17.7916601258 
110.363 17.7916601258 
111.232 17.7916601258 
112.101 17.7916601258 
112.97 17.7916601258 
113.839 17.7916601258 
114.708 17.7916601258 
115.577 17.7916601258 
116.446 17.7916601258 
117.315 17.7916601258 
118.184 17.7916601258 
119.053 17.7916601258 
119.922 17.7916601258 
120.791 17.7916601258 
121.66 17.7916601258 
122.529 17.7916601258 
123.398 17.7916601258 
124.267 17.7916601258 
125.136 17.7916601258 
126.005 17.7916601258 
126.874 17.7916601258 
127.743 17.7916601258 
128.612 17.7916601258 
129.481 17.7916601258 
130.35 17.7916601258 
131.219 17.7916601258 
132.088 17.7916601258 
132.957 17.7916601258 
133.826 17.7916601258 
134.695 17.7916601258 
135.564 17.7916601258 
136.433 17.7916601258 
137.302 17.7916601258 
138.171 17.7916601258 
139.04 17.7916601258 
139.909 17.7916601258 
140.778 17.7916601258 
141.647 17.7916601258 
142.516 17.7916601258 
143.385 17.7916601258 
144.254 17.7916601258 
145.123 17.7916601258 
145.992 17.7916601258 
146.861 17.7916601258 
147.73 17.7916601258 
148.599 17.7916601258 
149.468 17.7916601258 
150.337 17.7916601258 
151.206 17.7916601258 
152.075 17.7916601258 
152.944 17.7916601258 
153.813 17.7916601258 
154.682 17.7916601258 
155.551 17.7916601258 
156.42 17.7916601258 
157.289 17.7916601258 
158.158 17.7916601258 
159.027 17.7916601258 
159.896 17.7916601258 
160.765 17.7916601258 
161.634 17.7916601258 
162.503 17.7916601258 
163.372 17.7916601258 
164.241 17.7916601258 
165.11 17.7916601258 
165.979 17.7916601258 
166.848 17.7916601258 
167.717 17.7916601258 
168.586 17.7916601258 
169.455 17.7916601258 
170.324 17.7916601258 
171.193 17.7916601258 
172.062 17.7916601258 
172.931 17.7916601258 
173.8 17.7916601258 
174.669 17.7916601258 
175.538 16.7930909727 
176.407 16.7930909727 
177.276 16.7930909727 
178.145 16.7930909727 
179.014 16.7930909727 
179.883 16.7930909727 
180.752 16.7930909727 
181.621 16.7930909727 
182.49 16.7930909727 
183.359 16.7930909727 
184.228 16.7930909727 
185.097 16.7930909727 
185.966 16.7930909727 
186.835 16.7930909727 
187.704 16.7930909727 
188.573 16.7930909727 
189.442 16.7930909727 
190.311 16.7930909727 
191.18 16.7930909727 
192.049 16.7930909727 
192.918 16.7930909727 
193.787 16.7930909727 
194.656 16.7930909727 
195.525 16.7930909727 
196.394 16.7930909727 
197.263 16.7930909727 
198.132 16.7930909727 
199.001 16.7930909727 
199.87 16.7930909727 
200.739 16.7930909727 
201.608 16.7930909727 
202.477 16.7930909727 
203.346 16.7930909727 
204.215 16.7930909727 
205.084 16.7930909727 
205.953 16.7930909727 
206.822 16.7930909727 
207.691 16.7930909727 
208.56 16.7930909727 
209.429 16.7930909727 
210.298 16.7930909727 
211.167 16.7930909727 
212.036 16.7930909727 
212.905 16.7930909727 
213.774 16.7930909727 
214.643 16.7930909727 
215.512 16.7930909727 
216.381 16.7930909727 
217.25 16.7930909727 
218.119 16.7930909727 
218.988 16.7930909727 
219.857 16.7930909727 
220.726 16.7930909727 
221.595 16.7930909727 
222.464 16.7930909727 
223.333 16.7930909727 
224.202 16.7930909727 
225.071 16.7930909727 
225.94 16.7930909727 
226.809 16.7930909727 
227.678 16.7930909727 
228.547 16.7930909727 
229.416 16.7930909727 
230.285 16.7930909727 
231.154 16.7930909727 
232.023 17.7916601258 
232.892 17.7916601258 
233.761 17.7916601258 
234.63 17.7916601258 
235.499 17.7916601258 
236.368 17.7916601258 
237.237 17.7916601258 
238.106 17.7916601258 
238.975 17.7916601258 
239.844 17.7916601258 
240.713 17.7916601258 
241.582 17.7916601258 
242.451 17.7916601258 
243.32 17.7916601258 
244.189 17.7916601258 
245.058 17.7916601258 
245.927 17.7916601258 
246.796 17.7916601258 
247.665 17.7916601258 
248.534 17.7916601258 
249.403 17.7916601258 
250.272 17.7916601258 
251.141 17.7916601258 
252.01 17.7916601258 
252.879 17.7916601258 
253.748 17.7916601258 
254.617 17.7916601258 
255.486 17.7916601258 
256.355 17.7916601258 
257.224 17.7916601258 
258.093 17.7916601258 
258.962 17.7916601258 
259.831 17.7916601258 
260.7 17.7916601258 
261.569 17.7916601258 
262.438 17.7916601258 
263.307 17.7916601258 
264.176 17.7916601258 
265.045 17.7916601258 
265.914 17.7916601258 
266.783 17.7916601258 
267.652 17.7916601258 
268.521 17.7916601258 
269.39 17.7916601258 
270.259 17.7916601258 
271.128 17.7916601258 
271.997 17.7916601258 
272.866 17.7916601258 
273.735 17.7916601258 
274.604 17.7916601258 
275.473 17.7916601258 
276.342 16.7930909727 
277.211 16.7930909727 
278.08 16.7930909727 
278.949 16.7930909727 
279.818 16.7930909727 
280.687 16.7930909727 
281.556 16.7930909727 
282.425 16.7930909727 
283.294 16.7930909727 
284.163 16.7930909727 
285.032 16.7930909727 
285.901 16.7930909727 
286.77 16.7930909727 
287.639 16.7930909727 
288.508 16.7930909727 
289.377 16.7930909727 
290.246 16.7930909727 
291.115 16.7930909727 
291.984 16.7930909727 
292.853 16.7930909727 
293.722 16.7930909727 
294.591 16.7930909727 
295.46 16.7930909727 
296.329 16.7930909727 
297.198 16.7930909727 
298.067 16.7930909727 
298.936 16.7930909727 
299.805 16.7930909727 
300.674 16.7930909727 
301.543 16.7930909727 
302.412 16.7930909727 
303.281 16.7930909727 
304.15 16.7930909727 
305.019 16.7930909727 
305.888 16.7930909727 
306.757 16.7930909727 
307.626 16.7930909727 
308.495 16.7930909727 
309.364 16.7930909727 
310.233 16.7930909727 
311.102 16.7930909727 
311.971 16.7930909727 
312.84 16.7930909727 
313.709 16.7930909727 
314.578 16.7930909727 
315.447 16.7930909727 
316.316 16.7930909727 
317.185 16.7930909727 
318.054 16.7930909727 
318.923 16.7930909727 
319.792 16.7930909727 
320.661 16.7930909727 
321.53 16.7930909727 
322.399 16.7930909727 
323.268 16.7930909727 
324.137 16.7930909727 
325.006 16.7930909727 
325.875 16.7930909727 
326.744 16.7930909727 
327.613 16.7930909727 
328.482 16.7930909727 
329.351 16.7930909727 
330.22 16.7930909727 
331.089 16.7930909727 
331.958 16.7930909727 
332.827 16.7930909727 
333.696 16.7930909727 
334.565 16.7930909727 
335.434 16.7930909727 
336.303 16.7930909727 
337.172 16.7930909727 
338.041 16.7930909727 
338.91 16.7930909727 
339.779 16.7930909727 
340.648 22.4160871051 
341.517 23.7490170078 
342.386 23.7490170078 
343.255 23.7490170078 
344.124 23.7490170078 
344.993 23.7490170078 
345.862 23.7490170078 
346.731 23.7490170078 
347.6 23.7490170078 
348.469 23.7490170078 
349.338 23.7490170078 
350.207 23.7490170078 
351.076 23.7490170078 
351.945 23.7490170078 
352.814 23.7490170078 
353.683 23.7490170078 
354.552 23.7490170078 
355.421 23.7490170078 
356.29 23.7490170078 
357.159 23.7490170078 
358.028 23.7490170078 
358.897 23.7490170078 
359.766 23.7490170078 
360.635 23.7490170078 
361.504 23.7490170078 
362.373 23.7490170078 
363.242 23.7490170078 
364.111 23.7490170078 
364.98 23.7490170078 
365.849 23.7490170078 
366.718 23.7490170078 
367.587 3.96264179992 
368.456 3.96264179992 
369.325 3.96264179992 
370.194 3.96264179992 
371.063 3.96264179992 
371.932 3.96264179992 
372.801 3.96264179992 
373.67 3.96264179992 
374.539 3.96264179992 
375.408 3.96264179992 
376.277 3.96264179992 
377.146 3.96264179992 
378.015 3.96264179992 
378.884 3.96264179992 
379.753 3.96264179992 
380.622 3.96264179992 
381.491 3.96264179992 
382.36 3.96264179992 
383.229 3.96264179992 
384.098 4.19827274318 
384.967 4.19827274318 
385.836 4.19827274318 
386.705 4.19827274318 
387.574 23.7490170078 
388.443 23.7490170078 
389.312 23.7490170078 
390.181 23.7490170078 
391.05 23.7490170078 
391.919 23.7490170078 
392.788 23.7490170078 
393.657 23.7490170078 
394.526 23.7490170078 
395.395 23.7490170078 
396.264 23.7490170078 
397.133 23.7490170078 
398.002 23.7490170078 
398.871 23.7490170078 
399.74 23.7490170078 
400.609 23.7490170078 
401.478 18.8496072907 
402.347 18.8496072907 
403.216 5.60402177628 
404.085 5.60402177628 
404.954 5.60402177628 
405.823 5.60402177628 
406.692 5.60402177628 
407.561 5.60402177628 
408.43 5.60402177628 
409.299 5.60402177628 
410.168 5.60402177628 
411.037 5.60402177628 
411.906 5.60402177628 
412.775 5.60402177628 
413.644 5.60402177628 
414.513 5.60402177628 
415.382 17.7916601258 
416.251 17.7916601258 
417.12 17.7916601258 
417.989 17.7916601258 
418.858 17.7916601258 
419.727 17.7916601258 
420.596 4.71240182267 
421.465 4.71240182267 
422.334 4.71240182267 
423.203 4.71240182267 
424.072 4.71240182267 
424.941 4.71240182267 
425.81 4.71240182267 
426.679 4.71240182267 
427.548 17.7916601258 
428.417 17.7916601258 
429.286 17.7916601258 
430.155 17.7916601258 
431.024 17.7916601258 
431.893 17.7916601258 
432.762 16.7930909727 
433.631 16.7930909727 
434.5 16.7930909727 
435.369 16.7930909727 
436.238 16.7930909727 
437.107 16.7930909727 
437.976 16.7930909727 
438.845 16.7930909727 
439.714 16.7930909727 
440.583 16.7930909727 
441.452 16.7930909727 
442.321 16.7930909727 
443.19 16.7930909727 
444.059 16.7930909727 
444.928 16.7930909727 
445.797 16.7930909727 
446.666 16.7930909727 
447.535 16.7930909727 
448.404 16.7930909727 
449.273 16.7930909727 
450.142 16.7930909727 
451.011 16.7930909727 
451.88 16.7930909727 
452.749 16.7930909727 
453.618 16.7930909727 
454.487 16.7930909727 
455.356 16.7930909727 
456.225 16.7930909727 
457.094 16.7930909727 
457.963 16.7930909727 
458.832 16.7930909727 
459.701 16.7930909727 
460.57 16.7930909727 
461.439 16.7930909727 
462.308 16.7930909727 
463.177 16.7930909727 
464.046 16.7930909727 
464.915 16.7930909727 
465.784 16.7930909727 
466.653 16.7930909727 
467.522 16.7930909727 
468.391 16.7930909727 
469.26 16.7930909727 
470.129 16.7930909727 
470.998 16.7930909727 
471.867 16.7930909727 
472.736 16.7930909727 
473.605 16.7930909727 
474.474 16.7930909727 
475.343 16.7930909727 
476.212 16.7930909727 
477.081 16.7930909727 
477.95 16.7930909727 
478.819 16.7930909727 
479.688 16.7930909727 
480.557 16.7930909727 
481.426 16.7930909727 
482.295 16.7930909727 
483.164 16.7930909727 
484.033 16.7930909727 
484.902 16.7930909727 
485.771 16.7930909727 
486.64 16.7930909727 
487.509 16.7930909727 
488.378 16.7930909727 
489.247 16.7930909727 
490.116 16.7930909727 
490.985 16.7930909727 
491.854 16.7930909727 
492.723 16.7930909727 
493.592 16.7930909727 
494.461 16.7930909727 
495.33 16.7930909727 
496.199 16.7930909727 
497.068 16.7930909727 
497.937 16.7930909727 
498.806 16.7930909727 
499.675 16.7930909727 
500.544 16.7930909727 
501.413 16.7930909727 
502.282 16.7930909727 
503.151 16.7930909727 
504.02 16.7930909727 
504.889 16.7930909727 
505.758 16.7930909727 
506.627 16.7930909727 
507.496 16.7930909727 
508.365 16.7930909727 
509.234 16.7930909727 
510.103 16.7930909727 
510.972 16.7930909727 
511.841 16.7930909727 
512.71 16.7930909727 
513.579 16.7930909727 
514.448 16.7930909727 
515.317 16.7930909727 
516.186 16.7930909727 
517.055 16.7930909727 
517.924 16.7930909727 
518.793 16.7930909727 
519.662 16.7930909727 
520.531 16.7930909727 
521.4 16.7930909727 
522.269 16.7930909727 
523.138 16.7930909727 
524.007 16.7930909727 
524.876 16.7930909727 
525.745 16.7930909727 
526.614 17.7916601258 
527.483 17.7916601258 
528.352 17.7916601258 
529.221 17.7916601258 
530.09 5.28949220234 
530.959 5.28949220234 
531.828 5.28949220234 
532.697 5.28949220234 
533.566 5.28949220234 
534.435 5.28949220234 
535.304 5.28949220234 
536.173 5.28949220234 
537.042 5.28949220234 
537.911 5.28949220234 
538.78 5.28949220234 
539.649 5.28949220234 
540.518 5.28949220234 
541.387 5.28949220234 
542.256 5.28949220234 
543.125 5.28949220234 
543.994 5.28949220234 
544.863 5.28949220234 
545.732 5.28949220234 
546.601 5.28949220234 
547.47 5.28949220234 
548.339 5.28949220234 
549.208 5.28949220234 
550.077 5.28949220234 
550.946 5.28949220234 
551.815 5.28949220234 
552.684 5.28949220234 
553.553 5.28949220234 
554.422 5.28949220234 
555.291 5.28949220234 
556.16 5.60402177628 
557.029 5.60402177628 
557.898 5.60402177628 
558.767 5.60402177628 
559.636 5.60402177628 
560.505 5.60402177628 
561.374 5.60402177628 
562.243 5.60402177628 
563.112 5.60402177628 
563.981 6.29030176177 
