0.0 16.7930909727 
0.869 4.71240182267 
1.738 4.71240182267 
2.607 4.71240182267 
3.476 4.71240182267 
4.345 4.71240182267 
5.214 3.74023580531 
6.083 3.74023580531 
6.952 3.74023580531 
7.821 3.74023580531 
8.69 3.74023580531 
9.559 3.74023580531 
10.428 3.74023580531 
11.297 3.74023580531 
12.166 3.74023580531 
13.035 3.74023580531 
13.904 3.74023580531 
14.773 3.74023580531 
15.642 3.96264179992 
16.511 3.96264179992 
17.38 3.96264179992 
18.249 3.96264179992 
19.118 3.96264179992 
19.987 6.66434256898 
20.856 6.66434256898 
21.725 6.66434256898 
22.594 6.66434256898 
23.463 6.66434256898 
24.332 6.66434256898 
25.201 6.66434256898 
26.07 6.66434256898 
26.939 6.66434256898 
27.808 6.66434256898 
28.677 6.66434256898 
29.546 6.66434256898 
30.415 6.66434256898 
31.284 6.66434256898 
32.153 6.66434256898 
33.022 6.66434256898 
33.891 6.66434256898 
34.76 6.66434256898 
35.629 6.66434256898 
36.498 6.66434256898 
37.367 6.66434256898 
38.236 6.66434256898 
39.105 6.66434256898 
39.974 6.66434256898 
40.843 6.66434256898 
41.712 6.66434256898 
42.581 6.66434256898 
43.45 6.66434256898 
44.319 6.66434256898 
45.188 6.66434256898 
46.057 6.66434256898 
46.926 6.66434256898 
47.795 6.66434256898 
48.664 6.66434256898 
49.533 6.66434256898 
50.402 6.66434256898 
51.271 6.66434256898 
52.14 6.66434256898 
53.009 16.7930909727 
53.878 16.7930909727 
54.747 16.7930909727 
55.616 16.7930909727 
56.485 16.7930909727 
57.354 16.7930909727 
58.223 16.7930909727 
59.092 16.7930909727 
59.961 16.7930909727 
60.83 16.7930909727 
61.699 16.7930909727 
62.568 16.7930909727 
63.437 16.7930909727 
64.306 16.7930909727 
65.175 16.7930909727 
66.044 16.7930909727 
66.913 16.7930909727 
67.782 16.7930909727 
68.651 16.7930909727 
69.52 16.7930909727 
70.389 16.7930909727 
71.258 16.7930909727 
72.127 16.7930909727 
72.996 16.7930909727 
73.865 16.7930909727 
74.734 16.7930909727 
75.603 16.7930909727 
76.472 16.7930909727 
77.341 16.7930909727 
78.21 16.7930909727 
79.079 16.7930909727 
79.948 16.7930909727 
80.817 16.7930909727 
81.686 16.7930909727 
82.555 16.7930909727 
83.424 16.7930909727 
84.293 16.7930909727 
85.162 16.7930909727 
86.031 16.7930909727 
86.9 16.7930909727 
87.769 16.7930909727 
88.638 16.7930909727 
89.507 16.7930909727 
90.376 16.7930909727 
91.245 16.7930909727 
92.114 16.7930909727 
92.983 16.7930909727 
93.852 16.7930909727 
94.721 16.7930909727 
95.59 16.7930909727 
96.459 16.7930909727 
97.328 16.7930909727 
98.197 16.7930909727 
99.066 16.7930909727 
99.935 16.7930909727 
100.804 16.7930909727 
101.673 16.7930909727 
102.542 16.7930909727 
103.411 16.7930909727 
104.28 16.7930909727 
105.149 16.7930909727 
106.018 16.7930909727 
106.887 16.7930909727 
107.756 16.7930909727 
108.625 16.7930909727 
109.494 16.7930909727 
110.363 16.7930909727 
111.232 16.7930909727 
112.101 16.7930909727 
112.97 16.7930909727 
113.839 16.7930909727 
114.708 16.7930909727 
115.577 16.7930909727 
116.446 16.7930909727 
117.315 16.7930909727 
118.184 16.7930909727 
119.053 16.7930909727 
119.922 16.7930909727 
120.791 16.7930909727 
121.66 16.7930909727 
122.529 16.7930909727 
123.398 16.7930909727 
124.267 16.7930909727 
125.136 16.7930909727 
126.005 16.7930909727 
126.874 16.7930909727 
127.743 16.7930909727 
128.612 16.7930909727 
129.481 16.7930909727 
130.35 16.7930909727 
131.219 16.7930909727 
132.088 16.7930909727 
132.957 16.7930909727 
133.826 16.7930909727 
134.695 16.7930909727 
135.564 16.7930909727 
136.433 16.7930909727 
137.302 16.7930909727 
138.171 16.7930909727 
139.04 16.7930909727 
139.909 16.7930909727 
140.778 16.7930909727 
141.647 16.7930909727 
142.516 16.7930909727 
143.385 16.7930909727 
144.254 16.7930909727 
145.123 16.7930909727 
145.992 16.7930909727 
146.861 16.7930909727 
147.73 16.7930909727 
148.599 16.7930909727 
149.468 16.7930909727 
150.337 16.7930909727 
151.206 16.7930909727 
152.075 16.7930909727 
152.944 16.7930909727 
153.813 16.7930909727 
154.682 16.7930909727 
155.551 16.7930909727 
156.42 16.7930909727 
157.289 16.7930909727 
158.158 16.7930909727 
159.027 16.7930909727 
159.896 16.7930909727 
160.765 16.7930909727 
161.634 16.7930909727 
162.503 16.7930909727 
163.372 16.7930909727 
164.241 16.7930909727 
165.11 16.7930909727 
165.979 16.7930909727 
166.848 16.7930909727 
167.717 16.7930909727 
168.586 16.7930909727 
169.455 16.7930909727 
170.324 16.7930909727 
171.193 16.7930909727 
172.062 16.7930909727 
172.931 16.7930909727 
173.8 16.7930909727 
174.669 16.7930909727 
175.538 16.7930909727 
176.407 16.7930909727 
177.276 16.7930909727 
178.145 16.7930909727 
179.014 17.7916601258 
179.883 17.7916601258 
180.752 17.7916601258 
181.621 17.7916601258 
182.49 17.7916601258 
183.359 17.7916601258 
184.228 17.7916601258 
185.097 17.7916601258 
185.966 17.7916601258 
186.835 17.7916601258 
187.704 17.7916601258 
188.573 17.7916601258 
189.442 17.7916601258 
190.311 17.7916601258 
191.18 17.7916601258 
192.049 17.7916601258 
192.918 17.7916601258 
193.787 17.7916601258 
194.656 17.7916601258 
195.525 17.7916601258 
196.394 17.7916601258 
197.263 17.7916601258 
198.132 17.7916601258 
199.001 17.7916601258 
199.87 17.7916601258 
200.739 17.7916601258 
201.608 17.7916601258 
202.477 17.7916601258 
203.346 17.7916601258 
204.215 17.7916601258 
205.084 17.7916601258 
205.953 17.7916601258 
206.822 17.7916601258 
207.691 17.7916601258 
208.56 17.7916601258 
209.429 17.7916601258 
210.298 17.7916601258 
211.167 17.7916601258 
212.036 17.7916601258 
212.905 17.7916601258 
213.774 17.7916601258 
214.643 17.7916601258 
215.512 17.7916601258 
216.381 17.7916601258 
217.25 17.7916601258 
218.119 17.7916601258 
218.988 17.7916601258 
219.857 17.7916601258 
220.726 17.7916601258 
221.595 17.7916601258 
222.464 17.7916601258 
223.333 17.7916601258 
224.202 17.7916601258 
225.071 17.7916601258 
225.94 17.7916601258 
226.809 17.7916601258 
227.678 17.7916601258 
228.547 17.7916601258 
229.416 17.7916601258 
230.285 17.7916601258 
231.154 17.7916601258 
232.023 17.7916601258 
232.892 17.7916601258 
233.761 17.7916601258 
234.63 17.7916601258 
235.499 17.7916601258 
236.368 17.7916601258 
237.237 17.7916601258 
238.106 17.7916601258 
238.975 17.7916601258 
239.844 17.7916601258 
240.713 17.7916601258 
241.582 17.7916601258 
242.451 17.7916601258 
243.32 17.7916601258 
244.189 17.7916601258 
245.058 17.7916601258 
245.927 17.7916601258 
246.796 17.7916601258 
247.665 17.7916601258 
248.534 17.7916601258 
249.403 17.7916601258 
250.272 17.7916601258 
251.141 17.7916601258 
252.01 17.7916601258 
252.879 17.7916601258 
253.748 17.7916601258 
254.617 17.7916601258 
255.486 17.7916601258 
256.355 17.7916601258 
257.224 17.7916601258 
258.093 17.7916601258 
258.962 17.7916601258 
259.831 17.7916601258 
260.7 17.7916601258 
261.569 17.7916601258 
262.438 17.7916601258 
263.307 17.7916601258 
264.176 17.7916601258 
265.045 17.7916601258 
265.914 17.7916601258 
266.783 17.7916601258 
267.652 17.7916601258 
268.521 17.7916601258 
269.39 17.7916601258 
270.259 17.7916601258 
271.128 17.7916601258 
271.997 17.7916601258 
272.866 17.7916601258 
273.735 17.7916601258 
274.604 17.7916601258 
275.473 17.7916601258 
276.342 17.7916601258 
277.211 17.7916601258 
278.08 17.7916601258 
278.949 17.7916601258 
279.818 17.7916601258 
280.687 17.7916601258 
281.556 17.7916601258 
282.425 17.7916601258 
283.294 17.7916601258 
284.163 17.7916601258 
285.032 17.7916601258 
285.901 17.7916601258 
286.77 17.7916601258 
287.639 17.7916601258 
288.508 17.7916601258 
289.377 17.7916601258 
290.246 17.7916601258 
291.115 17.7916601258 
291.984 17.7916601258 
292.853 17.7916601258 
293.722 17.7916601258 
294.591 17.7916601258 
295.46 17.7916601258 
296.329 17.7916601258 
297.198 17.7916601258 
298.067 17.7916601258 
298.936 17.7916601258 
299.805 17.7916601258 
300.674 17.7916601258 
301.543 17.7916601258 
302.412 17.7916601258 
303.281 17.7916601258 
304.15 17.7916601258 
305.019 17.7916601258 
305.888 17.7916601258 
306.757 17.7916601258 
307.626 17.7916601258 
308.495 17.7916601258 
309.364 17.7916601258 
310.233 17.7916601258 
311.102 17.7916601258 
311.971 17.7916601258 
312.84 17.7916601258 
313.709 17.7916601258 
314.578 17.7916601258 
315.447 17.7916601258 
316.316 17.7916601258 
317.185 17.7916601258 
318.054 17.7916601258 
318.923 17.7916601258 
319.792 17.7916601258 
320.661 17.7916601258 
321.53 17.7916601258 
322.399 17.7916601258 
323.268 17.7916601258 
324.137 17.7916601258 
325.006 17.7916601258 
325.875 17.7916601258 
326.744 17.7916601258 
327.613 17.7916601258 
328.482 17.7916601258 
329.351 17.7916601258 
330.22 17.7916601258 
331.089 17.7916601258 
331.958 17.7916601258 
332.827 17.7916601258 
333.696 17.7916601258 
334.565 17.7916601258 
335.434 17.7916601258 
336.303 17.7916601258 
337.172 17.7916601258 
338.041 17.7916601258 
338.91 17.7916601258 
339.779 17.7916601258 
340.648 17.7916601258 
341.517 17.7916601258 
342.386 17.7916601258 
343.255 17.7916601258 
344.124 17.7916601258 
344.993 17.7916601258 
345.862 17.7916601258 
346.731 17.7916601258 
347.6 17.7916601258 
348.469 17.7916601258 
349.338 17.7916601258 
350.207 17.7916601258 
351.076 17.7916601258 
351.945 17.7916601258 
352.814 17.7916601258 
353.683 17.7916601258 
354.552 17.7916601258 
355.421 17.7916601258 
356.29 17.7916601258 
357.159 17.7916601258 
358.028 17.7916601258 
358.897 17.7916601258 
359.766 17.7916601258 
360.635 17.7916601258 
361.504 17.7916601258 
362.373 17.7916601258 
363.242 17.7916601258 
364.111 17.7916601258 
364.98 17.7916601258 
365.849 17.7916601258 
366.718 17.7916601258 
367.587 17.7916601258 
368.456 17.7916601258 
369.325 17.7916601258 
370.194 17.7916601258 
371.063 17.7916601258 
371.932 17.7916601258 
372.801 17.7916601258 
373.67 17.7916601258 
374.539 17.7916601258 
375.408 17.7916601258 
376.277 17.7916601258 
377.146 17.7916601258 
378.015 17.7916601258 
378.884 17.7916601258 
379.753 17.7916601258 
380.622 17.7916601258 
381.491 17.7916601258 
382.36 17.7916601258 
383.229 17.7916601258 
384.098 17.7916601258 
384.967 17.7916601258 
385.836 17.7916601258 
386.705 17.7916601258 
387.574 17.7916601258 
388.443 17.7916601258 
389.312 17.7916601258 
390.181 17.7916601258 
391.05 17.7916601258 
391.919 17.7916601258 
392.788 17.7916601258 
393.657 17.7916601258 
394.526 17.7916601258 
395.395 17.7916601258 
396.264 17.7916601258 
397.133 17.7916601258 
398.002 17.7916601258 
398.871 17.7916601258 
399.74 17.7916601258 
400.609 17.7916601258 
401.478 17.7916601258 
402.347 17.7916601258 
403.216 17.7916601258 
404.085 17.7916601258 
404.954 17.7916601258 
405.823 17.7916601258 
406.692 17.7916601258 
407.561 17.7916601258 
408.43 17.7916601258 
409.299 17.7916601258 
410.168 17.7916601258 
411.037 17.7916601258 
411.906 17.7916601258 
412.775 17.7916601258 
413.644 17.7916601258 
414.513 17.7916601258 
415.382 17.7916601258 
416.251 17.7916601258 
417.12 17.7916601258 
417.989 17.7916601258 
418.858 17.7916601258 
419.727 17.7916601258 
420.596 17.7916601258 
421.465 17.7916601258 
422.334 17.7916601258 
423.203 17.7916601258 
424.072 17.7916601258 
424.941 17.7916601258 
425.81 17.7916601258 
426.679 17.7916601258 
427.548 17.7916601258 
428.417 17.7916601258 
429.286 17.7916601258 
430.155 17.7916601258 
431.024 17.7916601258 
431.893 17.7916601258 
432.762 17.7916601258 
433.631 17.7916601258 
434.5 17.7916601258 
435.369 17.7916601258 
436.238 17.7916601258 
437.107 17.7916601258 
437.976 17.7916601258 
438.845 17.7916601258 
439.714 17.7916601258 
440.583 17.7916601258 
441.452 17.7916601258 
442.321 17.7916601258 
443.19 17.7916601258 
444.059 17.7916601258 
444.928 17.7916601258 
445.797 17.7916601258 
446.666 17.7916601258 
447.535 16.7930909727 
448.404 16.7930909727 
449.273 16.7930909727 
450.142 16.7930909727 
451.011 16.7930909727 
451.88 16.7930909727 
452.749 16.7930909727 
453.618 16.7930909727 
454.487 16.7930909727 
455.356 16.7930909727 
456.225 16.7930909727 
457.094 16.7930909727 
457.963 16.7930909727 
458.832 16.7930909727 
459.701 16.7930909727 
460.57 16.7930909727 
461.439 16.7930909727 
462.308 16.7930909727 
463.177 16.7930909727 
464.046 16.7930909727 
464.915 16.7930909727 
465.784 16.7930909727 
466.653 16.7930909727 
467.522 16.7930909727 
468.391 16.7930909727 
469.26 16.7930909727 
470.129 16.7930909727 
470.998 16.7930909727 
471.867 16.7930909727 
472.736 16.7930909727 
473.605 16.7930909727 
474.474 16.7930909727 
475.343 16.7930909727 
476.212 16.7930909727 
477.081 16.7930909727 
477.95 16.7930909727 
478.819 16.7930909727 
479.688 16.7930909727 
480.557 16.7930909727 
481.426 16.7930909727 
482.295 16.7930909727 
483.164 16.7930909727 
484.033 15.8505671997 
484.902 15.8505671997 
485.771 15.8505671997 
486.64 15.8505671997 
487.509 15.8505671997 
488.378 15.8505671997 
489.247 15.8505671997 
490.116 15.8505671997 
490.985 15.8505671997 
491.854 15.8505671997 
492.723 15.8505671997 
493.592 15.8505671997 
494.461 15.8505671997 
495.33 15.8505671997 
496.199 15.8505671997 
497.068 15.8505671997 
497.937 15.8505671997 
498.806 15.8505671997 
499.675 15.8505671997 
500.544 15.8505671997 
501.413 15.8505671997 
502.282 15.8505671997 
503.151 15.8505671997 
504.02 15.8505671997 
504.889 15.8505671997 
505.758 15.8505671997 
506.627 15.8505671997 
507.496 15.8505671997 
508.365 15.8505671997 
509.234 15.8505671997 
510.103 15.8505671997 
510.972 15.8505671997 
511.841 15.8505671997 
512.71 15.8505671997 
513.579 15.8505671997 
514.448 15.8505671997 
515.317 15.8505671997 
516.186 15.8505671997 
517.055 15.8505671997 
517.924 15.8505671997 
518.793 15.8505671997 
519.662 15.8505671997 
520.531 15.8505671997 
521.4 15.8505671997 
522.269 15.8505671997 
523.138 15.8505671997 
524.007 15.8505671997 
524.876 15.8505671997 
525.745 15.8505671997 
526.614 15.8505671997 
527.483 15.8505671997 
528.352 15.8505671997 
529.221 15.8505671997 
530.09 15.8505671997 
530.959 15.8505671997 
531.828 15.8505671997 
532.697 15.8505671997 
533.566 15.8505671997 
534.435 15.8505671997 
535.304 15.8505671997 
536.173 15.8505671997 
537.042 15.8505671997 
537.911 15.8505671997 
538.78 15.8505671997 
539.649 15.8505671997 
540.518 15.8505671997 
541.387 15.8505671997 
542.256 15.8505671997 
543.125 15.8505671997 
543.994 15.8505671997 
544.863 15.8505671997 
545.732 15.8505671997 
546.601 15.8505671997 
547.47 15.8505671997 
548.339 15.8505671997 
549.208 15.8505671997 
550.077 15.8505671997 
550.946 15.8505671997 
551.815 15.8505671997 
552.684 15.8505671997 
553.553 15.8505671997 
554.422 15.8505671997 
555.291 15.8505671997 
556.16 15.8505671997 
557.029 15.8505671997 
557.898 15.8505671997 
558.767 15.8505671997 
559.636 15.8505671997 
560.505 15.8505671997 
561.374 15.8505671997 
562.243 15.8505671997 
563.112 15.8505671997 
563.981 15.8505671997 
