0.0 4.71240182267 
0.869 4.99261581692 
1.738 4.99261581692 
2.607 4.99261581692 
3.476 4.99261581692 
4.345 4.99261581692 
5.214 4.99261581692 
6.083 4.99261581692 
6.952 4.99261581692 
7.821 4.99261581692 
8.69 4.99261581692 
9.559 11.2080435526 
10.428 11.2080435526 
11.297 11.2080435526 
12.166 11.2080435526 
13.035 3.5303125 
13.904 3.5303125 
14.773 3.5303125 
15.642 3.5303125 
16.511 3.5303125 
17.38 3.5303125 
18.249 3.5303125 
19.118 3.5303125 
19.987 3.5303125 
20.856 3.5303125 
21.725 3.5303125 
22.594 3.5303125 
23.463 3.5303125 
24.332 3.5303125 
25.201 3.5303125 
26.07 3.5303125 
26.939 3.5303125 
27.808 3.5303125 
28.677 3.5303125 
29.546 3.5303125 
30.415 3.5303125 
31.284 3.5303125 
32.153 5.93725425195 
33.022 6.29030176177 
33.891 6.29030176177 
34.76 6.29030176177 
35.629 6.29030176177 
36.498 6.29030176177 
37.367 6.29030176177 
38.236 6.29030176177 
39.105 6.29030176177 
39.974 6.29030176177 
40.843 6.29030176177 
41.712 6.29030176177 
42.581 6.29030176177 
43.45 6.29030176177 
44.319 6.29030176177 
45.188 6.29030176177 
46.057 6.29030176177 
46.926 6.29030176177 
47.795 6.29030176177 
48.664 6.29030176177 
49.533 5.93725425195 
50.402 5.93725425195 
51.271 5.93725425195 
52.14 5.93725425195 
53.009 5.93725425195 
53.878 5.93725425195 
54.747 5.93725425195 
55.616 5.93725425195 
56.485 5.93725425195 
57.354 5.93725425195 
58.223 5.93725425195 
59.092 5.93725425195 
59.961 5.60402177628 
60.83 5.60402177628 
61.699 5.60402177628 
62.568 5.60402177628 
63.437 5.60402177628 
64.306 5.60402177628 
65.175 5.60402177628 
66.044 5.60402177628 
66.913 5.60402177628 
67.782 5.60402177628 
68.651 5.60402177628 
69.52 5.60402177628 
70.389 5.60402177628 
71.258 5.60402177628 
72.127 5.60402177628 
72.996 5.60402177628 
73.865 5.60402177628 
74.734 5.60402177628 
75.603 5.60402177628 
76.472 5.60402177628 
77.341 5.60402177628 
78.21 5.60402177628 
79.079 17.7916601258 
79.948 17.7916601258 
80.817 17.7916601258 
81.686 17.7916601258 
82.555 17.7916601258 
83.424 17.7916601258 
84.293 17.7916601258 
85.162 17.7916601258 
86.031 17.7916601258 
86.9 18.8496072907 
87.769 18.8496072907 
88.638 18.8496072907 
89.507 18.8496072907 
90.376 18.8496072907 
91.245 18.8496072907 
92.114 18.8496072907 
92.983 18.8496072907 
93.852 18.8496072907 
94.721 18.8496072907 
95.59 18.8496072907 
96.459 18.8496072907 
97.328 18.8496072907 
98.197 18.8496072907 
99.066 18.8496072907 
99.935 18.8496072907 
100.804 18.8496072907 
101.673 18.8496072907 
102.542 18.8496072907 
103.411 18.8496072907 
104.28 18.8496072907 
105.149 18.8496072907 
106.018 18.8496072907 
106.887 18.8496072907 
107.756 17.7916601258 
108.625 17.7916601258 
109.494 17.7916601258 
110.363 17.7916601258 
111.232 17.7916601258 
112.101 17.7916601258 
112.97 17.7916601258 
113.839 17.7916601258 
114.708 17.7916601258 
115.577 17.7916601258 
116.446 17.7916601258 
117.315 17.7916601258 
118.184 17.7916601258 
119.053 17.7916601258 
119.922 17.7916601258 
120.791 17.7916601258 
121.66 17.7916601258 
122.529 17.7916601258 
123.398 17.7916601258 
124.267 17.7916601258 
125.136 17.7916601258 
126.005 17.7916601258 
126.874 17.7916601258 
127.743 17.7916601258 
128.612 17.7916601258 
129.481 17.7916601258 
130.35 17.7916601258 
131.219 17.7916601258 
132.088 17.7916601258 
132.957 17.7916601258 
133.826 17.7916601258 
134.695 17.7916601258 
135.564 17.7916601258 
136.433 17.7916601258 
137.302 17.7916601258 
138.171 17.7916601258 
139.04 17.7916601258 
139.909 17.7916601258 
140.778 17.7916601258 
141.647 17.7916601258 
142.516 17.7916601258 
143.385 17.7916601258 
144.254 17.7916601258 
145.123 17.7916601258 
145.992 17.7916601258 
146.861 17.7916601258 
147.73 17.7916601258 
148.599 17.7916601258 
149.468 17.7916601258 
150.337 17.7916601258 
151.206 17.7916601258 
152.075 17.7916601258 
152.944 17.7916601258 
153.813 17.7916601258 
154.682 17.7916601258 
155.551 17.7916601258 
156.42 17.7916601258 
157.289 17.7916601258 
158.158 17.7916601258 
159.027 17.7916601258 
159.896 17.7916601258 
160.765 17.7916601258 
161.634 17.7916601258 
162.503 17.7916601258 
163.372 17.7916601258 
164.241 17.7916601258 
165.11 17.7916601258 
165.979 17.7916601258 
166.848 17.7916601258 
167.717 17.7916601258 
168.586 17.7916601258 
169.455 17.7916601258 
170.324 16.7930909727 
171.193 16.7930909727 
172.062 16.7930909727 
172.931 16.7930909727 
173.8 16.7930909727 
174.669 16.7930909727 
175.538 16.7930909727 
176.407 16.7930909727 
177.276 16.7930909727 
178.145 16.7930909727 
179.014 16.7930909727 
179.883 16.7930909727 
180.752 16.7930909727 
181.621 16.7930909727 
182.49 16.7930909727 
183.359 16.7930909727 
184.228 16.7930909727 
185.097 16.7930909727 
185.966 16.7930909727 
186.835 16.7930909727 
187.704 16.7930909727 
188.573 16.7930909727 
189.442 16.7930909727 
190.311 16.7930909727 
191.18 16.7930909727 
192.049 16.7930909727 
192.918 16.7930909727 
193.787 16.7930909727 
194.656 16.7930909727 
195.525 16.7930909727 
196.394 16.7930909727 
197.263 16.7930909727 
198.132 16.7930909727 
199.001 16.7930909727 
199.87 16.7930909727 
200.739 16.7930909727 
201.608 16.7930909727 
202.477 16.7930909727 
203.346 16.7930909727 
204.215 16.7930909727 
205.084 16.7930909727 
205.953 17.7916601258 
206.822 17.7916601258 
207.691 17.7916601258 
208.56 17.7916601258 
209.429 17.7916601258 
210.298 17.7916601258 
211.167 17.7916601258 
212.036 17.7916601258 
212.905 17.7916601258 
213.774 17.7916601258 
214.643 17.7916601258 
215.512 17.7916601258 
216.381 17.7916601258 
217.25 17.7916601258 
218.119 17.7916601258 
218.988 17.7916601258 
219.857 17.7916601258 
220.726 17.7916601258 
221.595 17.7916601258 
222.464 17.7916601258 
223.333 17.7916601258 
224.202 17.7916601258 
225.071 17.7916601258 
225.94 17.7916601258 
226.809 17.7916601258 
227.678 17.7916601258 
228.547 17.7916601258 
229.416 17.7916601258 
230.285 17.7916601258 
231.154 17.7916601258 
232.023 17.7916601258 
232.892 17.7916601258 
233.761 17.7916601258 
234.63 17.7916601258 
235.499 17.7916601258 
236.368 17.7916601258 
237.237 17.7916601258 
238.106 17.7916601258 
238.975 17.7916601258 
239.844 17.7916601258 
240.713 17.7916601258 
241.582 17.7916601258 
242.451 17.7916601258 
243.32 17.7916601258 
244.189 17.7916601258 
245.058 17.7916601258 
245.927 17.7916601258 
246.796 17.7916601258 
247.665 17.7916601258 
248.534 17.7916601258 
249.403 17.7916601258 
250.272 17.7916601258 
251.141 17.7916601258 
252.01 17.7916601258 
252.879 17.7916601258 
253.748 17.7916601258 
254.617 17.7916601258 
255.486 17.7916601258 
256.355 17.7916601258 
257.224 17.7916601258 
258.093 17.7916601258 
258.962 17.7916601258 
259.831 17.7916601258 
260.7 17.7916601258 
261.569 17.7916601258 
262.438 17.7916601258 
263.307 17.7916601258 
264.176 17.7916601258 
265.045 17.7916601258 
265.914 17.7916601258 
266.783 17.7916601258 
267.652 17.7916601258 
268.521 17.7916601258 
269.39 17.7916601258 
270.259 17.7916601258 
271.128 17.7916601258 
271.997 17.7916601258 
272.866 17.7916601258 
273.735 17.7916601258 
274.604 17.7916601258 
275.473 17.7916601258 
276.342 17.7916601258 
277.211 17.7916601258 
278.08 17.7916601258 
278.949 17.7916601258 
279.818 17.7916601258 
280.687 17.7916601258 
281.556 17.7916601258 
282.425 17.7916601258 
283.294 17.7916601258 
284.163 17.7916601258 
285.032 17.7916601258 
285.901 17.7916601258 
286.77 17.7916601258 
287.639 17.7916601258 
288.508 17.7916601258 
289.377 17.7916601258 
290.246 17.7916601258 
291.115 17.7916601258 
291.984 17.7916601258 
292.853 17.7916601258 
293.722 17.7916601258 
294.591 17.7916601258 
295.46 17.7916601258 
296.329 17.7916601258 
297.198 17.7916601258 
298.067 17.7916601258 
298.936 17.7916601258 
299.805 17.7916601258 
300.674 17.7916601258 
301.543 17.7916601258 
302.412 17.7916601258 
303.281 17.7916601258 
304.15 17.7916601258 
305.019 17.7916601258 
305.888 17.7916601258 
306.757 17.7916601258 
307.626 17.7916601258 
308.495 17.7916601258 
309.364 17.7916601258 
310.233 17.7916601258 
311.102 17.7916601258 
311.971 17.7916601258 
312.84 17.7916601258 
313.709 17.7916601258 
314.578 17.7916601258 
315.447 17.7916601258 
316.316 17.7916601258 
317.185 17.7916601258 
318.054 17.7916601258 
318.923 17.7916601258 
319.792 17.7916601258 
320.661 17.7916601258 
321.53 17.7916601258 
322.399 17.7916601258 
323.268 17.7916601258 
324.137 17.7916601258 
325.006 17.7916601258 
325.875 17.7916601258 
326.744 17.7916601258 
327.613 17.7916601258 
328.482 17.7916601258 
329.351 17.7916601258 
330.22 17.7916601258 
331.089 17.7916601258 
331.958 17.7916601258 
332.827 17.7916601258 
333.696 17.7916601258 
334.565 17.7916601258 
335.434 17.7916601258 
336.303 17.7916601258 
337.172 17.7916601258 
338.041 17.7916601258 
338.91 17.7916601258 
339.779 17.7916601258 
340.648 17.7916601258 
341.517 17.7916601258 
342.386 17.7916601258 
343.255 17.7916601258 
344.124 17.7916601258 
344.993 17.7916601258 
345.862 17.7916601258 
346.731 17.7916601258 
347.6 17.7916601258 
348.469 17.7916601258 
349.338 17.7916601258 
350.207 17.7916601258 
351.076 17.7916601258 
351.945 17.7916601258 
352.814 17.7916601258 
353.683 17.7916601258 
354.552 17.7916601258 
355.421 17.7916601258 
356.29 17.7916601258 
357.159 17.7916601258 
358.028 17.7916601258 
358.897 17.7916601258 
359.766 17.7916601258 
360.635 17.7916601258 
361.504 17.7916601258 
362.373 17.7916601258 
363.242 17.7916601258 
364.111 17.7916601258 
364.98 17.7916601258 
365.849 17.7916601258 
366.718 17.7916601258 
367.587 17.7916601258 
368.456 18.8496072907 
369.325 18.8496072907 
370.194 18.8496072907 
371.063 18.8496072907 
371.932 18.8496072907 
372.801 18.8496072907 
373.67 18.8496072907 
374.539 18.8496072907 
375.408 18.8496072907 
376.277 18.8496072907 
377.146 18.8496072907 
378.015 18.8496072907 
378.884 18.8496072907 
379.753 18.8496072907 
380.622 18.8496072907 
381.491 18.8496072907 
382.36 18.8496072907 
383.229 18.8496072907 
384.098 18.8496072907 
384.967 18.8496072907 
385.836 18.8496072907 
386.705 18.8496072907 
387.574 18.8496072907 
388.443 18.8496072907 
389.312 18.8496072907 
390.181 18.8496072907 
391.05 18.8496072907 
391.919 18.8496072907 
392.788 19.9704632677 
393.657 19.9704632677 
394.526 19.9704632677 
395.395 19.9704632677 
396.264 19.9704632677 
397.133 19.9704632677 
398.002 19.9704632677 
398.871 19.9704632677 
399.74 19.9704632677 
400.609 19.9704632677 
401.478 19.9704632677 
402.347 19.9704632677 
403.216 19.9704632677 
404.085 19.9704632677 
404.954 19.9704632677 
405.823 19.9704632677 
406.692 19.9704632677 
407.561 19.9704632677 
408.43 19.9704632677 
409.299 19.9704632677 
410.168 19.9704632677 
411.037 19.9704632677 
411.906 19.9704632677 
412.775 19.9704632677 
413.644 19.9704632677 
414.513 19.9704632677 
415.382 19.9704632677 
416.251 19.9704632677 
417.12 19.9704632677 
417.989 19.9704632677 
418.858 19.9704632677 
419.727 19.9704632677 
420.596 19.9704632677 
421.465 19.9704632677 
422.334 18.8496072907 
423.203 18.8496072907 
424.072 18.8496072907 
424.941 18.8496072907 
425.81 18.8496072907 
426.679 18.8496072907 
427.548 18.8496072907 
428.417 18.8496072907 
429.286 18.8496072907 
430.155 18.8496072907 
431.024 18.8496072907 
431.893 18.8496072907 
432.762 18.8496072907 
433.631 18.8496072907 
434.5 18.8496072907 
435.369 18.8496072907 
436.238 18.8496072907 
437.107 18.8496072907 
437.976 18.8496072907 
438.845 18.8496072907 
439.714 18.8496072907 
440.583 18.8496072907 
441.452 18.8496072907 
442.321 18.8496072907 
443.19 17.7916601258 
444.059 17.7916601258 
444.928 17.7916601258 
445.797 17.7916601258 
446.666 17.7916601258 
447.535 17.7916601258 
448.404 17.7916601258 
449.273 17.7916601258 
450.142 17.7916601258 
451.011 17.7916601258 
451.88 17.7916601258 
452.749 17.7916601258 
453.618 17.7916601258 
454.487 17.7916601258 
455.356 17.7916601258 
456.225 17.7916601258 
457.094 17.7916601258 
457.963 17.7916601258 
458.832 17.7916601258 
459.701 17.7916601258 
460.57 17.7916601258 
461.439 17.7916601258 
462.308 17.7916601258 
463.177 17.7916601258 
464.046 17.7916601258 
464.915 17.7916601258 
465.784 17.7916601258 
466.653 17.7916601258 
467.522 17.7916601258 
468.391 17.7916601258 
469.26 17.7916601258 
470.129 17.7916601258 
470.998 17.7916601258 
471.867 17.7916601258 
472.736 17.7916601258 
473.605 17.7916601258 
474.474 17.7916601258 
475.343 17.7916601258 
476.212 17.7916601258 
477.081 17.7916601258 
477.95 17.7916601258 
478.819 17.7916601258 
479.688 17.7916601258 
480.557 17.7916601258 
481.426 17.7916601258 
482.295 17.7916601258 
483.164 17.7916601258 
484.033 17.7916601258 
484.902 17.7916601258 
485.771 17.7916601258 
486.64 17.7916601258 
487.509 17.7916601258 
488.378 17.7916601258 
489.247 17.7916601258 
490.116 16.7930909727 
490.985 16.7930909727 
491.854 16.7930909727 
492.723 16.7930909727 
493.592 16.7930909727 
494.461 16.7930909727 
495.33 16.7930909727 
496.199 16.7930909727 
497.068 16.7930909727 
497.937 16.7930909727 
498.806 16.7930909727 
499.675 16.7930909727 
500.544 16.7930909727 
501.413 16.7930909727 
502.282 16.7930909727 
503.151 16.7930909727 
504.02 16.7930909727 
504.889 16.7930909727 
505.758 16.7930909727 
506.627 16.7930909727 
507.496 16.7930909727 
508.365 16.7930909727 
509.234 17.7916601258 
510.103 17.7916601258 
510.972 17.7916601258 
511.841 17.7916601258 
512.71 17.7916601258 
513.579 17.7916601258 
514.448 17.7916601258 
515.317 17.7916601258 
516.186 17.7916601258 
517.055 17.7916601258 
517.924 17.7916601258 
518.793 17.7916601258 
519.662 17.7916601258 
520.531 17.7916601258 
521.4 17.7916601258 
522.269 17.7916601258 
523.138 17.7916601258 
524.007 17.7916601258 
524.876 17.7916601258 
525.745 17.7916601258 
526.614 17.7916601258 
527.483 17.7916601258 
528.352 17.7916601258 
529.221 17.7916601258 
530.09 17.7916601258 
530.959 17.7916601258 
531.828 17.7916601258 
532.697 17.7916601258 
533.566 17.7916601258 
534.435 17.7916601258 
535.304 17.7916601258 
536.173 17.7916601258 
537.042 17.7916601258 
537.911 17.7916601258 
538.78 16.7930909727 
539.649 16.7930909727 
540.518 16.7930909727 
541.387 16.7930909727 
542.256 16.7930909727 
543.125 16.7930909727 
543.994 16.7930909727 
544.863 16.7930909727 
545.732 16.7930909727 
546.601 16.7930909727 
547.47 16.7930909727 
548.339 16.7930909727 
549.208 16.7930909727 
550.077 16.7930909727 
550.946 16.7930909727 
551.815 16.7930909727 
552.684 16.7930909727 
553.553 16.7930909727 
554.422 16.7930909727 
555.291 16.7930909727 
556.16 16.7930909727 
557.029 16.7930909727 
557.898 4.71240182267 
558.767 4.71240182267 
559.636 4.71240182267 
560.505 4.71240182267 
561.374 4.71240182267 
562.243 4.71240182267 
563.112 4.71240182267 
563.981 4.71240182267 
