0.0 18.8496072907 
0.869 9.98523163383 
1.738 9.98523163383 
2.607 9.98523163383 
3.476 9.98523163383 
4.345 9.98523163383 
5.214 9.98523163383 
6.083 9.98523163383 
6.952 9.98523163383 
7.821 9.98523163383 
8.69 9.98523163383 
9.559 9.98523163383 
10.428 9.98523163383 
11.297 9.98523163383 
12.166 9.98523163383 
13.035 9.98523163383 
13.904 9.98523163383 
14.773 9.98523163383 
15.642 9.98523163383 
16.511 9.98523163383 
17.38 9.98523163383 
18.249 9.98523163383 
19.118 9.98523163383 
19.987 9.98523163383 
20.856 9.98523163383 
21.725 9.98523163383 
22.594 9.98523163383 
23.463 9.98523163383 
24.332 9.98523163383 
25.201 9.98523163383 
26.07 9.98523163383 
26.939 9.98523163383 
27.808 9.98523163383 
28.677 18.8496072907 
29.546 18.8496072907 
30.415 18.8496072907 
31.284 18.8496072907 
32.153 17.7916601258 
33.022 5.28949220234 
33.891 5.28949220234 
34.76 5.28949220234 
35.629 5.28949220234 
36.498 17.7916601258 
37.367 17.7916601258 
38.236 17.7916601258 
39.105 3.5303125 
39.974 3.5303125 
40.843 3.5303125 
41.712 3.5303125 
42.581 3.5303125 
43.45 3.5303125 
44.319 3.5303125 
45.188 3.5303125 
46.057 3.5303125 
46.926 3.5303125 
47.795 3.74023580531 
48.664 3.74023580531 
49.533 3.74023580531 
50.402 3.5303125 
51.271 3.5303125 
52.14 17.7916601258 
53.009 17.7916601258 
53.878 17.7916601258 
54.747 17.7916601258 
55.616 17.7916601258 
56.485 17.7916601258 
57.354 17.7916601258 
58.223 17.7916601258 
59.092 17.7916601258 
59.961 17.7916601258 
60.83 17.7916601258 
61.699 17.7916601258 
62.568 17.7916601258 
63.437 17.7916601258 
64.306 17.7916601258 
65.175 17.7916601258 
66.044 17.7916601258 
66.913 17.7916601258 
67.782 17.7916601258 
68.651 17.7916601258 
69.52 17.7916601258 
70.389 17.7916601258 
71.258 17.7916601258 
72.127 17.7916601258 
72.996 17.7916601258 
73.865 17.7916601258 
74.734 17.7916601258 
75.603 17.7916601258 
76.472 17.7916601258 
77.341 17.7916601258 
78.21 17.7916601258 
79.079 17.7916601258 
79.948 17.7916601258 
80.817 17.7916601258 
81.686 17.7916601258 
82.555 17.7916601258 
83.424 17.7916601258 
84.293 17.7916601258 
85.162 17.7916601258 
86.031 17.7916601258 
86.9 17.7916601258 
87.769 17.7916601258 
88.638 17.7916601258 
89.507 17.7916601258 
90.376 17.7916601258 
91.245 17.7916601258 
92.114 17.7916601258 
92.983 17.7916601258 
93.852 17.7916601258 
94.721 17.7916601258 
95.59 17.7916601258 
96.459 17.7916601258 
97.328 17.7916601258 
98.197 17.7916601258 
99.066 17.7916601258 
99.935 17.7916601258 
100.804 17.7916601258 
101.673 17.7916601258 
102.542 17.7916601258 
103.411 17.7916601258 
104.28 17.7916601258 
105.149 17.7916601258 
106.018 17.7916601258 
106.887 17.7916601258 
107.756 17.7916601258 
108.625 17.7916601258 
109.494 17.7916601258 
110.363 17.7916601258 
111.232 17.7916601258 
112.101 17.7916601258 
112.97 17.7916601258 
113.839 17.7916601258 
114.708 17.7916601258 
115.577 17.7916601258 
116.446 17.7916601258 
117.315 17.7916601258 
118.184 17.7916601258 
119.053 17.7916601258 
119.922 17.7916601258 
120.791 17.7916601258 
121.66 17.7916601258 
122.529 17.7916601258 
123.398 17.7916601258 
124.267 17.7916601258 
125.136 17.7916601258 
126.005 17.7916601258 
126.874 17.7916601258 
127.743 17.7916601258 
128.612 17.7916601258 
129.481 17.7916601258 
130.35 17.7916601258 
131.219 17.7916601258 
132.088 17.7916601258 
132.957 17.7916601258 
133.826 17.7916601258 
134.695 17.7916601258 
135.564 17.7916601258 
136.433 17.7916601258 
137.302 17.7916601258 
138.171 17.7916601258 
139.04 17.7916601258 
139.909 17.7916601258 
140.778 16.7930909727 
141.647 16.7930909727 
142.516 16.7930909727 
143.385 16.7930909727 
144.254 16.7930909727 
145.123 16.7930909727 
145.992 16.7930909727 
146.861 16.7930909727 
147.73 16.7930909727 
148.599 16.7930909727 
149.468 16.7930909727 
150.337 16.7930909727 
151.206 16.7930909727 
152.075 16.7930909727 
152.944 16.7930909727 
153.813 16.7930909727 
154.682 16.7930909727 
155.551 16.7930909727 
156.42 16.7930909727 
157.289 16.7930909727 
158.158 16.7930909727 
159.027 16.7930909727 
159.896 16.7930909727 
160.765 16.7930909727 
161.634 16.7930909727 
162.503 16.7930909727 
163.372 16.7930909727 
164.241 16.7930909727 
165.11 16.7930909727 
165.979 16.7930909727 
166.848 16.7930909727 
167.717 16.7930909727 
168.586 16.7930909727 
169.455 16.7930909727 
170.324 16.7930909727 
171.193 16.7930909727 
172.062 16.7930909727 
172.931 16.7930909727 
173.8 16.7930909727 
174.669 16.7930909727 
175.538 16.7930909727 
176.407 16.7930909727 
177.276 16.7930909727 
178.145 16.7930909727 
179.014 16.7930909727 
179.883 16.7930909727 
180.752 16.7930909727 
181.621 16.7930909727 
182.49 16.7930909727 
183.359 16.7930909727 
184.228 16.7930909727 
185.097 16.7930909727 
185.966 16.7930909727 
186.835 16.7930909727 
187.704 16.7930909727 
188.573 16.7930909727 
189.442 16.7930909727 
190.311 16.7930909727 
191.18 16.7930909727 
192.049 16.7930909727 
192.918 16.7930909727 
193.787 16.7930909727 
194.656 16.7930909727 
195.525 16.7930909727 
196.394 16.7930909727 
197.263 16.7930909727 
198.132 16.7930909727 
199.001 16.7930909727 
199.87 16.7930909727 
200.739 16.7930909727 
201.608 16.7930909727 
202.477 16.7930909727 
203.346 16.7930909727 
204.215 16.7930909727 
205.084 16.7930909727 
205.953 16.7930909727 
206.822 16.7930909727 
207.691 16.7930909727 
208.56 16.7930909727 
209.429 16.7930909727 
210.298 16.7930909727 
211.167 16.7930909727 
212.036 16.7930909727 
212.905 16.7930909727 
213.774 16.7930909727 
214.643 16.7930909727 
215.512 16.7930909727 
216.381 16.7930909727 
217.25 16.7930909727 
218.119 16.7930909727 
218.988 16.7930909727 
219.857 16.7930909727 
220.726 16.7930909727 
221.595 16.7930909727 
222.464 16.7930909727 
223.333 16.7930909727 
224.202 16.7930909727 
225.071 17.7916601258 
225.94 17.7916601258 
226.809 17.7916601258 
227.678 17.7916601258 
228.547 17.7916601258 
229.416 17.7916601258 
230.285 17.7916601258 
231.154 17.7916601258 
232.023 17.7916601258 
232.892 17.7916601258 
233.761 17.7916601258 
234.63 17.7916601258 
235.499 17.7916601258 
236.368 17.7916601258 
237.237 17.7916601258 
238.106 17.7916601258 
238.975 17.7916601258 
239.844 17.7916601258 
240.713 17.7916601258 
241.582 17.7916601258 
242.451 17.7916601258 
243.32 17.7916601258 
244.189 17.7916601258 
245.058 17.7916601258 
245.927 17.7916601258 
246.796 17.7916601258 
247.665 17.7916601258 
248.534 17.7916601258 
249.403 17.7916601258 
250.272 17.7916601258 
251.141 17.7916601258 
252.01 17.7916601258 
252.879 17.7916601258 
253.748 17.7916601258 
254.617 17.7916601258 
255.486 17.7916601258 
256.355 18.8496072907 
257.224 18.8496072907 
258.093 18.8496072907 
258.962 18.8496072907 
259.831 18.8496072907 
260.7 18.8496072907 
261.569 18.8496072907 
262.438 18.8496072907 
263.307 18.8496072907 
264.176 18.8496072907 
265.045 18.8496072907 
265.914 18.8496072907 
266.783 18.8496072907 
267.652 18.8496072907 
268.521 18.8496072907 
269.39 18.8496072907 
270.259 18.8496072907 
271.128 18.8496072907 
271.997 18.8496072907 
272.866 18.8496072907 
273.735 18.8496072907 
274.604 18.8496072907 
275.473 18.8496072907 
276.342 18.8496072907 
277.211 18.8496072907 
278.08 18.8496072907 
278.949 18.8496072907 
279.818 18.8496072907 
280.687 18.8496072907 
281.556 18.8496072907 
282.425 18.8496072907 
283.294 18.8496072907 
284.163 18.8496072907 
285.032 18.8496072907 
285.901 18.8496072907 
286.77 18.8496072907 
287.639 18.8496072907 
288.508 18.8496072907 
289.377 18.8496072907 
290.246 18.8496072907 
291.115 18.8496072907 
291.984 18.8496072907 
292.853 18.8496072907 
293.722 18.8496072907 
294.591 18.8496072907 
295.46 18.8496072907 
296.329 18.8496072907 
297.198 18.8496072907 
298.067 18.8496072907 
298.936 18.8496072907 
299.805 18.8496072907 
300.674 18.8496072907 
301.543 18.8496072907 
302.412 18.8496072907 
303.281 17.7916601258 
304.15 17.7916601258 
305.019 17.7916601258 
305.888 17.7916601258 
306.757 17.7916601258 
307.626 17.7916601258 
308.495 17.7916601258 
309.364 17.7916601258 
310.233 17.7916601258 
311.102 17.7916601258 
311.971 17.7916601258 
312.84 17.7916601258 
313.709 17.7916601258 
314.578 17.7916601258 
315.447 17.7916601258 
316.316 17.7916601258 
317.185 17.7916601258 
318.054 17.7916601258 
318.923 17.7916601258 
319.792 17.7916601258 
320.661 17.7916601258 
321.53 17.7916601258 
322.399 17.7916601258 
323.268 17.7916601258 
324.137 17.7916601258 
325.006 17.7916601258 
325.875 17.7916601258 
326.744 17.7916601258 
327.613 17.7916601258 
328.482 17.7916601258 
329.351 17.7916601258 
330.22 17.7916601258 
331.089 17.7916601258 
331.958 17.7916601258 
332.827 17.7916601258 
333.696 18.8496072907 
334.565 18.8496072907 
335.434 18.8496072907 
336.303 18.8496072907 
337.172 18.8496072907 
338.041 18.8496072907 
338.91 18.8496072907 
339.779 18.8496072907 
340.648 18.8496072907 
341.517 18.8496072907 
342.386 18.8496072907 
343.255 18.8496072907 
344.124 18.8496072907 
344.993 18.8496072907 
345.862 18.8496072907 
346.731 18.8496072907 
347.6 18.8496072907 
348.469 18.8496072907 
349.338 18.8496072907 
350.207 18.8496072907 
351.076 18.8496072907 
351.945 18.8496072907 
352.814 18.8496072907 
353.683 18.8496072907 
354.552 18.8496072907 
355.421 18.8496072907 
356.29 18.8496072907 
357.159 18.8496072907 
358.028 18.8496072907 
358.897 18.8496072907 
359.766 18.8496072907 
360.635 18.8496072907 
361.504 18.8496072907 
362.373 18.8496072907 
363.242 18.8496072907 
364.111 18.8496072907 
364.98 18.8496072907 
365.849 18.8496072907 
366.718 18.8496072907 
367.587 18.8496072907 
368.456 18.8496072907 
369.325 18.8496072907 
370.194 18.8496072907 
371.063 18.8496072907 
371.932 18.8496072907 
372.801 18.8496072907 
373.67 18.8496072907 
374.539 18.8496072907 
375.408 18.8496072907 
376.277 18.8496072907 
377.146 18.8496072907 
378.015 18.8496072907 
378.884 18.8496072907 
379.753 17.7916601258 
380.622 17.7916601258 
381.491 17.7916601258 
382.36 17.7916601258 
383.229 17.7916601258 
384.098 17.7916601258 
384.967 17.7916601258 
385.836 17.7916601258 
386.705 17.7916601258 
387.574 17.7916601258 
388.443 17.7916601258 
389.312 17.7916601258 
390.181 17.7916601258 
391.05 17.7916601258 
391.919 17.7916601258 
392.788 17.7916601258 
393.657 17.7916601258 
394.526 17.7916601258 
395.395 17.7916601258 
396.264 17.7916601258 
397.133 17.7916601258 
398.002 17.7916601258 
398.871 17.7916601258 
399.74 17.7916601258 
400.609 17.7916601258 
401.478 17.7916601258 
402.347 17.7916601258 
403.216 17.7916601258 
404.085 17.7916601258 
404.954 17.7916601258 
405.823 17.7916601258 
406.692 17.7916601258 
407.561 17.7916601258 
408.43 17.7916601258 
409.299 17.7916601258 
410.168 17.7916601258 
411.037 16.7930909727 
411.906 16.7930909727 
412.775 16.7930909727 
413.644 16.7930909727 
414.513 16.7930909727 
415.382 16.7930909727 
416.251 16.7930909727 
417.12 16.7930909727 
417.989 16.7930909727 
418.858 16.7930909727 
419.727 16.7930909727 
420.596 16.7930909727 
421.465 16.7930909727 
422.334 16.7930909727 
423.203 16.7930909727 
424.072 16.7930909727 
424.941 16.7930909727 
425.81 16.7930909727 
426.679 16.7930909727 
427.548 16.7930909727 
428.417 16.7930909727 
429.286 16.7930909727 
430.155 16.7930909727 
431.024 16.7930909727 
431.893 16.7930909727 
432.762 16.7930909727 
433.631 16.7930909727 
434.5 16.7930909727 
435.369 16.7930909727 
436.238 16.7930909727 
437.107 16.7930909727 
437.976 16.7930909727 
438.845 16.7930909727 
439.714 16.7930909727 
440.583 16.7930909727 
441.452 16.7930909727 
442.321 16.7930909727 
443.19 16.7930909727 
444.059 16.7930909727 
444.928 16.7930909727 
445.797 16.7930909727 
446.666 16.7930909727 
447.535 16.7930909727 
448.404 16.7930909727 
449.273 16.7930909727 
450.142 16.7930909727 
451.011 16.7930909727 
451.88 16.7930909727 
452.749 16.7930909727 
453.618 16.7930909727 
454.487 16.7930909727 
455.356 16.7930909727 
456.225 16.7930909727 
457.094 16.7930909727 
457.963 16.7930909727 
458.832 16.7930909727 
459.701 16.7930909727 
460.57 16.7930909727 
461.439 16.7930909727 
462.308 16.7930909727 
463.177 16.7930909727 
464.046 16.7930909727 
464.915 16.7930909727 
465.784 16.7930909727 
466.653 16.7930909727 
467.522 16.7930909727 
468.391 16.7930909727 
469.26 16.7930909727 
470.129 16.7930909727 
470.998 16.7930909727 
471.867 16.7930909727 
472.736 16.7930909727 
473.605 16.7930909727 
474.474 16.7930909727 
475.343 15.8505671997 
476.212 15.8505671997 
477.081 15.8505671997 
477.95 15.8505671997 
478.819 15.8505671997 
479.688 15.8505671997 
480.557 15.8505671997 
481.426 15.8505671997 
482.295 15.8505671997 
483.164 15.8505671997 
484.033 15.8505671997 
484.902 15.8505671997 
485.771 15.8505671997 
486.64 15.8505671997 
487.509 15.8505671997 
488.378 15.8505671997 
489.247 15.8505671997 
490.116 15.8505671997 
490.985 15.8505671997 
491.854 15.8505671997 
492.723 15.8505671997 
493.592 15.8505671997 
494.461 15.8505671997 
495.33 15.8505671997 
496.199 15.8505671997 
497.068 15.8505671997 
497.937 15.8505671997 
498.806 15.8505671997 
499.675 15.8505671997 
500.544 15.8505671997 
501.413 15.8505671997 
502.282 15.8505671997 
503.151 15.8505671997 
504.02 15.8505671997 
504.889 15.8505671997 
505.758 15.8505671997 
506.627 15.8505671997 
507.496 15.8505671997 
508.365 15.8505671997 
509.234 15.8505671997 
510.103 15.8505671997 
510.972 15.8505671997 
511.841 15.8505671997 
512.71 15.8505671997 
513.579 15.8505671997 
514.448 15.8505671997 
515.317 15.8505671997 
516.186 15.8505671997 
517.055 15.8505671997 
517.924 15.8505671997 
518.793 15.8505671997 
519.662 15.8505671997 
520.531 15.8505671997 
521.4 15.8505671997 
522.269 15.8505671997 
523.138 15.8505671997 
524.007 15.8505671997 
524.876 15.8505671997 
525.745 15.8505671997 
526.614 15.8505671997 
527.483 15.8505671997 
528.352 15.8505671997 
529.221 15.8505671997 
530.09 15.8505671997 
530.959 15.8505671997 
531.828 15.8505671997 
532.697 15.8505671997 
533.566 15.8505671997 
534.435 15.8505671997 
535.304 15.8505671997 
536.173 15.8505671997 
537.042 16.7930909727 
537.911 16.7930909727 
538.78 16.7930909727 
539.649 16.7930909727 
540.518 16.7930909727 
541.387 16.7930909727 
542.256 17.7916601258 
543.125 17.7916601258 
543.994 17.7916601258 
544.863 17.7916601258 
545.732 3.5303125 
546.601 3.5303125 
547.47 3.5303125 
548.339 3.5303125 
549.208 3.5303125 
550.077 3.5303125 
550.946 3.5303125 
551.815 3.5303125 
552.684 3.5303125 
553.553 3.5303125 
554.422 3.5303125 
555.291 3.5303125 
556.16 3.5303125 
557.029 3.5303125 
557.898 17.7916601258 
558.767 17.7916601258 
559.636 17.7916601258 
560.505 17.7916601258 
561.374 17.7916601258 
562.243 18.8496072907 
563.112 18.8496072907 
563.981 18.8496072907 
