0.0 3.801875 
0.869 3.801875 
1.738 3.801875 
2.607 3.801875 
3.476 3.801875 
4.345 3.801875 
5.214 3.801875 
6.083 3.801875 
6.952 3.801875 
7.821 5.37666318745 
8.69 5.37666318745 
9.559 5.37666318745 
10.428 5.37666318745 
11.297 5.37666318745 
12.166 5.37666318745 
13.035 5.37666318745 
13.904 5.37666318745 
14.773 5.37666318745 
15.642 5.37666318745 
16.511 5.37666318745 
17.38 5.37666318745 
18.249 5.37666318745 
19.118 5.07489427057 
19.987 5.07489427057 
20.856 5.07489427057 
21.725 5.07489427057 
22.594 5.07489427057 
23.463 5.07489427057 
24.332 5.07489427057 
25.201 5.07489427057 
26.07 5.07489427057 
26.939 10.1497885411 
27.808 10.1497885411 
28.677 10.1497885411 
29.546 10.1497885411 
30.415 10.1497885411 
31.284 10.1497885411 
32.153 10.1497885411 
33.022 10.1497885411 
33.891 10.1497885411 
34.76 10.1497885411 
35.629 10.1497885411 
36.498 10.1497885411 
37.367 10.1497885411 
38.236 10.1497885411 
39.105 10.1497885411 
39.974 10.1497885411 
40.843 10.1497885411 
41.712 10.7533263749 
42.581 10.7533263749 
43.45 10.7533263749 
44.319 10.7533263749 
45.188 10.7533263749 
46.057 10.7533263749 
46.926 10.7533263749 
47.795 10.7533263749 
48.664 10.7533263749 
49.533 10.7533263749 
50.402 10.7533263749 
51.271 10.7533263749 
52.14 4.52121680035 
53.009 4.79006234157 
53.878 4.79006234157 
54.747 4.79006234157 
55.616 4.79006234157 
56.485 4.79006234157 
57.354 4.79006234157 
58.223 4.79006234157 
59.092 4.79006234157 
59.961 5.07489427057 
60.83 5.07489427057 
61.699 5.07489427057 
62.568 5.07489427057 
63.437 5.07489427057 
64.306 5.07489427057 
65.175 5.07489427057 
66.044 5.37666318745 
66.913 5.37666318745 
67.782 5.37666318745 
68.651 5.37666318745 
69.52 5.37666318745 
70.389 5.37666318745 
71.258 5.37666318745 
72.127 5.37666318745 
72.996 5.37666318745 
73.865 5.37666318745 
74.734 5.6963762179 
75.603 5.6963762179 
76.472 5.6963762179 
77.341 25.5758644699 
78.21 25.5758644699 
79.079 25.5758644699 
79.948 25.5758644699 
80.817 25.5758644699 
81.686 25.5758644699 
82.555 25.5758644699 
83.424 25.5758644699 
84.293 25.5758644699 
85.162 25.5758644699 
86.031 25.5758644699 
86.9 25.5758644699 
87.769 25.5758644699 
88.638 24.1404014978 
89.507 24.1404014978 
90.376 24.1404014978 
91.245 24.1404014978 
92.114 24.1404014978 
92.983 24.1404014978 
93.852 24.1404014978 
94.721 24.1404014978 
95.59 24.1404014978 
96.459 24.1404014978 
97.328 24.1404014978 
98.197 24.1404014978 
99.066 19.1602493663 
99.935 19.1602493663 
100.804 6.39396611749 
101.673 6.39396611749 
102.542 6.39396611749 
103.411 6.39396611749 
104.28 6.39396611749 
105.149 6.39396611749 
106.018 6.39396611749 
106.887 6.39396611749 
107.756 6.39396611749 
108.625 6.39396611749 
109.494 6.39396611749 
110.363 6.39396611749 
111.232 6.39396611749 
112.101 6.39396611749 
112.97 6.39396611749 
113.839 6.39396611749 
114.708 6.39396611749 
115.577 4.02794625187 
116.446 4.02794625187 
117.315 4.02794625187 
118.184 4.02794625187 
119.053 4.02794625187 
119.922 4.02794625187 
120.791 4.02794625187 
121.66 4.02794625187 
122.529 4.26746039992 
123.398 20.2995770823 
124.267 20.2995770823 
125.136 20.2995770823 
126.005 20.2995770823 
126.874 20.2995770823 
127.743 20.2995770823 
128.612 20.2995770823 
129.481 20.2995770823 
130.35 20.2995770823 
131.219 20.2995770823 
132.088 20.2995770823 
132.957 20.2995770823 
133.826 20.2995770823 
134.695 20.2995770823 
135.564 20.2995770823 
136.433 20.2995770823 
137.302 20.2995770823 
138.171 22.7855048716 
139.04 22.7855048716 
139.909 22.7855048716 
140.778 22.7855048716 
141.647 22.7855048716 
142.516 22.7855048716 
143.385 22.7855048716 
144.254 22.7855048716 
145.123 22.7855048716 
145.992 22.7855048716 
146.861 22.7855048716 
147.73 22.7855048716 
148.599 22.7855048716 
149.468 22.7855048716 
150.337 22.7855048716 
151.206 22.7855048716 
152.075 22.7855048716 
152.944 22.7855048716 
153.813 22.7855048716 
154.682 22.7855048716 
155.551 22.7855048716 
156.42 22.7855048716 
157.289 22.7855048716 
158.158 22.7855048716 
159.027 22.7855048716 
159.896 3.801875 
160.765 3.801875 
161.634 3.801875 
162.503 3.801875 
163.372 3.801875 
164.241 3.801875 
165.11 3.801875 
165.979 4.02794625187 
166.848 22.7855048716 
167.717 22.7855048716 
168.586 22.7855048716 
169.455 22.7855048716 
170.324 22.7855048716 
171.193 22.7855048716 
172.062 22.7855048716 
172.931 22.7855048716 
173.8 22.7855048716 
174.669 22.7855048716 
175.538 22.7855048716 
176.407 22.7855048716 
177.276 22.7855048716 
178.145 22.7855048716 
179.014 22.7855048716 
179.883 22.7855048716 
180.752 22.7855048716 
181.621 22.7855048716 
182.49 22.7855048716 
183.359 22.7855048716 
184.228 22.7855048716 
185.097 22.7855048716 
185.966 22.7855048716 
186.835 22.7855048716 
187.704 22.7855048716 
188.573 19.1602493663 
189.442 19.1602493663 
190.311 19.1602493663 
191.18 19.1602493663 
192.049 19.1602493663 
192.918 19.1602493663 
193.787 19.1602493663 
194.656 19.1602493663 
195.525 19.1602493663 
196.394 19.1602493663 
197.263 19.1602493663 
198.132 19.1602493663 
199.001 19.1602493663 
199.87 19.1602493663 
200.739 19.1602493663 
201.608 19.1602493663 
202.477 19.1602493663 
203.346 19.1602493663 
204.215 19.1602493663 
205.084 19.1602493663 
205.953 19.1602493663 
206.822 19.1602493663 
207.691 19.1602493663 
208.56 19.1602493663 
209.429 19.1602493663 
210.298 19.1602493663 
211.167 19.1602493663 
212.036 19.1602493663 
212.905 19.1602493663 
213.774 19.1602493663 
214.643 19.1602493663 
215.512 19.1602493663 
216.381 19.1602493663 
217.25 19.1602493663 
218.119 19.1602493663 
218.988 19.1602493663 
219.857 19.1602493663 
220.726 19.1602493663 
221.595 19.1602493663 
222.464 19.1602493663 
223.333 19.1602493663 
224.202 19.1602493663 
225.071 19.1602493663 
225.94 19.1602493663 
226.809 19.1602493663 
227.678 19.1602493663 
228.547 19.1602493663 
229.416 19.1602493663 
230.285 19.1602493663 
231.154 19.1602493663 
232.023 19.1602493663 
232.892 19.1602493663 
233.761 19.1602493663 
234.63 19.1602493663 
235.499 19.1602493663 
236.368 19.1602493663 
237.237 19.1602493663 
238.106 19.1602493663 
238.975 19.1602493663 
239.844 19.1602493663 
240.713 19.1602493663 
241.582 19.1602493663 
242.451 19.1602493663 
243.32 19.1602493663 
244.189 19.1602493663 
245.058 19.1602493663 
245.927 19.1602493663 
246.796 19.1602493663 
247.665 19.1602493663 
248.534 19.1602493663 
249.403 19.1602493663 
250.272 19.1602493663 
251.141 19.1602493663 
252.01 19.1602493663 
252.879 19.1602493663 
253.748 19.1602493663 
254.617 19.1602493663 
255.486 19.1602493663 
256.355 19.1602493663 
257.224 19.1602493663 
258.093 19.1602493663 
258.962 19.1602493663 
259.831 19.1602493663 
260.7 19.1602493663 
261.569 19.1602493663 
262.438 19.1602493663 
263.307 19.1602493663 
264.176 19.1602493663 
265.045 19.1602493663 
265.914 19.1602493663 
266.783 19.1602493663 
267.652 19.1602493663 
268.521 19.1602493663 
269.39 19.1602493663 
270.259 19.1602493663 
271.128 19.1602493663 
271.997 19.1602493663 
272.866 19.1602493663 
273.735 19.1602493663 
274.604 18.0848672014 
275.473 18.0848672014 
276.342 18.0848672014 
277.211 18.0848672014 
278.08 18.0848672014 
278.949 18.0848672014 
279.818 18.0848672014 
280.687 18.0848672014 
281.556 18.0848672014 
282.425 18.0848672014 
283.294 18.0848672014 
284.163 18.0848672014 
285.032 18.0848672014 
285.901 18.0848672014 
286.77 18.0848672014 
287.639 18.0848672014 
288.508 18.0848672014 
289.377 18.0848672014 
290.246 18.0848672014 
291.115 18.0848672014 
291.984 18.0848672014 
292.853 18.0848672014 
293.722 18.0848672014 
294.591 18.0848672014 
295.46 18.0848672014 
296.329 18.0848672014 
297.198 18.0848672014 
298.067 18.0848672014 
298.936 18.0848672014 
299.805 18.0848672014 
300.674 18.0848672014 
301.543 18.0848672014 
302.412 18.0848672014 
303.281 18.0848672014 
304.15 18.0848672014 
305.019 18.0848672014 
305.888 18.0848672014 
306.757 18.0848672014 
307.626 18.0848672014 
308.495 18.0848672014 
309.364 18.0848672014 
310.233 18.0848672014 
311.102 18.0848672014 
311.971 18.0848672014 
312.84 18.0848672014 
313.709 18.0848672014 
314.578 18.0848672014 
315.447 18.0848672014 
316.316 17.0698415997 
317.185 17.0698415997 
318.054 17.0698415997 
318.923 17.0698415997 
319.792 17.0698415997 
320.661 17.0698415997 
321.53 17.0698415997 
322.399 17.0698415997 
323.268 17.0698415997 
324.137 17.0698415997 
325.006 17.0698415997 
325.875 17.0698415997 
326.744 17.0698415997 
327.613 17.0698415997 
328.482 17.0698415997 
329.351 17.0698415997 
330.22 17.0698415997 
331.089 17.0698415997 
331.958 17.0698415997 
332.827 17.0698415997 
333.696 17.0698415997 
334.565 17.0698415997 
335.434 17.0698415997 
336.303 17.0698415997 
337.172 17.0698415997 
338.041 17.0698415997 
338.91 17.0698415997 
339.779 17.0698415997 
340.648 17.0698415997 
341.517 17.0698415997 
342.386 17.0698415997 
343.255 17.0698415997 
344.124 17.0698415997 
344.993 17.0698415997 
345.862 17.0698415997 
346.731 17.0698415997 
347.6 17.0698415997 
348.469 17.0698415997 
349.338 17.0698415997 
350.207 17.0698415997 
351.076 17.0698415997 
351.945 17.0698415997 
352.814 17.0698415997 
353.683 17.0698415997 
354.552 17.0698415997 
355.421 17.0698415997 
356.29 17.0698415997 
357.159 17.0698415997 
358.028 17.0698415997 
358.897 17.0698415997 
359.766 17.0698415997 
360.635 17.0698415997 
361.504 17.0698415997 
362.373 17.0698415997 
363.242 17.0698415997 
364.111 16.1117850075 
364.98 16.1117850075 
365.849 16.1117850075 
366.718 16.1117850075 
367.587 16.1117850075 
368.456 16.1117850075 
369.325 16.1117850075 
370.194 16.1117850075 
371.063 16.1117850075 
371.932 16.1117850075 
372.801 16.1117850075 
373.67 16.1117850075 
374.539 16.1117850075 
375.408 16.1117850075 
376.277 16.1117850075 
377.146 16.1117850075 
378.015 16.1117850075 
378.884 16.1117850075 
379.753 16.1117850075 
380.622 16.1117850075 
381.491 16.1117850075 
382.36 16.1117850075 
383.229 16.1117850075 
384.098 16.1117850075 
384.967 16.1117850075 
385.836 16.1117850075 
386.705 16.1117850075 
387.574 16.1117850075 
388.443 16.1117850075 
389.312 16.1117850075 
390.181 16.1117850075 
391.05 16.1117850075 
391.919 16.1117850075 
392.788 16.1117850075 
393.657 16.1117850075 
394.526 16.1117850075 
395.395 16.1117850075 
396.264 16.1117850075 
397.133 16.1117850075 
398.002 16.1117850075 
398.871 16.1117850075 
399.74 16.1117850075 
400.609 16.1117850075 
401.478 16.1117850075 
402.347 16.1117850075 
403.216 16.1117850075 
404.085 16.1117850075 
404.954 16.1117850075 
405.823 16.1117850075 
406.692 16.1117850075 
407.561 16.1117850075 
408.43 16.1117850075 
409.299 16.1117850075 
410.168 16.1117850075 
411.037 16.1117850075 
411.906 16.1117850075 
412.775 16.1117850075 
413.644 16.1117850075 
414.513 16.1117850075 
415.382 16.1117850075 
416.251 16.1117850075 
417.12 16.1117850075 
417.989 16.1117850075 
418.858 16.1117850075 
419.727 16.1117850075 
420.596 16.1117850075 
421.465 16.1117850075 
422.334 16.1117850075 
423.203 16.1117850075 
424.072 16.1117850075 
424.941 16.1117850075 
425.81 16.1117850075 
426.679 16.1117850075 
427.548 16.1117850075 
428.417 16.1117850075 
429.286 16.1117850075 
430.155 16.1117850075 
431.024 16.1117850075 
431.893 16.1117850075 
432.762 16.1117850075 
433.631 16.1117850075 
434.5 16.1117850075 
435.369 16.1117850075 
436.238 15.2075 
437.107 15.2075 
437.976 15.2075 
438.845 15.2075 
439.714 15.2075 
440.583 15.2075 
441.452 15.2075 
442.321 15.2075 
443.19 15.2075 
444.059 15.2075 
444.928 15.2075 
445.797 15.2075 
446.666 15.2075 
447.535 15.2075 
448.404 15.2075 
449.273 15.2075 
450.142 15.2075 
451.011 15.2075 
451.88 15.2075 
452.749 15.2075 
453.618 15.2075 
454.487 15.2075 
455.356 15.2075 
456.225 15.2075 
457.094 15.2075 
457.963 15.2075 
458.832 15.2075 
459.701 15.2075 
460.57 15.2075 
461.439 15.2075 
462.308 15.2075 
463.177 15.2075 
464.046 15.2075 
464.915 15.2075 
465.784 15.2075 
466.653 15.2075 
467.522 15.2075 
468.391 15.2075 
469.26 15.2075 
470.129 15.2075 
470.998 14.3539686101 
471.867 14.3539686101 
472.736 14.3539686101 
473.605 14.3539686101 
474.474 14.3539686101 
475.343 14.3539686101 
476.212 14.3539686101 
477.081 14.3539686101 
477.95 14.3539686101 
478.819 14.3539686101 
479.688 14.3539686101 
480.557 14.3539686101 
481.426 14.3539686101 
482.295 14.3539686101 
483.164 14.3539686101 
484.033 14.3539686101 
484.902 14.3539686101 
485.771 13.5483422561 
486.64 13.5483422561 
487.509 13.5483422561 
488.378 13.5483422561 
489.247 13.5483422561 
490.116 13.5483422561 
490.985 13.5483422561 
491.854 7.17698430505 
492.723 7.17698430505 
493.592 7.17698430505 
494.461 7.17698430505 
495.33 7.17698430505 
496.199 7.17698430505 
497.068 7.17698430505 
497.937 7.17698430505 
498.806 7.17698430505 
499.675 7.17698430505 
500.544 7.17698430505 
501.413 7.17698430505 
502.282 7.60375 
503.151 7.60375 
504.02 7.60375 
504.889 7.60375 
505.758 11.3927524358 
506.627 11.3927524358 
507.496 11.3927524358 
508.365 5.07489427057 
509.234 5.07489427057 
510.103 5.07489427057 
510.972 5.07489427057 
511.841 5.07489427057 
512.71 5.07489427057 
513.579 5.07489427057 
514.448 5.07489427057 
515.317 5.07489427057 
516.186 5.07489427057 
517.055 5.07489427057 
517.924 5.07489427057 
518.793 5.07489427057 
519.662 5.07489427057 
520.531 5.07489427057 
521.4 5.07489427057 
522.269 5.07489427057 
523.138 5.07489427057 
524.007 5.07489427057 
524.876 5.07489427057 
525.745 5.07489427057 
526.614 5.07489427057 
527.483 5.07489427057 
528.352 5.37666318745 
529.221 5.37666318745 
530.09 5.37666318745 
530.959 17.0698415997 
531.828 17.0698415997 
532.697 17.0698415997 
533.566 17.0698415997 
534.435 17.0698415997 
535.304 17.0698415997 
536.173 17.0698415997 
537.042 17.0698415997 
537.911 17.0698415997 
538.78 17.0698415997 
539.649 17.0698415997 
540.518 17.0698415997 
541.387 17.0698415997 
542.256 17.0698415997 
543.125 17.0698415997 
543.994 16.1117850075 
544.863 16.1117850075 
545.732 16.1117850075 
546.601 16.1117850075 
547.47 16.1117850075 
548.339 16.1117850075 
549.208 16.1117850075 
550.077 16.1117850075 
550.946 16.1117850075 
551.815 16.1117850075 
552.684 16.1117850075 
553.553 16.1117850075 
554.422 16.1117850075 
555.291 16.1117850075 
556.16 16.1117850075 
557.029 16.1117850075 
557.898 16.1117850075 
558.767 16.1117850075 
559.636 16.1117850075 
560.505 16.1117850075 
561.374 16.1117850075 
562.243 16.1117850075 
563.112 16.1117850075 
563.981 16.1117850075 
564.85 16.1117850075 
565.719 16.1117850075 
566.588 15.2075 
567.457 15.2075 
568.326 15.2075 
569.195 15.2075 
570.064 15.2075 
570.933 15.2075 
571.802 4.52121680035 
572.671 4.52121680035 
573.54 4.52121680035 
574.409 4.52121680035 
575.278 4.52121680035 
576.147 4.52121680035 
577.016 4.52121680035 
577.885 4.52121680035 
578.754 4.52121680035 
579.623 4.79006234157 
580.492 4.79006234157 
581.361 4.79006234157 
582.23 4.79006234157 
583.099 4.79006234157 
583.968 4.79006234157 
584.837 4.79006234157 
585.706 4.79006234157 
586.575 3.801875 
587.444 3.801875 
588.313 3.801875 
589.182 3.801875 
590.051 3.801875 
590.92 3.801875 
591.789 3.801875 
592.658 3.801875 
593.527 3.801875 
594.396 3.801875 
595.265 3.801875 
596.134 3.801875 
597.003 3.801875 
597.872 3.801875 
598.741 3.801875 
599.61 3.801875 
600.479 3.801875 
601.348 3.801875 
602.217 3.801875 
603.086 3.801875 
603.955 3.801875 
604.824 3.801875 
605.693 3.801875 
606.562 3.801875 
607.431 3.801875 
