0.0 15.8505671997 
0.869 15.8505671997 
1.738 15.8505671997 
2.607 3.74023580531 
3.476 3.74023580531 
4.345 3.74023580531 
5.214 3.74023580531 
6.083 3.74023580531 
6.952 3.74023580531 
7.821 3.96264179992 
8.69 3.96264179992 
9.559 3.96264179992 
10.428 3.96264179992 
11.297 3.96264179992 
12.166 3.96264179992 
13.035 4.19827274318 
13.904 4.19827274318 
14.773 4.19827274318 
15.642 4.19827274318 
16.511 4.19827274318 
17.38 4.19827274318 
18.249 4.44791503146 
19.118 4.44791503146 
19.987 4.44791503146 
20.856 4.44791503146 
21.725 4.44791503146 
22.594 4.44791503146 
23.463 4.44791503146 
24.332 4.44791503146 
25.201 4.44791503146 
26.07 4.44791503146 
26.939 4.44791503146 
27.808 4.44791503146 
28.677 4.44791503146 
29.546 4.44791503146 
30.415 4.44791503146 
31.284 4.44791503146 
32.153 4.19827274318 
33.022 4.19827274318 
33.891 4.19827274318 
34.76 4.19827274318 
35.629 4.19827274318 
36.498 4.19827274318 
37.367 4.19827274318 
38.236 4.19827274318 
39.105 4.19827274318 
39.974 4.19827274318 
40.843 4.19827274318 
41.712 4.19827274318 
42.581 4.19827274318 
43.45 4.19827274318 
44.319 4.19827274318 
45.188 4.19827274318 
46.057 4.19827274318 
46.926 4.19827274318 
47.795 4.19827274318 
48.664 4.19827274318 
49.533 4.19827274318 
50.402 4.19827274318 
51.271 11.8745085039 
52.14 11.8745085039 
53.009 11.8745085039 
53.878 11.8745085039 
54.747 11.8745085039 
55.616 11.8745085039 
56.485 11.8745085039 
57.354 11.8745085039 
58.223 11.8745085039 
59.092 11.8745085039 
59.961 11.8745085039 
60.83 11.8745085039 
61.699 11.8745085039 
62.568 11.8745085039 
63.437 11.8745085039 
64.306 11.8745085039 
65.175 11.8745085039 
66.044 11.8745085039 
66.913 11.8745085039 
67.782 11.8745085039 
68.651 11.8745085039 
69.52 11.8745085039 
70.389 11.8745085039 
71.258 11.8745085039 
72.127 11.8745085039 
72.996 11.8745085039 
73.865 11.8745085039 
74.734 11.8745085039 
75.603 11.8745085039 
76.472 11.8745085039 
77.341 11.8745085039 
78.21 11.8745085039 
79.079 11.8745085039 
79.948 11.8745085039 
80.817 11.8745085039 
81.686 11.8745085039 
82.555 12.5806035235 
83.424 12.5806035235 
84.293 12.5806035235 
85.162 12.5806035235 
86.031 12.5806035235 
86.9 12.5806035235 
87.769 12.5806035235 
88.638 12.5806035235 
89.507 12.5806035235 
90.376 13.328685138 
91.245 13.328685138 
92.114 13.328685138 
92.983 17.7916601258 
93.852 17.7916601258 
94.721 17.7916601258 
95.59 17.7916601258 
96.459 17.7916601258 
97.328 17.7916601258 
98.197 17.7916601258 
99.066 17.7916601258 
99.935 17.7916601258 
100.804 17.7916601258 
101.673 18.8496072907 
102.542 18.8496072907 
103.411 18.8496072907 
104.28 18.8496072907 
105.149 18.8496072907 
106.018 18.8496072907 
106.887 18.8496072907 
107.756 18.8496072907 
108.625 18.8496072907 
109.494 18.8496072907 
110.363 18.8496072907 
111.232 18.8496072907 
112.101 18.8496072907 
112.97 18.8496072907 
113.839 18.8496072907 
114.708 18.8496072907 
115.577 18.8496072907 
116.446 18.8496072907 
117.315 18.8496072907 
118.184 18.8496072907 
119.053 18.8496072907 
119.922 17.7916601258 
120.791 17.7916601258 
121.66 17.7916601258 
122.529 17.7916601258 
123.398 17.7916601258 
124.267 17.7916601258 
125.136 17.7916601258 
126.005 17.7916601258 
126.874 17.7916601258 
127.743 17.7916601258 
128.612 17.7916601258 
129.481 17.7916601258 
130.35 17.7916601258 
131.219 17.7916601258 
132.088 17.7916601258 
132.957 17.7916601258 
133.826 17.7916601258 
134.695 17.7916601258 
135.564 17.7916601258 
136.433 17.7916601258 
137.302 17.7916601258 
138.171 17.7916601258 
139.04 17.7916601258 
139.909 17.7916601258 
140.778 17.7916601258 
141.647 17.7916601258 
142.516 17.7916601258 
143.385 17.7916601258 
144.254 17.7916601258 
145.123 17.7916601258 
145.992 17.7916601258 
146.861 17.7916601258 
147.73 17.7916601258 
148.599 17.7916601258 
149.468 17.7916601258 
150.337 17.7916601258 
151.206 17.7916601258 
152.075 17.7916601258 
152.944 17.7916601258 
153.813 17.7916601258 
154.682 17.7916601258 
155.551 17.7916601258 
156.42 17.7916601258 
157.289 17.7916601258 
158.158 17.7916601258 
159.027 17.7916601258 
159.896 17.7916601258 
160.765 17.7916601258 
161.634 17.7916601258 
162.503 16.7930909727 
163.372 16.7930909727 
164.241 16.7930909727 
165.11 16.7930909727 
165.979 16.7930909727 
166.848 16.7930909727 
167.717 16.7930909727 
168.586 16.7930909727 
169.455 16.7930909727 
170.324 16.7930909727 
171.193 16.7930909727 
172.062 16.7930909727 
172.931 16.7930909727 
173.8 16.7930909727 
174.669 16.7930909727 
175.538 16.7930909727 
176.407 16.7930909727 
177.276 16.7930909727 
178.145 16.7930909727 
179.014 16.7930909727 
179.883 16.7930909727 
180.752 16.7930909727 
181.621 16.7930909727 
182.49 16.7930909727 
183.359 16.7930909727 
184.228 16.7930909727 
185.097 16.7930909727 
185.966 16.7930909727 
186.835 16.7930909727 
187.704 16.7930909727 
188.573 16.7930909727 
189.442 16.7930909727 
190.311 16.7930909727 
191.18 16.7930909727 
192.049 16.7930909727 
192.918 16.7930909727 
193.787 16.7930909727 
194.656 16.7930909727 
195.525 16.7930909727 
196.394 16.7930909727 
197.263 16.7930909727 
198.132 16.7930909727 
199.001 16.7930909727 
199.87 16.7930909727 
200.739 16.7930909727 
201.608 16.7930909727 
202.477 16.7930909727 
203.346 16.7930909727 
204.215 16.7930909727 
205.084 16.7930909727 
205.953 16.7930909727 
206.822 16.7930909727 
207.691 16.7930909727 
208.56 16.7930909727 
209.429 16.7930909727 
210.298 16.7930909727 
211.167 16.7930909727 
212.036 16.7930909727 
212.905 16.7930909727 
213.774 16.7930909727 
214.643 16.7930909727 
215.512 16.7930909727 
216.381 16.7930909727 
217.25 16.7930909727 
218.119 16.7930909727 
218.988 16.7930909727 
219.857 16.7930909727 
220.726 16.7930909727 
221.595 16.7930909727 
222.464 16.7930909727 
223.333 16.7930909727 
224.202 16.7930909727 
225.071 16.7930909727 
225.94 16.7930909727 
226.809 16.7930909727 
227.678 16.7930909727 
228.547 16.7930909727 
229.416 16.7930909727 
230.285 16.7930909727 
231.154 16.7930909727 
232.023 16.7930909727 
232.892 16.7930909727 
233.761 16.7930909727 
234.63 16.7930909727 
235.499 16.7930909727 
236.368 16.7930909727 
237.237 16.7930909727 
238.106 16.7930909727 
238.975 16.7930909727 
239.844 16.7930909727 
240.713 16.7930909727 
241.582 16.7930909727 
242.451 16.7930909727 
243.32 16.7930909727 
244.189 16.7930909727 
245.058 16.7930909727 
245.927 16.7930909727 
246.796 16.7930909727 
247.665 16.7930909727 
248.534 16.7930909727 
249.403 16.7930909727 
250.272 16.7930909727 
251.141 16.7930909727 
252.01 16.7930909727 
252.879 16.7930909727 
253.748 16.7930909727 
254.617 16.7930909727 
255.486 16.7930909727 
256.355 16.7930909727 
257.224 16.7930909727 
258.093 16.7930909727 
258.962 16.7930909727 
259.831 16.7930909727 
260.7 16.7930909727 
261.569 16.7930909727 
262.438 16.7930909727 
263.307 16.7930909727 
264.176 16.7930909727 
265.045 16.7930909727 
265.914 16.7930909727 
266.783 16.7930909727 
267.652 16.7930909727 
268.521 16.7930909727 
269.39 16.7930909727 
270.259 16.7930909727 
271.128 16.7930909727 
271.997 16.7930909727 
272.866 16.7930909727 
273.735 16.7930909727 
274.604 16.7930909727 
275.473 16.7930909727 
276.342 16.7930909727 
277.211 16.7930909727 
278.08 16.7930909727 
278.949 16.7930909727 
279.818 16.7930909727 
280.687 16.7930909727 
281.556 16.7930909727 
282.425 16.7930909727 
283.294 16.7930909727 
284.163 16.7930909727 
285.032 16.7930909727 
285.901 16.7930909727 
286.77 16.7930909727 
287.639 16.7930909727 
288.508 16.7930909727 
289.377 16.7930909727 
290.246 16.7930909727 
291.115 16.7930909727 
291.984 16.7930909727 
292.853 16.7930909727 
293.722 16.7930909727 
294.591 16.7930909727 
295.46 16.7930909727 
296.329 16.7930909727 
297.198 16.7930909727 
298.067 16.7930909727 
298.936 16.7930909727 
299.805 16.7930909727 
300.674 16.7930909727 
301.543 16.7930909727 
302.412 16.7930909727 
303.281 16.7930909727 
304.15 16.7930909727 
305.019 16.7930909727 
305.888 16.7930909727 
306.757 16.7930909727 
307.626 16.7930909727 
308.495 16.7930909727 
309.364 16.7930909727 
310.233 16.7930909727 
311.102 16.7930909727 
311.971 16.7930909727 
312.84 16.7930909727 
313.709 16.7930909727 
314.578 16.7930909727 
315.447 16.7930909727 
316.316 16.7930909727 
317.185 16.7930909727 
318.054 16.7930909727 
318.923 16.7930909727 
319.792 16.7930909727 
320.661 16.7930909727 
321.53 16.7930909727 
322.399 16.7930909727 
323.268 16.7930909727 
324.137 16.7930909727 
325.006 16.7930909727 
325.875 16.7930909727 
326.744 16.7930909727 
327.613 16.7930909727 
328.482 16.7930909727 
329.351 16.7930909727 
330.22 16.7930909727 
331.089 16.7930909727 
331.958 16.7930909727 
332.827 16.7930909727 
333.696 16.7930909727 
334.565 16.7930909727 
335.434 16.7930909727 
336.303 16.7930909727 
337.172 16.7930909727 
338.041 16.7930909727 
338.91 16.7930909727 
339.779 16.7930909727 
340.648 16.7930909727 
341.517 16.7930909727 
342.386 16.7930909727 
343.255 16.7930909727 
344.124 16.7930909727 
344.993 16.7930909727 
345.862 16.7930909727 
346.731 16.7930909727 
347.6 16.7930909727 
348.469 16.7930909727 
349.338 16.7930909727 
350.207 16.7930909727 
351.076 16.7930909727 
351.945 16.7930909727 
352.814 16.7930909727 
353.683 16.7930909727 
354.552 16.7930909727 
355.421 16.7930909727 
356.29 16.7930909727 
357.159 16.7930909727 
358.028 16.7930909727 
358.897 16.7930909727 
359.766 16.7930909727 
360.635 16.7930909727 
361.504 16.7930909727 
362.373 16.7930909727 
363.242 16.7930909727 
364.111 16.7930909727 
364.98 16.7930909727 
365.849 16.7930909727 
366.718 16.7930909727 
367.587 16.7930909727 
368.456 16.7930909727 
369.325 16.7930909727 
370.194 16.7930909727 
371.063 16.7930909727 
371.932 16.7930909727 
372.801 16.7930909727 
373.67 16.7930909727 
374.539 16.7930909727 
375.408 16.7930909727 
376.277 16.7930909727 
377.146 16.7930909727 
378.015 16.7930909727 
378.884 16.7930909727 
379.753 16.7930909727 
380.622 16.7930909727 
381.491 16.7930909727 
382.36 16.7930909727 
383.229 16.7930909727 
384.098 16.7930909727 
384.967 16.7930909727 
385.836 16.7930909727 
386.705 16.7930909727 
387.574 16.7930909727 
388.443 16.7930909727 
389.312 16.7930909727 
390.181 16.7930909727 
391.05 16.7930909727 
391.919 16.7930909727 
392.788 16.7930909727 
393.657 16.7930909727 
394.526 16.7930909727 
395.395 16.7930909727 
396.264 16.7930909727 
397.133 16.7930909727 
398.002 16.7930909727 
398.871 16.7930909727 
399.74 16.7930909727 
400.609 16.7930909727 
401.478 16.7930909727 
402.347 16.7930909727 
403.216 16.7930909727 
404.085 16.7930909727 
404.954 16.7930909727 
405.823 16.7930909727 
406.692 15.8505671997 
407.561 15.8505671997 
408.43 15.8505671997 
409.299 15.8505671997 
410.168 15.8505671997 
411.037 15.8505671997 
411.906 15.8505671997 
412.775 15.8505671997 
413.644 15.8505671997 
414.513 15.8505671997 
415.382 15.8505671997 
416.251 15.8505671997 
417.12 15.8505671997 
417.989 15.8505671997 
418.858 15.8505671997 
419.727 15.8505671997 
420.596 15.8505671997 
421.465 15.8505671997 
422.334 15.8505671997 
423.203 15.8505671997 
424.072 15.8505671997 
424.941 15.8505671997 
425.81 15.8505671997 
426.679 15.8505671997 
427.548 15.8505671997 
428.417 15.8505671997 
429.286 15.8505671997 
430.155 15.8505671997 
431.024 15.8505671997 
431.893 15.8505671997 
432.762 15.8505671997 
433.631 15.8505671997 
434.5 15.8505671997 
435.369 15.8505671997 
436.238 15.8505671997 
437.107 15.8505671997 
437.976 15.8505671997 
438.845 15.8505671997 
439.714 15.8505671997 
440.583 15.8505671997 
441.452 15.8505671997 
442.321 15.8505671997 
443.19 15.8505671997 
444.059 15.8505671997 
444.928 15.8505671997 
445.797 15.8505671997 
446.666 15.8505671997 
447.535 16.7930909727 
448.404 16.7930909727 
449.273 16.7930909727 
450.142 16.7930909727 
451.011 16.7930909727 
451.88 16.7930909727 
452.749 16.7930909727 
453.618 16.7930909727 
454.487 16.7930909727 
455.356 16.7930909727 
456.225 16.7930909727 
457.094 16.7930909727 
457.963 16.7930909727 
458.832 16.7930909727 
459.701 16.7930909727 
460.57 16.7930909727 
461.439 16.7930909727 
462.308 16.7930909727 
463.177 16.7930909727 
464.046 16.7930909727 
464.915 16.7930909727 
465.784 16.7930909727 
466.653 16.7930909727 
467.522 16.7930909727 
468.391 16.7930909727 
469.26 16.7930909727 
470.129 16.7930909727 
470.998 16.7930909727 
471.867 16.7930909727 
472.736 16.7930909727 
473.605 16.7930909727 
474.474 16.7930909727 
475.343 16.7930909727 
476.212 16.7930909727 
477.081 16.7930909727 
477.95 16.7930909727 
478.819 16.7930909727 
479.688 16.7930909727 
480.557 16.7930909727 
481.426 16.7930909727 
482.295 16.7930909727 
483.164 16.7930909727 
484.033 16.7930909727 
484.902 16.7930909727 
485.771 16.7930909727 
486.64 16.7930909727 
487.509 16.7930909727 
488.378 16.7930909727 
489.247 16.7930909727 
490.116 16.7930909727 
490.985 16.7930909727 
491.854 16.7930909727 
492.723 16.7930909727 
493.592 16.7930909727 
494.461 16.7930909727 
495.33 16.7930909727 
496.199 16.7930909727 
497.068 16.7930909727 
497.937 16.7930909727 
498.806 16.7930909727 
499.675 16.7930909727 
500.544 16.7930909727 
501.413 16.7930909727 
502.282 16.7930909727 
503.151 16.7930909727 
504.02 16.7930909727 
504.889 16.7930909727 
505.758 16.7930909727 
506.627 16.7930909727 
507.496 16.7930909727 
508.365 3.5303125 
509.234 3.5303125 
510.103 3.5303125 
510.972 3.5303125 
511.841 3.5303125 
512.71 3.5303125 
513.579 3.74023580531 
514.448 3.74023580531 
515.317 3.74023580531 
516.186 3.74023580531 
517.055 3.96264179992 
517.924 4.19827274318 
518.793 4.19827274318 
519.662 4.19827274318 
520.531 15.8505671997 
521.4 15.8505671997 
522.269 15.8505671997 
523.138 15.8505671997 
524.007 15.8505671997 
524.876 15.8505671997 
525.745 15.8505671997 
526.614 15.8505671997 
527.483 15.8505671997 
528.352 15.8505671997 
529.221 15.8505671997 
530.09 15.8505671997 
530.959 15.8505671997 
531.828 15.8505671997 
532.697 15.8505671997 
533.566 15.8505671997 
534.435 15.8505671997 
535.304 15.8505671997 
536.173 15.8505671997 
537.042 15.8505671997 
537.911 15.8505671997 
538.78 15.8505671997 
539.649 15.8505671997 
540.518 15.8505671997 
541.387 15.8505671997 
542.256 3.5303125 
543.125 3.5303125 
543.994 3.5303125 
544.863 3.5303125 
545.732 3.5303125 
546.601 3.5303125 
547.47 3.5303125 
548.339 3.5303125 
549.208 3.5303125 
550.077 3.5303125 
550.946 3.5303125 
551.815 3.5303125 
552.684 3.5303125 
553.553 3.5303125 
554.422 3.5303125 
555.291 3.5303125 
556.16 3.5303125 
557.029 3.5303125 
557.898 3.5303125 
558.767 3.5303125 
559.636 15.8505671997 
560.505 15.8505671997 
561.374 15.8505671997 
562.243 15.8505671997 
563.112 15.8505671997 
563.981 15.8505671997 
