0.0 16.7930909727 
0.869 16.7930909727 
1.738 16.7930909727 
2.607 16.7930909727 
3.476 16.7930909727 
4.345 16.7930909727 
5.214 16.7930909727 
6.083 16.7930909727 
6.952 16.7930909727 
7.821 16.7930909727 
8.69 16.7930909727 
9.559 16.7930909727 
10.428 16.7930909727 
11.297 16.7930909727 
12.166 16.7930909727 
13.035 16.7930909727 
13.904 16.7930909727 
14.773 16.7930909727 
15.642 4.19827274318 
16.511 4.19827274318 
17.38 4.19827274318 
18.249 4.19827274318 
19.118 4.19827274318 
19.987 4.19827274318 
20.856 4.19827274318 
21.725 4.19827274318 
22.594 4.19827274318 
23.463 4.19827274318 
24.332 4.19827274318 
25.201 4.19827274318 
26.07 4.19827274318 
26.939 4.19827274318 
27.808 4.19827274318 
28.677 4.19827274318 
29.546 4.19827274318 
30.415 4.44791503146 
31.284 4.44791503146 
32.153 4.44791503146 
33.022 22.4160871051 
33.891 22.4160871051 
34.76 22.4160871051 
35.629 22.4160871051 
36.498 22.4160871051 
37.367 22.4160871051 
38.236 22.4160871051 
39.105 22.4160871051 
39.974 22.4160871051 
40.843 22.4160871051 
41.712 22.4160871051 
42.581 22.4160871051 
43.45 22.4160871051 
44.319 22.4160871051 
45.188 22.4160871051 
46.057 22.4160871051 
46.926 22.4160871051 
47.795 22.4160871051 
48.664 22.4160871051 
49.533 22.4160871051 
50.402 22.4160871051 
51.271 22.4160871051 
52.14 21.1579688093 
53.009 21.1579688093 
53.878 21.1579688093 
54.747 21.1579688093 
55.616 21.1579688093 
56.485 21.1579688093 
57.354 21.1579688093 
58.223 21.1579688093 
59.092 21.1579688093 
59.961 21.1579688093 
60.83 21.1579688093 
61.699 21.1579688093 
62.568 21.1579688093 
63.437 21.1579688093 
64.306 21.1579688093 
65.175 21.1579688093 
66.044 21.1579688093 
66.913 21.1579688093 
67.782 21.1579688093 
68.651 21.1579688093 
69.52 21.1579688093 
70.389 21.1579688093 
71.258 21.1579688093 
72.127 21.1579688093 
72.996 21.1579688093 
73.865 21.1579688093 
74.734 21.1579688093 
75.603 21.1579688093 
76.472 21.1579688093 
77.341 21.1579688093 
78.21 19.9704632677 
79.079 19.9704632677 
79.948 19.9704632677 
80.817 19.9704632677 
81.686 19.9704632677 
82.555 19.9704632677 
83.424 19.9704632677 
84.293 19.9704632677 
85.162 19.9704632677 
86.031 19.9704632677 
86.9 19.9704632677 
87.769 19.9704632677 
88.638 19.9704632677 
89.507 19.9704632677 
90.376 19.9704632677 
91.245 19.9704632677 
92.114 19.9704632677 
92.983 19.9704632677 
93.852 19.9704632677 
94.721 19.9704632677 
95.59 19.9704632677 
96.459 19.9704632677 
97.328 19.9704632677 
98.197 18.8496072907 
99.066 18.8496072907 
99.935 18.8496072907 
100.804 18.8496072907 
101.673 18.8496072907 
102.542 18.8496072907 
103.411 18.8496072907 
104.28 18.8496072907 
105.149 18.8496072907 
106.018 18.8496072907 
106.887 18.8496072907 
107.756 18.8496072907 
108.625 18.8496072907 
109.494 18.8496072907 
110.363 18.8496072907 
111.232 18.8496072907 
112.101 18.8496072907 
112.97 18.8496072907 
113.839 18.8496072907 
114.708 18.8496072907 
115.577 18.8496072907 
116.446 18.8496072907 
117.315 18.8496072907 
118.184 17.7916601258 
119.053 17.7916601258 
119.922 17.7916601258 
120.791 17.7916601258 
121.66 17.7916601258 
122.529 17.7916601258 
123.398 17.7916601258 
124.267 17.7916601258 
125.136 17.7916601258 
126.005 17.7916601258 
126.874 17.7916601258 
127.743 17.7916601258 
128.612 17.7916601258 
129.481 17.7916601258 
130.35 17.7916601258 
131.219 17.7916601258 
132.088 17.7916601258 
132.957 17.7916601258 
133.826 17.7916601258 
134.695 17.7916601258 
135.564 17.7916601258 
136.433 17.7916601258 
137.302 17.7916601258 
138.171 17.7916601258 
139.04 17.7916601258 
139.909 17.7916601258 
140.778 17.7916601258 
141.647 17.7916601258 
142.516 17.7916601258 
143.385 17.7916601258 
144.254 17.7916601258 
145.123 17.7916601258 
145.992 17.7916601258 
146.861 17.7916601258 
147.73 17.7916601258 
148.599 17.7916601258 
149.468 17.7916601258 
150.337 17.7916601258 
151.206 17.7916601258 
152.075 17.7916601258 
152.944 17.7916601258 
153.813 17.7916601258 
154.682 17.7916601258 
155.551 17.7916601258 
156.42 17.7916601258 
157.289 17.7916601258 
158.158 17.7916601258 
159.027 17.7916601258 
159.896 17.7916601258 
160.765 17.7916601258 
161.634 17.7916601258 
162.503 17.7916601258 
163.372 17.7916601258 
164.241 17.7916601258 
165.11 17.7916601258 
165.979 17.7916601258 
166.848 17.7916601258 
167.717 17.7916601258 
168.586 17.7916601258 
169.455 17.7916601258 
170.324 17.7916601258 
171.193 17.7916601258 
172.062 17.7916601258 
172.931 17.7916601258 
173.8 17.7916601258 
174.669 17.7916601258 
175.538 17.7916601258 
176.407 17.7916601258 
177.276 17.7916601258 
178.145 17.7916601258 
179.014 17.7916601258 
179.883 17.7916601258 
180.752 17.7916601258 
181.621 17.7916601258 
182.49 17.7916601258 
183.359 17.7916601258 
184.228 17.7916601258 
185.097 17.7916601258 
185.966 17.7916601258 
186.835 17.7916601258 
187.704 17.7916601258 
188.573 17.7916601258 
189.442 17.7916601258 
190.311 17.7916601258 
191.18 17.7916601258 
192.049 17.7916601258 
192.918 17.7916601258 
193.787 17.7916601258 
194.656 17.7916601258 
195.525 17.7916601258 
196.394 17.7916601258 
197.263 17.7916601258 
198.132 17.7916601258 
199.001 17.7916601258 
199.87 17.7916601258 
200.739 17.7916601258 
201.608 17.7916601258 
202.477 17.7916601258 
203.346 17.7916601258 
204.215 17.7916601258 
205.084 17.7916601258 
205.953 17.7916601258 
206.822 17.7916601258 
207.691 17.7916601258 
208.56 17.7916601258 
209.429 17.7916601258 
210.298 17.7916601258 
211.167 17.7916601258 
212.036 17.7916601258 
212.905 17.7916601258 
213.774 17.7916601258 
214.643 17.7916601258 
215.512 17.7916601258 
216.381 17.7916601258 
217.25 17.7916601258 
218.119 17.7916601258 
218.988 17.7916601258 
219.857 17.7916601258 
220.726 17.7916601258 
221.595 17.7916601258 
222.464 17.7916601258 
223.333 17.7916601258 
224.202 17.7916601258 
225.071 17.7916601258 
225.94 17.7916601258 
226.809 17.7916601258 
227.678 17.7916601258 
228.547 17.7916601258 
229.416 17.7916601258 
230.285 17.7916601258 
231.154 17.7916601258 
232.023 17.7916601258 
232.892 17.7916601258 
233.761 17.7916601258 
234.63 17.7916601258 
235.499 17.7916601258 
236.368 17.7916601258 
237.237 17.7916601258 
238.106 17.7916601258 
238.975 17.7916601258 
239.844 17.7916601258 
240.713 17.7916601258 
241.582 17.7916601258 
242.451 17.7916601258 
243.32 17.7916601258 
244.189 17.7916601258 
245.058 17.7916601258 
245.927 17.7916601258 
246.796 17.7916601258 
247.665 17.7916601258 
248.534 17.7916601258 
249.403 17.7916601258 
250.272 17.7916601258 
251.141 17.7916601258 
252.01 17.7916601258 
252.879 17.7916601258 
253.748 17.7916601258 
254.617 17.7916601258 
255.486 17.7916601258 
256.355 17.7916601258 
257.224 17.7916601258 
258.093 17.7916601258 
258.962 17.7916601258 
259.831 17.7916601258 
260.7 17.7916601258 
261.569 17.7916601258 
262.438 17.7916601258 
263.307 17.7916601258 
264.176 17.7916601258 
265.045 17.7916601258 
265.914 17.7916601258 
266.783 17.7916601258 
267.652 17.7916601258 
268.521 17.7916601258 
269.39 17.7916601258 
270.259 17.7916601258 
271.128 17.7916601258 
271.997 17.7916601258 
272.866 17.7916601258 
273.735 17.7916601258 
274.604 17.7916601258 
275.473 17.7916601258 
276.342 17.7916601258 
277.211 17.7916601258 
278.08 17.7916601258 
278.949 17.7916601258 
279.818 17.7916601258 
280.687 17.7916601258 
281.556 17.7916601258 
282.425 16.7930909727 
283.294 16.7930909727 
284.163 16.7930909727 
285.032 16.7930909727 
285.901 16.7930909727 
286.77 16.7930909727 
287.639 16.7930909727 
288.508 16.7930909727 
289.377 16.7930909727 
290.246 16.7930909727 
291.115 16.7930909727 
291.984 16.7930909727 
292.853 16.7930909727 
293.722 16.7930909727 
294.591 16.7930909727 
295.46 16.7930909727 
296.329 16.7930909727 
297.198 16.7930909727 
298.067 16.7930909727 
298.936 16.7930909727 
299.805 16.7930909727 
300.674 16.7930909727 
301.543 16.7930909727 
302.412 16.7930909727 
303.281 16.7930909727 
304.15 16.7930909727 
305.019 16.7930909727 
305.888 16.7930909727 
306.757 16.7930909727 
307.626 16.7930909727 
308.495 16.7930909727 
309.364 16.7930909727 
310.233 16.7930909727 
311.102 16.7930909727 
311.971 16.7930909727 
312.84 16.7930909727 
313.709 16.7930909727 
314.578 16.7930909727 
315.447 16.7930909727 
316.316 16.7930909727 
317.185 16.7930909727 
318.054 16.7930909727 
318.923 16.7930909727 
319.792 16.7930909727 
320.661 16.7930909727 
321.53 16.7930909727 
322.399 16.7930909727 
323.268 16.7930909727 
324.137 16.7930909727 
325.006 16.7930909727 
325.875 16.7930909727 
326.744 16.7930909727 
327.613 16.7930909727 
328.482 16.7930909727 
329.351 16.7930909727 
330.22 16.7930909727 
331.089 16.7930909727 
331.958 16.7930909727 
332.827 16.7930909727 
333.696 16.7930909727 
334.565 16.7930909727 
335.434 16.7930909727 
336.303 16.7930909727 
337.172 16.7930909727 
338.041 16.7930909727 
338.91 16.7930909727 
339.779 15.8505671997 
340.648 15.8505671997 
341.517 15.8505671997 
342.386 15.8505671997 
343.255 15.8505671997 
344.124 15.8505671997 
344.993 15.8505671997 
345.862 15.8505671997 
346.731 15.8505671997 
347.6 15.8505671997 
348.469 15.8505671997 
349.338 15.8505671997 
350.207 15.8505671997 
351.076 15.8505671997 
351.945 15.8505671997 
352.814 15.8505671997 
353.683 15.8505671997 
354.552 15.8505671997 
355.421 15.8505671997 
356.29 15.8505671997 
357.159 15.8505671997 
358.028 15.8505671997 
358.897 15.8505671997 
359.766 15.8505671997 
360.635 15.8505671997 
361.504 15.8505671997 
362.373 15.8505671997 
363.242 15.8505671997 
364.111 15.8505671997 
364.98 15.8505671997 
365.849 15.8505671997 
366.718 15.8505671997 
367.587 15.8505671997 
368.456 15.8505671997 
369.325 15.8505671997 
370.194 15.8505671997 
371.063 15.8505671997 
371.932 15.8505671997 
372.801 15.8505671997 
373.67 15.8505671997 
374.539 15.8505671997 
375.408 15.8505671997 
376.277 15.8505671997 
377.146 15.8505671997 
378.015 15.8505671997 
378.884 15.8505671997 
379.753 15.8505671997 
380.622 15.8505671997 
381.491 15.8505671997 
382.36 15.8505671997 
383.229 15.8505671997 
384.098 15.8505671997 
384.967 15.8505671997 
385.836 15.8505671997 
386.705 15.8505671997 
387.574 15.8505671997 
388.443 15.8505671997 
389.312 15.8505671997 
390.181 15.8505671997 
391.05 15.8505671997 
391.919 15.8505671997 
392.788 15.8505671997 
393.657 15.8505671997 
394.526 15.8505671997 
395.395 15.8505671997 
396.264 15.8505671997 
397.133 15.8505671997 
398.002 15.8505671997 
398.871 15.8505671997 
399.74 15.8505671997 
400.609 15.8505671997 
401.478 15.8505671997 
402.347 15.8505671997 
403.216 15.8505671997 
404.085 15.8505671997 
404.954 15.8505671997 
405.823 15.8505671997 
406.692 15.8505671997 
407.561 15.8505671997 
408.43 15.8505671997 
409.299 15.8505671997 
410.168 15.8505671997 
411.037 15.8505671997 
411.906 15.8505671997 
412.775 15.8505671997 
413.644 15.8505671997 
414.513 15.8505671997 
415.382 15.8505671997 
416.251 15.8505671997 
417.12 15.8505671997 
417.989 15.8505671997 
418.858 15.8505671997 
419.727 15.8505671997 
420.596 15.8505671997 
421.465 15.8505671997 
422.334 15.8505671997 
423.203 15.8505671997 
424.072 15.8505671997 
424.941 15.8505671997 
425.81 15.8505671997 
426.679 15.8505671997 
427.548 15.8505671997 
428.417 15.8505671997 
429.286 15.8505671997 
430.155 15.8505671997 
431.024 15.8505671997 
431.893 15.8505671997 
432.762 15.8505671997 
433.631 15.8505671997 
434.5 15.8505671997 
435.369 15.8505671997 
436.238 15.8505671997 
437.107 15.8505671997 
437.976 15.8505671997 
438.845 15.8505671997 
439.714 15.8505671997 
440.583 15.8505671997 
441.452 15.8505671997 
442.321 15.8505671997 
443.19 15.8505671997 
444.059 15.8505671997 
444.928 15.8505671997 
445.797 15.8505671997 
446.666 15.8505671997 
447.535 15.8505671997 
448.404 15.8505671997 
449.273 15.8505671997 
450.142 15.8505671997 
451.011 15.8505671997 
451.88 16.7930909727 
452.749 16.7930909727 
453.618 16.7930909727 
454.487 16.7930909727 
455.356 16.7930909727 
456.225 16.7930909727 
457.094 16.7930909727 
457.963 16.7930909727 
458.832 16.7930909727 
459.701 16.7930909727 
460.57 16.7930909727 
461.439 16.7930909727 
462.308 16.7930909727 
463.177 16.7930909727 
464.046 16.7930909727 
464.915 16.7930909727 
465.784 16.7930909727 
466.653 16.7930909727 
467.522 16.7930909727 
468.391 16.7930909727 
469.26 16.7930909727 
470.129 16.7930909727 
470.998 16.7930909727 
471.867 16.7930909727 
472.736 4.99261581692 
473.605 4.99261581692 
474.474 4.99261581692 
475.343 4.99261581692 
476.212 4.99261581692 
477.081 4.99261581692 
477.95 4.99261581692 
478.819 4.99261581692 
479.688 4.99261581692 
480.557 4.99261581692 
481.426 4.99261581692 
482.295 4.99261581692 
483.164 4.99261581692 
484.033 4.99261581692 
484.902 4.99261581692 
485.771 4.99261581692 
486.64 4.99261581692 
487.509 4.99261581692 
488.378 16.7930909727 
489.247 16.7930909727 
490.116 16.7930909727 
490.985 16.7930909727 
491.854 16.7930909727 
492.723 16.7930909727 
493.592 16.7930909727 
494.461 16.7930909727 
495.33 16.7930909727 
496.199 16.7930909727 
497.068 16.7930909727 
497.937 16.7930909727 
498.806 16.7930909727 
499.675 16.7930909727 
500.544 16.7930909727 
501.413 16.7930909727 
502.282 16.7930909727 
503.151 16.7930909727 
504.02 16.7930909727 
504.889 16.7930909727 
505.758 16.7930909727 
506.627 16.7930909727 
507.496 16.7930909727 
508.365 16.7930909727 
509.234 16.7930909727 
510.103 16.7930909727 
510.972 16.7930909727 
511.841 16.7930909727 
512.71 16.7930909727 
513.579 16.7930909727 
514.448 16.7930909727 
515.317 16.7930909727 
516.186 16.7930909727 
517.055 16.7930909727 
517.924 16.7930909727 
518.793 16.7930909727 
519.662 16.7930909727 
520.531 16.7930909727 
521.4 16.7930909727 
522.269 16.7930909727 
523.138 16.7930909727 
524.007 16.7930909727 
524.876 16.7930909727 
525.745 16.7930909727 
526.614 16.7930909727 
527.483 16.7930909727 
528.352 16.7930909727 
529.221 16.7930909727 
530.09 16.7930909727 
530.959 16.7930909727 
531.828 16.7930909727 
532.697 16.7930909727 
533.566 16.7930909727 
534.435 16.7930909727 
535.304 16.7930909727 
536.173 3.5303125 
537.042 3.5303125 
537.911 3.5303125 
538.78 3.5303125 
539.649 3.5303125 
540.518 3.5303125 
541.387 3.5303125 
542.256 3.5303125 
543.125 3.5303125 
543.994 3.5303125 
544.863 3.5303125 
545.732 3.5303125 
546.601 3.5303125 
547.47 3.5303125 
548.339 3.5303125 
549.208 3.5303125 
550.077 3.74023580531 
550.946 3.74023580531 
551.815 3.74023580531 
552.684 3.74023580531 
553.553 3.74023580531 
554.422 3.74023580531 
555.291 3.74023580531 
556.16 3.74023580531 
557.029 3.74023580531 
557.898 3.74023580531 
558.767 3.96264179992 
559.636 3.96264179992 
560.505 3.96264179992 
561.374 3.96264179992 
562.243 4.19827274318 
563.112 16.7930909727 
563.981 16.7930909727 
