0.0 16.1117850075 
0.869 16.1117850075 
1.738 16.1117850075 
2.607 16.1117850075 
3.476 16.1117850075 
4.345 16.1117850075 
5.214 16.1117850075 
6.083 16.1117850075 
6.952 16.1117850075 
7.821 16.1117850075 
8.69 16.1117850075 
9.559 16.1117850075 
10.428 16.1117850075 
11.297 16.1117850075 
12.166 16.1117850075 
13.035 16.1117850075 
13.904 16.1117850075 
14.773 16.1117850075 
15.642 16.1117850075 
16.511 16.1117850075 
17.38 16.1117850075 
18.249 16.1117850075 
19.118 16.1117850075 
19.987 4.02794625187 
20.856 4.02794625187 
21.725 3.801875 
22.594 3.801875 
23.463 3.801875 
24.332 3.801875 
25.201 3.801875 
26.07 3.801875 
26.939 3.801875 
27.808 3.801875 
28.677 3.801875 
29.546 3.801875 
30.415 3.801875 
31.284 3.801875 
32.153 3.801875 
33.022 16.1117850075 
33.891 16.1117850075 
34.76 16.1117850075 
35.629 16.1117850075 
36.498 16.1117850075 
37.367 16.1117850075 
38.236 9.58012468314 
39.105 9.58012468314 
39.974 9.58012468314 
40.843 9.58012468314 
41.712 9.58012468314 
42.581 9.58012468314 
43.45 9.58012468314 
44.319 9.58012468314 
45.188 9.58012468314 
46.057 15.2075 
46.926 15.2075 
47.795 15.2075 
48.664 15.2075 
49.533 15.2075 
50.402 4.02794625187 
51.271 4.02794625187 
52.14 4.02794625187 
53.009 4.02794625187 
53.878 3.801875 
54.747 3.801875 
55.616 7.60375 
56.485 7.60375 
57.354 7.60375 
58.223 7.60375 
59.092 7.60375 
59.961 7.60375 
60.83 7.60375 
61.699 7.60375 
62.568 7.60375 
63.437 7.60375 
64.306 7.60375 
65.175 7.60375 
66.044 7.60375 
66.913 7.60375 
67.782 7.60375 
68.651 7.60375 
69.52 7.60375 
70.389 7.17698430505 
71.258 7.17698430505 
72.127 7.17698430505 
72.996 7.17698430505 
73.865 7.17698430505 
74.734 4.52121680035 
75.603 4.52121680035 
76.472 4.52121680035 
77.341 4.52121680035 
78.21 4.52121680035 
79.079 4.52121680035 
79.948 4.52121680035 
80.817 4.52121680035 
81.686 4.52121680035 
82.555 4.52121680035 
83.424 4.52121680035 
84.293 4.26746039992 
85.162 4.26746039992 
86.031 4.26746039992 
86.9 4.26746039992 
87.769 4.26746039992 
88.638 4.26746039992 
89.507 4.26746039992 
90.376 4.26746039992 
91.245 4.26746039992 
92.114 4.26746039992 
92.983 12.0702007489 
93.852 12.0702007489 
94.721 12.0702007489 
95.59 12.0702007489 
96.459 12.0702007489 
97.328 12.0702007489 
98.197 12.0702007489 
99.066 12.0702007489 
99.935 12.0702007489 
100.804 3.801875 
101.673 3.801875 
102.542 3.801875 
103.411 3.801875 
104.28 3.801875 
105.149 3.801875 
106.018 3.801875 
106.887 3.801875 
107.756 12.787932235 
108.625 12.787932235 
109.494 12.787932235 
110.363 20.2995770823 
111.232 20.2995770823 
112.101 20.2995770823 
112.97 20.2995770823 
113.839 20.2995770823 
114.708 20.2995770823 
115.577 20.2995770823 
116.446 20.2995770823 
117.315 20.2995770823 
118.184 20.2995770823 
119.053 20.2995770823 
119.922 20.2995770823 
120.791 20.2995770823 
121.66 20.2995770823 
122.529 20.2995770823 
123.398 20.2995770823 
124.267 20.2995770823 
125.136 19.1602493663 
126.005 19.1602493663 
126.874 19.1602493663 
127.743 19.1602493663 
128.612 19.1602493663 
129.481 19.1602493663 
130.35 19.1602493663 
131.219 19.1602493663 
132.088 19.1602493663 
132.957 19.1602493663 
133.826 19.1602493663 
134.695 19.1602493663 
135.564 19.1602493663 
136.433 19.1602493663 
137.302 19.1602493663 
138.171 19.1602493663 
139.04 19.1602493663 
139.909 19.1602493663 
140.778 19.1602493663 
141.647 19.1602493663 
142.516 19.1602493663 
143.385 19.1602493663 
144.254 19.1602493663 
145.123 19.1602493663 
145.992 19.1602493663 
146.861 19.1602493663 
147.73 19.1602493663 
148.599 19.1602493663 
149.468 19.1602493663 
150.337 19.1602493663 
151.206 19.1602493663 
152.075 19.1602493663 
152.944 19.1602493663 
153.813 19.1602493663 
154.682 19.1602493663 
155.551 19.1602493663 
156.42 19.1602493663 
157.289 19.1602493663 
158.158 19.1602493663 
159.027 19.1602493663 
159.896 19.1602493663 
160.765 19.1602493663 
161.634 19.1602493663 
162.503 19.1602493663 
163.372 19.1602493663 
164.241 19.1602493663 
165.11 19.1602493663 
165.979 19.1602493663 
166.848 19.1602493663 
167.717 19.1602493663 
168.586 19.1602493663 
169.455 19.1602493663 
170.324 19.1602493663 
171.193 19.1602493663 
172.062 19.1602493663 
172.931 19.1602493663 
173.8 19.1602493663 
174.669 19.1602493663 
175.538 19.1602493663 
176.407 19.1602493663 
177.276 19.1602493663 
178.145 19.1602493663 
179.014 19.1602493663 
179.883 19.1602493663 
180.752 19.1602493663 
181.621 19.1602493663 
182.49 19.1602493663 
183.359 19.1602493663 
184.228 19.1602493663 
185.097 19.1602493663 
185.966 19.1602493663 
186.835 19.1602493663 
187.704 18.0848672014 
188.573 18.0848672014 
189.442 18.0848672014 
190.311 18.0848672014 
191.18 18.0848672014 
192.049 18.0848672014 
192.918 18.0848672014 
193.787 18.0848672014 
194.656 18.0848672014 
195.525 18.0848672014 
196.394 18.0848672014 
197.263 18.0848672014 
198.132 18.0848672014 
199.001 18.0848672014 
199.87 18.0848672014 
200.739 18.0848672014 
201.608 18.0848672014 
202.477 18.0848672014 
203.346 18.0848672014 
204.215 18.0848672014 
205.084 18.0848672014 
205.953 18.0848672014 
206.822 18.0848672014 
207.691 18.0848672014 
208.56 18.0848672014 
209.429 18.0848672014 
210.298 18.0848672014 
211.167 18.0848672014 
212.036 18.0848672014 
212.905 18.0848672014 
213.774 18.0848672014 
214.643 18.0848672014 
215.512 18.0848672014 
216.381 18.0848672014 
217.25 18.0848672014 
218.119 18.0848672014 
218.988 18.0848672014 
219.857 18.0848672014 
220.726 18.0848672014 
221.595 18.0848672014 
222.464 18.0848672014 
223.333 18.0848672014 
224.202 18.0848672014 
225.071 18.0848672014 
225.94 18.0848672014 
226.809 18.0848672014 
227.678 18.0848672014 
228.547 18.0848672014 
229.416 18.0848672014 
230.285 18.0848672014 
231.154 18.0848672014 
232.023 18.0848672014 
232.892 18.0848672014 
233.761 18.0848672014 
234.63 18.0848672014 
235.499 18.0848672014 
236.368 18.0848672014 
237.237 18.0848672014 
238.106 18.0848672014 
238.975 18.0848672014 
239.844 18.0848672014 
240.713 18.0848672014 
241.582 18.0848672014 
242.451 18.0848672014 
243.32 18.0848672014 
244.189 18.0848672014 
245.058 18.0848672014 
245.927 18.0848672014 
246.796 18.0848672014 
247.665 18.0848672014 
248.534 18.0848672014 
249.403 18.0848672014 
250.272 18.0848672014 
251.141 18.0848672014 
252.01 18.0848672014 
252.879 18.0848672014 
253.748 18.0848672014 
254.617 18.0848672014 
255.486 18.0848672014 
256.355 18.0848672014 
257.224 18.0848672014 
258.093 18.0848672014 
258.962 18.0848672014 
259.831 18.0848672014 
260.7 18.0848672014 
261.569 17.0698415997 
262.438 17.0698415997 
263.307 17.0698415997 
264.176 17.0698415997 
265.045 17.0698415997 
265.914 17.0698415997 
266.783 17.0698415997 
267.652 17.0698415997 
268.521 17.0698415997 
269.39 17.0698415997 
270.259 17.0698415997 
271.128 17.0698415997 
271.997 17.0698415997 
272.866 17.0698415997 
273.735 17.0698415997 
274.604 17.0698415997 
275.473 17.0698415997 
276.342 17.0698415997 
277.211 17.0698415997 
278.08 17.0698415997 
278.949 17.0698415997 
279.818 17.0698415997 
280.687 17.0698415997 
281.556 17.0698415997 
282.425 17.0698415997 
283.294 17.0698415997 
284.163 17.0698415997 
285.032 17.0698415997 
285.901 17.0698415997 
286.77 17.0698415997 
287.639 17.0698415997 
288.508 17.0698415997 
289.377 17.0698415997 
290.246 17.0698415997 
291.115 17.0698415997 
291.984 17.0698415997 
292.853 17.0698415997 
293.722 17.0698415997 
294.591 17.0698415997 
295.46 17.0698415997 
296.329 17.0698415997 
297.198 17.0698415997 
298.067 17.0698415997 
298.936 17.0698415997 
299.805 17.0698415997 
300.674 17.0698415997 
301.543 17.0698415997 
302.412 17.0698415997 
303.281 17.0698415997 
304.15 17.0698415997 
305.019 17.0698415997 
305.888 17.0698415997 
306.757 17.0698415997 
307.626 17.0698415997 
308.495 17.0698415997 
309.364 17.0698415997 
310.233 17.0698415997 
311.102 17.0698415997 
311.971 17.0698415997 
312.84 16.1117850075 
313.709 16.1117850075 
314.578 16.1117850075 
315.447 16.1117850075 
316.316 16.1117850075 
317.185 16.1117850075 
318.054 16.1117850075 
318.923 16.1117850075 
319.792 16.1117850075 
320.661 16.1117850075 
321.53 16.1117850075 
322.399 16.1117850075 
323.268 16.1117850075 
324.137 16.1117850075 
325.006 16.1117850075 
325.875 16.1117850075 
326.744 16.1117850075 
327.613 16.1117850075 
328.482 16.1117850075 
329.351 16.1117850075 
330.22 16.1117850075 
331.089 16.1117850075 
331.958 16.1117850075 
332.827 16.1117850075 
333.696 16.1117850075 
334.565 16.1117850075 
335.434 16.1117850075 
336.303 16.1117850075 
337.172 16.1117850075 
338.041 16.1117850075 
338.91 16.1117850075 
339.779 16.1117850075 
340.648 16.1117850075 
341.517 16.1117850075 
342.386 16.1117850075 
343.255 16.1117850075 
344.124 16.1117850075 
344.993 16.1117850075 
345.862 16.1117850075 
346.731 16.1117850075 
347.6 16.1117850075 
348.469 16.1117850075 
349.338 16.1117850075 
350.207 16.1117850075 
351.076 16.1117850075 
351.945 16.1117850075 
352.814 16.1117850075 
353.683 16.1117850075 
354.552 16.1117850075 
355.421 16.1117850075 
356.29 16.1117850075 
357.159 16.1117850075 
358.028 16.1117850075 
358.897 16.1117850075 
359.766 16.1117850075 
360.635 16.1117850075 
361.504 16.1117850075 
362.373 16.1117850075 
363.242 16.1117850075 
364.111 16.1117850075 
364.98 16.1117850075 
365.849 16.1117850075 
366.718 16.1117850075 
367.587 16.1117850075 
368.456 16.1117850075 
369.325 16.1117850075 
370.194 16.1117850075 
371.063 16.1117850075 
371.932 16.1117850075 
372.801 16.1117850075 
373.67 16.1117850075 
374.539 16.1117850075 
375.408 16.1117850075 
376.277 16.1117850075 
377.146 16.1117850075 
378.015 16.1117850075 
378.884 16.1117850075 
379.753 16.1117850075 
380.622 16.1117850075 
381.491 16.1117850075 
382.36 16.1117850075 
383.229 16.1117850075 
384.098 16.1117850075 
384.967 16.1117850075 
385.836 16.1117850075 
386.705 16.1117850075 
387.574 16.1117850075 
388.443 16.1117850075 
389.312 16.1117850075 
390.181 16.1117850075 
391.05 16.1117850075 
391.919 16.1117850075 
392.788 16.1117850075 
393.657 16.1117850075 
394.526 16.1117850075 
395.395 16.1117850075 
396.264 16.1117850075 
397.133 16.1117850075 
398.002 16.1117850075 
398.871 16.1117850075 
399.74 16.1117850075 
400.609 16.1117850075 
401.478 16.1117850075 
402.347 16.1117850075 
403.216 16.1117850075 
404.085 16.1117850075 
404.954 16.1117850075 
405.823 16.1117850075 
406.692 16.1117850075 
407.561 16.1117850075 
408.43 16.1117850075 
409.299 16.1117850075 
410.168 16.1117850075 
411.037 16.1117850075 
411.906 16.1117850075 
412.775 16.1117850075 
413.644 16.1117850075 
414.513 16.1117850075 
415.382 16.1117850075 
416.251 16.1117850075 
417.12 16.1117850075 
417.989 16.1117850075 
418.858 16.1117850075 
419.727 16.1117850075 
420.596 16.1117850075 
421.465 16.1117850075 
422.334 16.1117850075 
423.203 16.1117850075 
424.072 16.1117850075 
424.941 16.1117850075 
425.81 16.1117850075 
426.679 16.1117850075 
427.548 16.1117850075 
428.417 16.1117850075 
429.286 16.1117850075 
430.155 16.1117850075 
431.024 16.1117850075 
431.893 16.1117850075 
432.762 16.1117850075 
433.631 16.1117850075 
434.5 16.1117850075 
435.369 16.1117850075 
436.238 16.1117850075 
437.107 16.1117850075 
437.976 16.1117850075 
438.845 16.1117850075 
439.714 16.1117850075 
440.583 16.1117850075 
441.452 16.1117850075 
442.321 16.1117850075 
443.19 16.1117850075 
444.059 16.1117850075 
444.928 16.1117850075 
445.797 16.1117850075 
446.666 16.1117850075 
447.535 16.1117850075 
448.404 16.1117850075 
449.273 16.1117850075 
450.142 16.1117850075 
451.011 16.1117850075 
451.88 16.1117850075 
452.749 16.1117850075 
453.618 16.1117850075 
454.487 16.1117850075 
455.356 16.1117850075 
456.225 16.1117850075 
457.094 16.1117850075 
457.963 16.1117850075 
458.832 16.1117850075 
459.701 16.1117850075 
460.57 16.1117850075 
461.439 16.1117850075 
462.308 16.1117850075 
463.177 16.1117850075 
464.046 16.1117850075 
464.915 16.1117850075 
465.784 16.1117850075 
466.653 16.1117850075 
467.522 16.1117850075 
468.391 16.1117850075 
469.26 16.1117850075 
470.129 16.1117850075 
470.998 16.1117850075 
471.867 16.1117850075 
472.736 16.1117850075 
473.605 16.1117850075 
474.474 15.2075 
475.343 15.2075 
476.212 15.2075 
477.081 15.2075 
477.95 15.2075 
478.819 15.2075 
479.688 15.2075 
480.557 15.2075 
481.426 15.2075 
482.295 15.2075 
483.164 15.2075 
484.033 15.2075 
484.902 15.2075 
485.771 15.2075 
486.64 15.2075 
487.509 15.2075 
488.378 15.2075 
489.247 15.2075 
490.116 15.2075 
490.985 15.2075 
491.854 15.2075 
492.723 15.2075 
493.592 15.2075 
494.461 15.2075 
495.33 15.2075 
496.199 15.2075 
497.068 15.2075 
497.937 15.2075 
498.806 15.2075 
499.675 15.2075 
500.544 15.2075 
501.413 15.2075 
502.282 15.2075 
503.151 15.2075 
504.02 15.2075 
504.889 15.2075 
505.758 15.2075 
506.627 15.2075 
507.496 15.2075 
508.365 15.2075 
509.234 15.2075 
510.103 15.2075 
510.972 15.2075 
511.841 15.2075 
512.71 15.2075 
513.579 15.2075 
514.448 15.2075 
515.317 15.2075 
516.186 15.2075 
517.055 15.2075 
517.924 15.2075 
518.793 15.2075 
519.662 15.2075 
520.531 15.2075 
521.4 15.2075 
522.269 15.2075 
523.138 15.2075 
524.007 15.2075 
524.876 15.2075 
525.745 15.2075 
526.614 15.2075 
527.483 15.2075 
528.352 15.2075 
529.221 15.2075 
530.09 15.2075 
530.959 15.2075 
531.828 15.2075 
532.697 15.2075 
533.566 15.2075 
534.435 15.2075 
535.304 15.2075 
536.173 15.2075 
537.042 15.2075 
537.911 15.2075 
538.78 15.2075 
539.649 15.2075 
540.518 16.1117850075 
541.387 16.1117850075 
542.256 16.1117850075 
543.125 16.1117850075 
543.994 16.1117850075 
544.863 16.1117850075 
545.732 16.1117850075 
546.601 16.1117850075 
547.47 16.1117850075 
548.339 16.1117850075 
549.208 16.1117850075 
550.077 16.1117850075 
550.946 16.1117850075 
551.815 16.1117850075 
552.684 16.1117850075 
553.553 16.1117850075 
554.422 16.1117850075 
555.291 16.1117850075 
556.16 16.1117850075 
557.029 16.1117850075 
557.898 16.1117850075 
558.767 16.1117850075 
559.636 16.1117850075 
560.505 16.1117850075 
561.374 16.1117850075 
562.243 16.1117850075 
563.112 16.1117850075 
563.981 16.1117850075 
564.85 16.1117850075 
565.719 16.1117850075 
566.588 16.1117850075 
567.457 16.1117850075 
568.326 16.1117850075 
569.195 16.1117850075 
570.064 16.1117850075 
570.933 16.1117850075 
571.802 16.1117850075 
572.671 16.1117850075 
573.54 16.1117850075 
574.409 16.1117850075 
575.278 16.1117850075 
576.147 16.1117850075 
577.016 16.1117850075 
577.885 16.1117850075 
578.754 16.1117850075 
579.623 16.1117850075 
580.492 16.1117850075 
581.361 16.1117850075 
582.23 16.1117850075 
583.099 16.1117850075 
583.968 16.1117850075 
584.837 16.1117850075 
585.706 16.1117850075 
586.575 16.1117850075 
587.444 16.1117850075 
588.313 16.1117850075 
589.182 16.1117850075 
590.051 16.1117850075 
590.92 16.1117850075 
591.789 16.1117850075 
592.658 16.1117850075 
593.527 16.1117850075 
594.396 16.1117850075 
595.265 16.1117850075 
596.134 16.1117850075 
597.003 16.1117850075 
597.872 16.1117850075 
598.741 16.1117850075 
599.61 16.1117850075 
600.479 16.1117850075 
601.348 16.1117850075 
602.217 16.1117850075 
603.086 16.1117850075 
603.955 16.1117850075 
604.824 16.1117850075 
605.693 16.1117850075 
606.562 16.1117850075 
607.431 16.1117850075 
