0.0 7.17698430505 
0.869 7.17698430505 
1.738 7.17698430505 
2.607 7.17698430505 
3.476 6.77417112806 
4.345 6.77417112806 
5.214 6.77417112806 
6.083 6.77417112806 
6.952 6.77417112806 
7.821 6.77417112806 
8.69 6.39396611749 
9.559 6.39396611749 
10.428 6.39396611749 
11.297 6.39396611749 
12.166 6.39396611749 
13.035 6.39396611749 
13.904 4.26746039992 
14.773 4.26746039992 
15.642 4.26746039992 
16.511 4.02794625187 
17.38 4.02794625187 
18.249 4.02794625187 
19.118 4.02794625187 
19.987 3.801875 
20.856 3.801875 
21.725 3.801875 
22.594 3.801875 
23.463 3.801875 
24.332 3.801875 
25.201 3.801875 
26.07 3.801875 
26.939 3.801875 
27.808 3.801875 
28.677 3.801875 
29.546 3.801875 
30.415 3.801875 
31.284 3.801875 
32.153 4.79006234157 
33.022 4.79006234157 
33.891 4.79006234157 
34.76 4.79006234157 
35.629 4.79006234157 
36.498 4.79006234157 
37.367 4.79006234157 
38.236 4.79006234157 
39.105 4.79006234157 
39.974 4.79006234157 
40.843 4.79006234157 
41.712 4.79006234157 
42.581 4.79006234157 
43.45 4.79006234157 
44.319 4.79006234157 
45.188 4.79006234157 
46.057 4.52121680035 
46.926 4.52121680035 
47.795 4.52121680035 
48.664 4.52121680035 
49.533 4.52121680035 
50.402 4.52121680035 
51.271 4.52121680035 
52.14 4.52121680035 
53.009 4.52121680035 
53.878 4.52121680035 
54.747 4.52121680035 
55.616 4.52121680035 
56.485 4.52121680035 
57.354 4.52121680035 
58.223 4.52121680035 
59.092 4.52121680035 
59.961 4.52121680035 
60.83 4.26746039992 
61.699 4.26746039992 
62.568 4.26746039992 
63.437 4.26746039992 
64.306 4.26746039992 
65.175 8.05589250373 
66.044 8.05589250373 
66.913 8.05589250373 
67.782 8.05589250373 
68.651 8.05589250373 
69.52 8.05589250373 
70.389 8.05589250373 
71.258 8.05589250373 
72.127 8.05589250373 
72.996 8.05589250373 
73.865 8.05589250373 
74.734 4.26746039992 
75.603 4.26746039992 
76.472 4.26746039992 
77.341 4.26746039992 
78.21 4.26746039992 
79.079 4.26746039992 
79.948 4.52121680035 
80.817 4.52121680035 
81.686 4.52121680035 
82.555 4.52121680035 
83.424 4.52121680035 
84.293 4.52121680035 
85.162 4.52121680035 
86.031 4.52121680035 
86.9 4.52121680035 
87.769 4.52121680035 
88.638 4.52121680035 
89.507 4.52121680035 
90.376 4.79006234157 
91.245 4.79006234157 
92.114 4.79006234157 
92.983 4.79006234157 
93.852 4.79006234157 
94.721 7.17698430505 
95.59 7.17698430505 
96.459 7.17698430505 
97.328 7.17698430505 
98.197 7.17698430505 
99.066 7.17698430505 
99.935 7.17698430505 
100.804 3.801875 
101.673 3.801875 
102.542 3.801875 
103.411 3.801875 
104.28 3.801875 
105.149 3.801875 
106.018 3.801875 
106.887 3.801875 
107.756 3.801875 
108.625 3.801875 
109.494 3.801875 
110.363 3.801875 
111.232 3.801875 
112.101 3.801875 
112.97 3.801875 
113.839 3.801875 
114.708 4.02794625187 
115.577 4.02794625187 
116.446 7.17698430505 
117.315 7.17698430505 
118.184 7.17698430505 
119.053 7.17698430505 
119.922 7.17698430505 
120.791 7.17698430505 
121.66 7.17698430505 
122.529 7.17698430505 
123.398 7.17698430505 
124.267 7.17698430505 
125.136 7.17698430505 
126.005 7.17698430505 
126.874 7.17698430505 
127.743 6.77417112806 
128.612 6.77417112806 
129.481 6.77417112806 
130.35 6.77417112806 
131.219 6.77417112806 
132.088 6.77417112806 
132.957 6.77417112806 
133.826 6.77417112806 
134.695 6.77417112806 
135.564 6.77417112806 
136.433 5.37666318745 
137.302 5.37666318745 
138.171 5.37666318745 
139.04 5.37666318745 
139.909 5.37666318745 
140.778 5.37666318745 
141.647 5.37666318745 
142.516 5.6963762179 
143.385 5.6963762179 
144.254 5.6963762179 
145.123 5.6963762179 
145.992 5.6963762179 
146.861 5.6963762179 
147.73 5.6963762179 
148.599 5.6963762179 
149.468 5.6963762179 
150.337 5.6963762179 
151.206 5.6963762179 
152.075 22.7855048716 
152.944 22.7855048716 
153.813 22.7855048716 
154.682 22.7855048716 
155.551 22.7855048716 
156.42 22.7855048716 
157.289 22.7855048716 
158.158 22.7855048716 
159.027 4.26746039992 
159.896 4.26746039992 
160.765 4.02794625187 
161.634 4.02794625187 
162.503 4.02794625187 
163.372 4.02794625187 
164.241 4.02794625187 
165.11 4.02794625187 
165.979 4.02794625187 
166.848 4.02794625187 
167.717 4.02794625187 
168.586 4.02794625187 
169.455 4.02794625187 
170.324 4.02794625187 
171.193 4.02794625187 
172.062 4.02794625187 
172.931 4.02794625187 
173.8 4.02794625187 
174.669 22.7855048716 
175.538 22.7855048716 
176.407 22.7855048716 
177.276 22.7855048716 
178.145 22.7855048716 
179.014 22.7855048716 
179.883 22.7855048716 
180.752 22.7855048716 
181.621 22.7855048716 
182.49 22.7855048716 
183.359 22.7855048716 
184.228 22.7855048716 
185.097 22.7855048716 
185.966 22.7855048716 
186.835 22.7855048716 
187.704 22.7855048716 
188.573 22.7855048716 
189.442 22.7855048716 
190.311 22.7855048716 
191.18 22.7855048716 
192.049 22.7855048716 
192.918 22.7855048716 
193.787 22.7855048716 
194.656 22.7855048716 
195.525 22.7855048716 
196.394 22.7855048716 
197.263 22.7855048716 
198.132 22.7855048716 
199.001 22.7855048716 
199.87 22.7855048716 
200.739 22.7855048716 
201.608 22.7855048716 
202.477 22.7855048716 
203.346 22.7855048716 
204.215 22.7855048716 
205.084 22.7855048716 
205.953 21.5066527498 
206.822 21.5066527498 
207.691 21.5066527498 
208.56 21.5066527498 
209.429 21.5066527498 
210.298 21.5066527498 
211.167 21.5066527498 
212.036 21.5066527498 
212.905 21.5066527498 
213.774 21.5066527498 
214.643 21.5066527498 
215.512 21.5066527498 
216.381 21.5066527498 
217.25 21.5066527498 
218.119 21.5066527498 
218.988 21.5066527498 
219.857 21.5066527498 
220.726 21.5066527498 
221.595 21.5066527498 
222.464 21.5066527498 
223.333 21.5066527498 
224.202 21.5066527498 
225.071 21.5066527498 
225.94 21.5066527498 
226.809 21.5066527498 
227.678 21.5066527498 
228.547 21.5066527498 
229.416 20.2995770823 
230.285 20.2995770823 
231.154 20.2995770823 
232.023 20.2995770823 
232.892 20.2995770823 
233.761 20.2995770823 
234.63 20.2995770823 
235.499 20.2995770823 
236.368 20.2995770823 
237.237 20.2995770823 
238.106 20.2995770823 
238.975 20.2995770823 
239.844 20.2995770823 
240.713 20.2995770823 
241.582 20.2995770823 
242.451 20.2995770823 
243.32 20.2995770823 
244.189 20.2995770823 
245.058 20.2995770823 
245.927 20.2995770823 
246.796 20.2995770823 
247.665 19.1602493663 
248.534 19.1602493663 
249.403 19.1602493663 
250.272 19.1602493663 
251.141 19.1602493663 
252.01 19.1602493663 
252.879 19.1602493663 
253.748 19.1602493663 
254.617 19.1602493663 
255.486 19.1602493663 
256.355 19.1602493663 
257.224 19.1602493663 
258.093 19.1602493663 
258.962 19.1602493663 
259.831 19.1602493663 
260.7 19.1602493663 
261.569 19.1602493663 
262.438 19.1602493663 
263.307 19.1602493663 
264.176 19.1602493663 
265.045 19.1602493663 
265.914 19.1602493663 
266.783 19.1602493663 
267.652 19.1602493663 
268.521 19.1602493663 
269.39 19.1602493663 
270.259 19.1602493663 
271.128 19.1602493663 
271.997 19.1602493663 
272.866 19.1602493663 
273.735 19.1602493663 
274.604 19.1602493663 
275.473 19.1602493663 
276.342 19.1602493663 
277.211 19.1602493663 
278.08 19.1602493663 
278.949 18.0848672014 
279.818 18.0848672014 
280.687 18.0848672014 
281.556 18.0848672014 
282.425 18.0848672014 
283.294 18.0848672014 
284.163 18.0848672014 
285.032 18.0848672014 
285.901 18.0848672014 
286.77 18.0848672014 
287.639 18.0848672014 
288.508 18.0848672014 
289.377 18.0848672014 
290.246 18.0848672014 
291.115 18.0848672014 
291.984 18.0848672014 
292.853 18.0848672014 
293.722 18.0848672014 
294.591 18.0848672014 
295.46 18.0848672014 
296.329 18.0848672014 
297.198 18.0848672014 
298.067 18.0848672014 
298.936 18.0848672014 
299.805 18.0848672014 
300.674 18.0848672014 
301.543 18.0848672014 
302.412 18.0848672014 
303.281 18.0848672014 
304.15 18.0848672014 
305.019 18.0848672014 
305.888 18.0848672014 
306.757 18.0848672014 
307.626 18.0848672014 
308.495 18.0848672014 
309.364 18.0848672014 
310.233 18.0848672014 
311.102 18.0848672014 
311.971 18.0848672014 
312.84 18.0848672014 
313.709 18.0848672014 
314.578 18.0848672014 
315.447 18.0848672014 
316.316 18.0848672014 
317.185 18.0848672014 
318.054 18.0848672014 
318.923 18.0848672014 
319.792 18.0848672014 
320.661 18.0848672014 
321.53 17.0698415997 
322.399 17.0698415997 
323.268 17.0698415997 
324.137 17.0698415997 
325.006 17.0698415997 
325.875 17.0698415997 
326.744 17.0698415997 
327.613 17.0698415997 
328.482 17.0698415997 
329.351 17.0698415997 
330.22 17.0698415997 
331.089 17.0698415997 
331.958 17.0698415997 
332.827 17.0698415997 
333.696 17.0698415997 
334.565 17.0698415997 
335.434 17.0698415997 
336.303 17.0698415997 
337.172 17.0698415997 
338.041 17.0698415997 
338.91 17.0698415997 
339.779 17.0698415997 
340.648 17.0698415997 
341.517 17.0698415997 
342.386 17.0698415997 
343.255 17.0698415997 
344.124 17.0698415997 
344.993 17.0698415997 
345.862 17.0698415997 
346.731 17.0698415997 
347.6 17.0698415997 
348.469 17.0698415997 
349.338 17.0698415997 
350.207 17.0698415997 
351.076 17.0698415997 
351.945 16.1117850075 
352.814 16.1117850075 
353.683 16.1117850075 
354.552 16.1117850075 
355.421 16.1117850075 
356.29 16.1117850075 
357.159 16.1117850075 
358.028 16.1117850075 
358.897 16.1117850075 
359.766 16.1117850075 
360.635 16.1117850075 
361.504 16.1117850075 
362.373 16.1117850075 
363.242 16.1117850075 
364.111 16.1117850075 
364.98 16.1117850075 
365.849 16.1117850075 
366.718 16.1117850075 
367.587 16.1117850075 
368.456 16.1117850075 
369.325 16.1117850075 
370.194 16.1117850075 
371.063 16.1117850075 
371.932 16.1117850075 
372.801 16.1117850075 
373.67 16.1117850075 
374.539 16.1117850075 
375.408 16.1117850075 
376.277 16.1117850075 
377.146 16.1117850075 
378.015 16.1117850075 
378.884 16.1117850075 
379.753 16.1117850075 
380.622 16.1117850075 
381.491 16.1117850075 
382.36 16.1117850075 
383.229 16.1117850075 
384.098 16.1117850075 
384.967 16.1117850075 
385.836 16.1117850075 
386.705 16.1117850075 
387.574 16.1117850075 
388.443 16.1117850075 
389.312 16.1117850075 
390.181 16.1117850075 
391.05 16.1117850075 
391.919 16.1117850075 
392.788 16.1117850075 
393.657 16.1117850075 
394.526 16.1117850075 
395.395 16.1117850075 
396.264 16.1117850075 
397.133 16.1117850075 
398.002 16.1117850075 
398.871 16.1117850075 
399.74 16.1117850075 
400.609 16.1117850075 
401.478 16.1117850075 
402.347 16.1117850075 
403.216 16.1117850075 
404.085 16.1117850075 
404.954 16.1117850075 
405.823 16.1117850075 
406.692 16.1117850075 
407.561 16.1117850075 
408.43 16.1117850075 
409.299 16.1117850075 
410.168 16.1117850075 
411.037 16.1117850075 
411.906 16.1117850075 
412.775 16.1117850075 
413.644 16.1117850075 
414.513 16.1117850075 
415.382 16.1117850075 
416.251 16.1117850075 
417.12 16.1117850075 
417.989 16.1117850075 
418.858 16.1117850075 
419.727 16.1117850075 
420.596 16.1117850075 
421.465 16.1117850075 
422.334 16.1117850075 
423.203 16.1117850075 
424.072 16.1117850075 
424.941 16.1117850075 
425.81 16.1117850075 
426.679 16.1117850075 
427.548 16.1117850075 
428.417 16.1117850075 
429.286 16.1117850075 
430.155 16.1117850075 
431.024 16.1117850075 
431.893 16.1117850075 
432.762 16.1117850075 
433.631 16.1117850075 
434.5 16.1117850075 
435.369 16.1117850075 
436.238 16.1117850075 
437.107 16.1117850075 
437.976 16.1117850075 
438.845 16.1117850075 
439.714 16.1117850075 
440.583 16.1117850075 
441.452 16.1117850075 
442.321 16.1117850075 
443.19 16.1117850075 
444.059 16.1117850075 
444.928 16.1117850075 
445.797 16.1117850075 
446.666 16.1117850075 
447.535 16.1117850075 
448.404 16.1117850075 
449.273 16.1117850075 
450.142 16.1117850075 
451.011 16.1117850075 
451.88 16.1117850075 
452.749 16.1117850075 
453.618 16.1117850075 
454.487 16.1117850075 
455.356 16.1117850075 
456.225 16.1117850075 
457.094 16.1117850075 
457.963 16.1117850075 
458.832 16.1117850075 
459.701 16.1117850075 
460.57 16.1117850075 
461.439 16.1117850075 
462.308 16.1117850075 
463.177 16.1117850075 
464.046 16.1117850075 
464.915 16.1117850075 
465.784 16.1117850075 
466.653 16.1117850075 
467.522 16.1117850075 
468.391 16.1117850075 
469.26 16.1117850075 
470.129 16.1117850075 
470.998 16.1117850075 
471.867 16.1117850075 
472.736 16.1117850075 
473.605 16.1117850075 
474.474 16.1117850075 
475.343 16.1117850075 
476.212 16.1117850075 
477.081 16.1117850075 
477.95 16.1117850075 
478.819 16.1117850075 
479.688 16.1117850075 
480.557 16.1117850075 
481.426 16.1117850075 
482.295 16.1117850075 
483.164 16.1117850075 
484.033 16.1117850075 
484.902 16.1117850075 
485.771 16.1117850075 
486.64 16.1117850075 
487.509 16.1117850075 
488.378 16.1117850075 
489.247 16.1117850075 
490.116 16.1117850075 
490.985 16.1117850075 
491.854 16.1117850075 
492.723 16.1117850075 
493.592 16.1117850075 
494.461 16.1117850075 
495.33 16.1117850075 
496.199 16.1117850075 
497.068 17.0698415997 
497.937 17.0698415997 
498.806 17.0698415997 
499.675 17.0698415997 
500.544 17.0698415997 
501.413 17.0698415997 
502.282 17.0698415997 
503.151 17.0698415997 
504.02 17.0698415997 
504.889 17.0698415997 
505.758 17.0698415997 
506.627 17.0698415997 
507.496 17.0698415997 
508.365 17.0698415997 
509.234 17.0698415997 
510.103 17.0698415997 
510.972 17.0698415997 
511.841 17.0698415997 
512.71 17.0698415997 
513.579 17.0698415997 
514.448 17.0698415997 
515.317 17.0698415997 
516.186 17.0698415997 
517.055 17.0698415997 
517.924 17.0698415997 
518.793 17.0698415997 
519.662 17.0698415997 
520.531 17.0698415997 
521.4 17.0698415997 
522.269 17.0698415997 
523.138 17.0698415997 
524.007 17.0698415997 
524.876 17.0698415997 
525.745 17.0698415997 
526.614 17.0698415997 
527.483 17.0698415997 
528.352 17.0698415997 
529.221 17.0698415997 
530.09 17.0698415997 
530.959 17.0698415997 
531.828 17.0698415997 
532.697 17.0698415997 
533.566 17.0698415997 
534.435 17.0698415997 
535.304 17.0698415997 
536.173 17.0698415997 
537.042 17.0698415997 
537.911 17.0698415997 
538.78 17.0698415997 
539.649 17.0698415997 
540.518 17.0698415997 
541.387 17.0698415997 
542.256 17.0698415997 
543.125 17.0698415997 
543.994 17.0698415997 
544.863 17.0698415997 
545.732 17.0698415997 
546.601 17.0698415997 
547.47 17.0698415997 
548.339 17.0698415997 
549.208 17.0698415997 
550.077 17.0698415997 
550.946 17.0698415997 
551.815 17.0698415997 
552.684 17.0698415997 
553.553 17.0698415997 
554.422 17.0698415997 
555.291 17.0698415997 
556.16 17.0698415997 
557.029 16.1117850075 
557.898 16.1117850075 
558.767 16.1117850075 
559.636 16.1117850075 
560.505 16.1117850075 
561.374 16.1117850075 
562.243 16.1117850075 
563.112 16.1117850075 
563.981 16.1117850075 
564.85 16.1117850075 
565.719 16.1117850075 
566.588 16.1117850075 
567.457 16.1117850075 
568.326 16.1117850075 
569.195 3.801875 
570.064 3.801875 
570.933 3.801875 
571.802 3.801875 
572.671 3.801875 
573.54 3.801875 
574.409 3.801875 
575.278 6.03510037445 
576.147 6.03510037445 
577.016 6.03510037445 
577.885 6.03510037445 
578.754 6.03510037445 
579.623 6.03510037445 
580.492 6.03510037445 
581.361 6.03510037445 
582.23 6.03510037445 
583.099 6.03510037445 
583.968 6.03510037445 
584.837 6.03510037445 
585.706 6.03510037445 
586.575 6.03510037445 
587.444 5.6963762179 
588.313 5.6963762179 
589.182 5.6963762179 
590.051 5.6963762179 
590.92 5.6963762179 
591.789 5.6963762179 
592.658 7.17698430505 
593.527 7.17698430505 
594.396 7.17698430505 
595.265 7.17698430505 
596.134 7.17698430505 
597.003 7.17698430505 
597.872 7.17698430505 
598.741 7.17698430505 
599.61 7.17698430505 
600.479 7.17698430505 
601.348 7.17698430505 
602.217 7.17698430505 
603.086 7.17698430505 
603.955 7.17698430505 
604.824 7.17698430505 
605.693 7.17698430505 
606.562 7.17698430505 
607.431 7.17698430505 
