AR 369 %.6g
0
-9.03311e-06
-3.5832e-05
-7.99458e-05
-0.000140924
-0.000218315
-0.000311669
-0.000420536
-0.000544463
-0.000683001
-0.000835698
-0.0010021
-0.00118177
-0.00137424
-0.00157907
-0.0017958
-0.00202399
-0.00226319
-0.00251294
-0.00277279
-0.00304229
-0.00332099
-0.00360845
-0.0039042
-0.00420781
-0.00451881
-0.00483676
-0.00516121
-0.0054917
-0.00582779
-0.00616902
-0.00651495
-0.00686512
-0.00721908
-0.00757638
-0.00793658
-0.00829921
-0.0085688
-0.00884348
-0.00912348
-0.00940905
-0.00970041
-0.0099978
-0.0103015
-0.0106116
-0.0109285
-0.0112524
-0.0115835
-0.011922
-0.0122682
-0.0126223
-0.0129846
-0.0133552
-0.0137345
-0.0141226
-0.0145198
-0.0149263
-0.0153424
-0.0157683
-0.0162042
-0.0166504
-0.0171071
-0.0175745
-0.0180529
-0.0185425
-0.0190436
-0.0195563
-0.0200809
-0.0206177
-0.0211668
-0.0217286
-0.0223033
-0.022891
-0.023492
-0.0242314
-0.0249753
-0.0257227
-0.0264726
-0.0272242
-0.0279763
-0.028728
-0.0294783
-0.0302262
-0.0309708
-0.031711
-0.0324459
-0.0331745
-0.0338959
-0.0346089
-0.0353127
-0.0360062
-0.0366885
-0.0373586
-0.0380156
-0.0386583
-0.0392859
-0.0398973
-0.0404916
-0.0410678
-0.0416249
-0.0421619
-0.0426778
-0.0431717
-0.0436426
-0.0440894
-0.0445113
-0.0449071
-0.045276
-0.045617
-0.045929
-0.0462111
-0.0464283
-0.0466256
-0.046803
-0.0469608
-0.0470989
-0.0472175
-0.0473165
-0.0473961
-0.0474565
-0.0474975
-0.0475194
-0.0475221
-0.0475059
-0.0474706
-0.0474165
-0.0473437
-0.0472521
-0.0471418
-0.047013
-0.0468658
-0.0467001
-0.0465161
-0.0463138
-0.0460934
-0.0458549
-0.0455983
-0.0453238
-0.0450315
-0.0447214
-0.0443935
-0.044048
-0.043685
-0.0433045
-0.0429066
-0.0424914
-0.042059
-0.0416094
-0.0409712
-0.0403249
-0.0396718
-0.0390134
-0.0383511
-0.0376864
-0.0370207
-0.0363555
-0.0356922
-0.0350322
-0.0343771
-0.0337283
-0.0330871
-0.0324551
-0.0318337
-0.0312244
-0.0306286
-0.0300477
-0.0294832
-0.0289366
-0.0284093
-0.0279027
-0.0274183
-0.0269575
-0.0265218
-0.0261127
-0.0257315
-0.0253798
-0.0250589
-0.0247704
-0.0245156
-0.0242961
-0.0241132
-0.0239685
-0.0238633
-0.0237991
-0.0237774
-0.0237991
-0.0238633
-0.0239685
-0.0241132
-0.0242961
-0.0245156
-0.0247704
-0.0250589
-0.0253798
-0.0257315
-0.0261127
-0.0265218
-0.0269575
-0.0274183
-0.0279027
-0.0284093
-0.0289366
-0.0294832
-0.0300477
-0.0306286
-0.0312244
-0.0318337
-0.0324551
-0.0330871
-0.0337283
-0.0343771
-0.0350322
-0.0356922
-0.0363555
-0.0370207
-0.0376864
-0.0383511
-0.0390134
-0.0396718
-0.0403249
-0.0409712
-0.0416094
-0.042059
-0.0424914
-0.0429066
-0.0433045
-0.043685
-0.044048
-0.0443935
-0.0447214
-0.0450315
-0.0453238
-0.0455983
-0.0458549
-0.0460934
-0.0463138
-0.0465161
-0.0467001
-0.0468658
-0.047013
-0.0471418
-0.0472521
-0.0473437
-0.0474165
-0.0474706
-0.0475059
-0.0475221
-0.0475194
-0.0474975
-0.0474565
-0.0473961
-0.0473165
-0.0472175
-0.0470989
-0.0469608
-0.046803
-0.0466256
-0.0464283
-0.0462111
-0.045929
-0.045617
-0.045276
-0.0449071
-0.0445113
-0.0440894
-0.0436426
-0.0431717
-0.0426778
-0.0421619
-0.0416249
-0.0410678
-0.0404916
-0.0398973
-0.0392859
-0.0386583
-0.0380156
-0.0373586
-0.0366885
-0.0360062
-0.0353127
-0.0346089
-0.0338959
-0.0331745
-0.0324459
-0.031711
-0.0309708
-0.0302262
-0.0294783
-0.028728
-0.0279763
-0.0272242
-0.0264726
-0.0257227
-0.0249753
-0.0242314
-0.023492
-0.022891
-0.0223033
-0.0217286
-0.0211668
-0.0206177
-0.0200809
-0.0195563
-0.0190436
-0.0185425
-0.0180529
-0.0175745
-0.0171071
-0.0166504
-0.0162042
-0.0157683
-0.0153424
-0.0149263
-0.0145198
-0.0141226
-0.0137345
-0.0133552
-0.0129846
-0.0126223
-0.0122682
-0.011922
-0.0115835
-0.0112524
-0.0109285
-0.0106116
-0.0103015
-0.0099978
-0.00970041
-0.00940905
-0.00912348
-0.00884348
-0.0085688
-0.00829921
-0.00793658
-0.00757638
-0.00721908
-0.00686512
-0.00651495
-0.00616902
-0.00582779
-0.0054917
-0.00516121
-0.00483676
-0.00451881
-0.00420781
-0.0039042
-0.00360845
-0.00332099
-0.00304229
-0.00277279
-0.00251294
-0.00226319
-0.00202399
-0.0017958
-0.00157907
-0.00137424
-0.00118177
-0.0010021
-0.000835698
-0.000683001
-0.000544463
-0.000420536
-0.000311669
-0.000218315
-0.000140924
-7.99458e-05
-3.5832e-05
-9.03311e-06
0
