AR 369 %.6g
0
-4.57832e-06
-1.81131e-05
-4.0304e-05
-7.08508e-05
-0.000109453
-0.000155811
-0.000209624
-0.000270591
-0.000338413
-0.000412789
-0.000493419
-0.000580003
-0.00067224
-0.00076983
-0.000872473
-0.000979868
-0.00109172
-0.00120771
-0.00132757
-0.00145097
-0.00157762
-0.00170723
-0.00183948
-0.00197408
-0.00211074
-0.00224914
-0.002389
-0.00253
-0.00267185
-0.00281425
-0.0029569
-0.0030995
-0.00324174
-0.00338333
-0.00352397
-0.00366335
-0.00377172
-0.00388101
-0.00399127
-0.00410254
-0.00421488
-0.00432831
-0.0044429
-0.00455867
-0.00467569
-0.00479398
-0.00491361
-0.0050346
-0.00515702
-0.00528089
-0.00540627
-0.0055332
-0.00566173
-0.0057919
-0.00592375
-0.00605733
-0.00619269
-0.00632987
-0.00646891
-0.00660987
-0.00675277
-0.00689768
-0.00704462
-0.00719366
-0.00734483
-0.00749818
-0.00765375
-0.00781159
-0.00797174
-0.00813424
-0.00829915
-0.00846651
-0.00863635
-0.00886457
-0.00909335
-0.00932236
-0.00955124
-0.00977968
-0.0100073
-0.0102338
-0.0104589
-0.0106822
-0.0109033
-0.0111219
-0.0113378
-0.0115505
-0.0117597
-0.0119651
-0.0121663
-0.0123631
-0.012555
-0.0127417
-0.0129229
-0.0130983
-0.0132676
-0.0134303
-0.0135861
-0.0137348
-0.0138759
-0.0140092
-0.0141343
-0.0142508
-0.0143585
-0.014457
-0.0145459
-0.0146249
-0.0146937
-0.014752
-0.0147993
-0.0148355
-0.0148174
-0.0147923
-0.0147604
-0.014722
-0.0146771
-0.014626
-0.014569
-0.0145063
-0.014438
-0.0143643
-0.0142856
-0.0142019
-0.0141136
-0.0140208
-0.0139237
-0.0138225
-0.0137175
-0.0136089
-0.0134968
-0.0133816
-0.0132633
-0.0131422
-0.0130186
-0.0128926
-0.0127644
-0.0126343
-0.0125025
-0.0123691
-0.0122344
-0.0120987
-0.011962
-0.0118247
-0.0116869
-0.0115488
-0.0114107
-0.0112728
-0.0111353
-0.0110026
-0.0108705
-0.010739
-0.0106085
-0.010479
-0.0103508
-0.010224
-0.0100988
-0.00997533
-0.00985381
-0.0097344
-0.00961728
-0.00950261
-0.00939058
-0.00928136
-0.00917512
-0.00907204
-0.00897229
-0.00887604
-0.00878348
-0.00869476
-0.00861008
-0.00852959
-0.00845348
-0.00838192
-0.00831508
-0.00825315
-0.00819628
-0.00814466
-0.00809846
-0.00805786
-0.00802302
-0.00799413
-0.00797136
-0.00795487
-0.00794485
-0.00794148
-0.00794485
-0.00795487
-0.00797136
-0.00799413
-0.00802302
-0.00805786
-0.00809846
-0.00814466
-0.00819628
-0.00825315
-0.00831508
-0.00838192
-0.00845348
-0.00852959
-0.00861008
-0.00869476
-0.00878348
-0.00887604
-0.00897229
-0.00907204
-0.00917512
-0.00928136
-0.00939058
-0.00950261
-0.00961728
-0.0097344
-0.00985381
-0.00997533
-0.0100988
-0.010224
-0.0103508
-0.010479
-0.0106085
-0.010739
-0.0108705
-0.0110026
-0.0111353
-0.0112728
-0.0114107
-0.0115488
-0.0116869
-0.0118247
-0.011962
-0.0120987
-0.0122344
-0.0123691
-0.0125025
-0.0126343
-0.0127644
-0.0128926
-0.0130186
-0.0131422
-0.0132633
-0.0133816
-0.0134968
-0.0136089
-0.0137175
-0.0138225
-0.0139237
-0.0140208
-0.0141136
-0.0142019
-0.0142856
-0.0143643
-0.014438
-0.0145063
-0.014569
-0.014626
-0.0146771
-0.014722
-0.0147604
-0.0147923
-0.0148174
-0.0148355
-0.0147993
-0.014752
-0.0146937
-0.0146249
-0.0145459
-0.014457
-0.0143585
-0.0142508
-0.0141343
-0.0140092
-0.0138759
-0.0137348
-0.0135861
-0.0134303
-0.0132676
-0.0130983
-0.0129229
-0.0127417
-0.012555
-0.0123631
-0.0121663
-0.0119651
-0.0117597
-0.0115505
-0.0113378
-0.0111219
-0.0109033
-0.0106822
-0.0104589
-0.0102338
-0.0100073
-0.00977968
-0.00955124
-0.00932236
-0.00909335
-0.00886457
-0.00863635
-0.00846651
-0.00829915
-0.00813424
-0.00797174
-0.00781159
-0.00765375
-0.00749818
-0.00734483
-0.00719366
-0.00704462
-0.00689768
-0.00675277
-0.00660987
-0.00646891
-0.00632987
-0.00619269
-0.00605733
-0.00592375
-0.0057919
-0.00566173
-0.0055332
-0.00540627
-0.00528089
-0.00515702
-0.0050346
-0.00491361
-0.00479398
-0.00467569
-0.00455867
-0.0044429
-0.00432831
-0.00421488
-0.00410254
-0.00399127
-0.00388101
-0.00377172
-0.00366335
-0.00352397
-0.00338333
-0.00324174
-0.0030995
-0.0029569
-0.00281425
-0.00267185
-0.00253
-0.002389
-0.00224914
-0.00211074
-0.00197408
-0.00183948
-0.00170723
-0.00157762
-0.00145097
-0.00132757
-0.00120771
-0.00109172
-0.000979868
-0.000872473
-0.00076983
-0.00067224
-0.000580003
-0.000493419
-0.000412789
-0.000338413
-0.000270591
-0.000209624
-0.000155811
-0.000109453
-7.08508e-05
-4.0304e-05
-1.81131e-05
-4.57832e-06
0
