AR 359 %.6g
1.24077e-21
-6.48385e-07
-2.75635e-06
-6.5681e-06
-1.23279e-05
-2.02798e-05
-3.06682e-05
-4.37373e-05
-5.97311e-05
-7.88941e-05
-0.00010147
-0.000127704
-0.000157839
-0.000192121
-0.000230792
-0.000274098
-0.000322282
-0.000375589
-0.000434263
-0.000498549
-0.000568689
-0.000644929
-0.000727513
-0.000816685
-0.00091269
-0.00101577
-0.00112617
-0.00124414
-0.00136991
-0.00150374
-0.00164587
-0.00179654
-0.00195599
-0.00212447
-0.00230223
-0.00248951
-0.00275235
-0.00302714
-0.003314
-0.00361303
-0.00392434
-0.00424804
-0.00458422
-0.004933
-0.00529448
-0.00566877
-0.00605598
-0.00645621
-0.00686956
-0.00729614
-0.00773607
-0.00818944
-0.00865636
-0.00913694
-0.00963128
-0.0101395
-0.0106617
-0.0111979
-0.0117484
-0.0123132
-0.0128923
-0.013486
-0.0140942
-0.0147172
-0.015355
-0.0160078
-0.0166756
-0.0173585
-0.0180567
-0.0187702
-0.0194992
-0.0202438
-0.0212149
-0.0221915
-0.0231718
-0.0241544
-0.0251376
-0.0261197
-0.0270992
-0.0280744
-0.0290438
-0.0300057
-0.0309586
-0.0319007
-0.0328305
-0.0337464
-0.0346468
-0.0355301
-0.0363945
-0.0372387
-0.0380608
-0.0388593
-0.0396327
-0.0403792
-0.0410973
-0.0417854
-0.0424419
-0.043065
-0.0436533
-0.0442052
-0.0447189
-0.0451929
-0.0456256
-0.0460154
-0.0463606
-0.0466597
-0.046911
-0.0471129
-0.0468378
-0.046526
-0.046179
-0.0457982
-0.0453851
-0.0449411
-0.0444678
-0.0439665
-0.0434388
-0.0428861
-0.0423099
-0.0417116
-0.0410927
-0.0404546
-0.0397988
-0.0391269
-0.0384401
-0.0377401
-0.0370282
-0.036306
-0.0355748
-0.0348362
-0.0340917
-0.0333425
-0.0325904
-0.0318366
-0.0310827
-0.0303301
-0.0295803
-0.0288348
-0.0280949
-0.0273623
-0.0266382
-0.0259243
-0.0252219
-0.0245326
-0.0240022
-0.0234812
-0.0229698
-0.0224685
-0.0219774
-0.021497
-0.0210276
-0.0205694
-0.0201229
-0.0196883
-0.019266
-0.0188562
-0.0184594
-0.0180758
-0.0177058
-0.0173496
-0.0170077
-0.0166803
-0.0163677
-0.0160704
-0.0157885
-0.0155225
-0.0152727
-0.0150393
-0.0148227
-0.0146233
-0.0144413
-0.0142771
-0.014131
-0.0140033
-0.0138944
-0.0138046
-0.0137341
-0.0136834
-0.0136527
-0.0136424
-0.0136527
-0.0136834
-0.0137341
-0.0138046
-0.0138944
-0.0140033
-0.014131
-0.0142771
-0.0144413
-0.0146233
-0.0148227
-0.0150393
-0.0152727
-0.0155225
-0.0157885
-0.0160704
-0.0163677
-0.0166803
-0.0170077
-0.0173496
-0.0177058
-0.0180758
-0.0184594
-0.0188562
-0.019266
-0.0196883
-0.0201229
-0.0205694
-0.0210276
-0.021497
-0.0219774
-0.0224685
-0.0229698
-0.0234812
-0.0240022
-0.0245326
-0.0252219
-0.0259243
-0.0266382
-0.0273623
-0.0280949
-0.0288348
-0.0295803
-0.0303301
-0.0310827
-0.0318366
-0.0325904
-0.0333425
-0.0340917
-0.0348362
-0.0355748
-0.036306
-0.0370282
-0.0377401
-0.0384401
-0.0391269
-0.0397988
-0.0404546
-0.0410927
-0.0417116
-0.0423099
-0.0428861
-0.0434388
-0.0439665
-0.0444678
-0.0449411
-0.0453851
-0.0457982
-0.046179
-0.046526
-0.0468378
-0.0471129
-0.046911
-0.0466597
-0.0463606
-0.0460154
-0.0456256
-0.0451929
-0.0447189
-0.0442052
-0.0436533
-0.043065
-0.0424419
-0.0417854
-0.0410973
-0.0403792
-0.0396327
-0.0388593
-0.0380608
-0.0372387
-0.0363945
-0.0355301
-0.0346468
-0.0337464
-0.0328305
-0.0319007
-0.0309586
-0.0300057
-0.0290438
-0.0280744
-0.0270992
-0.0261197
-0.0251376
-0.0241544
-0.0231718
-0.0221915
-0.0212149
-0.0202438
-0.0194992
-0.0187702
-0.0180567
-0.0173585
-0.0166756
-0.0160078
-0.015355
-0.0147172
-0.0140942
-0.013486
-0.0128923
-0.0123132
-0.0117484
-0.0111979
-0.0106617
-0.0101395
-0.00963128
-0.00913694
-0.00865636
-0.00818944
-0.00773607
-0.00729614
-0.00686956
-0.00645621
-0.00605598
-0.00566877
-0.00529448
-0.004933
-0.00458422
-0.00424804
-0.00392434
-0.00361303
-0.003314
-0.00302714
-0.00275235
-0.00248951
-0.00230223
-0.00212447
-0.00195599
-0.00179654
-0.00164587
-0.00150374
-0.00136991
-0.00124414
-0.00112617
-0.00101577
-0.00091269
-0.000816685
-0.000727513
-0.000644929
-0.000568689
-0.000498549
-0.000434263
-0.000375589
-0.000322282
-0.000274098
-0.000230792
-0.000192121
-0.000157839
-0.000127704
-0.00010147
-7.88941e-05
-5.97311e-05
-4.37373e-05
-3.06682e-05
-2.02798e-05
-1.23279e-05
-6.5681e-06
-2.75635e-06
-6.48385e-07
1.24077e-21
