AR 369 %.6g
0
-4.24915e-06
-1.68912e-05
-3.77679e-05
-6.67213e-05
-0.000103593
-0.000148225
-0.00020046
-0.000260138
-0.000327102
-0.000401195
-0.000482256
-0.00057013
-0.000664657
-0.000765679
-0.000873038
-0.000986576
-0.00110614
-0.00123156
-0.00136268
-0.00149936
-0.00164142
-0.00178871
-0.00194107
-0.00209835
-0.00226038
-0.00242701
-0.00259808
-0.00277344
-0.00295291
-0.00313635
-0.0033236
-0.0035145
-0.00370888
-0.0039066
-0.0041075
-0.00431141
-0.00447948
-0.00465324
-0.00483293
-0.00501879
-0.00521105
-0.00540997
-0.00561579
-0.00582875
-0.00604909
-0.00627705
-0.00651288
-0.00675682
-0.00700911
-0.00726999
-0.00753971
-0.00781852
-0.00810664
-0.00840433
-0.00871182
-0.00902937
-0.0093572
-0.00969557
-0.0100447
-0.0104049
-0.0107763
-0.0111593
-0.0115539
-0.0119606
-0.0123795
-0.0128109
-0.013255
-0.0137121
-0.0141823
-0.014666
-0.0151634
-0.0156747
-0.0162002
-0.0168636
-0.0175317
-0.0182035
-0.0188782
-0.0195546
-0.0202317
-0.0209085
-0.0215841
-0.0222573
-0.0229272
-0.0235927
-0.0242529
-0.0249067
-0.0255531
-0.0261911
-0.0268196
-0.0274377
-0.0280444
-0.0286386
-0.0292193
-0.0297855
-0.0303361
-0.0308703
-0.0313869
-0.0318849
-0.0323633
-0.0328211
-0.0332573
-0.0336709
-0.0340608
-0.0344261
-0.0347657
-0.0350786
-0.0353637
-0.0356202
-0.0358469
-0.0360429
-0.0360278
-0.0359916
-0.0359349
-0.0358582
-0.0357622
-0.0356474
-0.0355145
-0.0353641
-0.0351968
-0.0350132
-0.0348138
-0.0345994
-0.0343704
-0.0341276
-0.0338715
-0.0336026
-0.0333217
-0.0330294
-0.0327261
-0.0324126
-0.0320895
-0.0317572
-0.0314166
-0.0310681
-0.0307123
-0.0303499
-0.0299815
-0.0296077
-0.029229
-0.0288461
-0.0284596
-0.0280701
-0.0276782
-0.0272846
-0.0268897
-0.0264942
-0.0260988
-0.0257029
-0.0253079
-0.0249141
-0.0245221
-0.0241326
-0.0237461
-0.0233632
-0.0229845
-0.0226104
-0.0222416
-0.0218787
-0.0215223
-0.0211728
-0.0208308
-0.0204971
-0.020172
-0.0198562
-0.0195502
-0.0192547
-0.0189701
-0.0186972
-0.0184363
-0.0181881
-0.0179532
-0.0177322
-0.0175255
-0.0173338
-0.0171577
-0.0169977
-0.0168544
-0.0167283
-0.0166201
-0.0165303
-0.0164594
-0.0164081
-0.0163769
-0.0163664
-0.0163769
-0.0164081
-0.0164594
-0.0165303
-0.0166201
-0.0167283
-0.0168544
-0.0169977
-0.0171577
-0.0173338
-0.0175255
-0.0177322
-0.0179532
-0.0181881
-0.0184363
-0.0186972
-0.0189701
-0.0192547
-0.0195502
-0.0198562
-0.020172
-0.0204971
-0.0208308
-0.0211728
-0.0215223
-0.0218787
-0.0222416
-0.0226104
-0.0229845
-0.0233632
-0.0237461
-0.0241326
-0.0245221
-0.0249141
-0.0253079
-0.0257029
-0.0260988
-0.0264942
-0.0268897
-0.0272846
-0.0276782
-0.0280701
-0.0284596
-0.0288461
-0.029229
-0.0296077
-0.0299815
-0.0303499
-0.0307123
-0.0310681
-0.0314166
-0.0317572
-0.0320895
-0.0324126
-0.0327261
-0.0330294
-0.0333217
-0.0336026
-0.0338715
-0.0341276
-0.0343704
-0.0345994
-0.0348138
-0.0350132
-0.0351968
-0.0353641
-0.0355145
-0.0356474
-0.0357622
-0.0358582
-0.0359349
-0.0359916
-0.0360278
-0.0360429
-0.0358469
-0.0356202
-0.0353637
-0.0350786
-0.0347657
-0.0344261
-0.0340608
-0.0336709
-0.0332573
-0.0328211
-0.0323633
-0.0318849
-0.0313869
-0.0308703
-0.0303361
-0.0297855
-0.0292193
-0.0286386
-0.0280444
-0.0274377
-0.0268196
-0.0261911
-0.0255531
-0.0249067
-0.0242529
-0.0235927
-0.0229272
-0.0222573
-0.0215841
-0.0209085
-0.0202317
-0.0195546
-0.0188782
-0.0182035
-0.0175317
-0.0168636
-0.0162002
-0.0156747
-0.0151634
-0.014666
-0.0141823
-0.0137121
-0.013255
-0.0128109
-0.0123795
-0.0119606
-0.0115539
-0.0111593
-0.0107763
-0.0104049
-0.0100447
-0.00969557
-0.0093572
-0.00902937
-0.00871182
-0.00840433
-0.00810664
-0.00781852
-0.00753971
-0.00726999
-0.00700911
-0.00675682
-0.00651288
-0.00627705
-0.00604909
-0.00582875
-0.00561579
-0.00540997
-0.00521105
-0.00501879
-0.00483293
-0.00465324
-0.00447948
-0.00431141
-0.0041075
-0.0039066
-0.00370888
-0.0035145
-0.0033236
-0.00313635
-0.00295291
-0.00277344
-0.00259808
-0.00242701
-0.00226038
-0.00209835
-0.00194107
-0.00178871
-0.00164142
-0.00149936
-0.00136268
-0.00123156
-0.00110614
-0.000986576
-0.000873038
-0.000765679
-0.000664657
-0.00057013
-0.000482256
-0.000401195
-0.000327102
-0.000260138
-0.00020046
-0.000148225
-0.000103593
-6.67213e-05
-3.77679e-05
-1.68912e-05
-4.24915e-06
0
