AR 365 %.6g
0
-4.53735e-06
-1.79259e-05
-3.98306e-05
-6.99163e-05
-0.000107848
-0.00015329
-0.000205907
-0.000265365
-0.000331328
-0.000403461
-0.000481429
-0.000564897
-0.000653529
-0.00074699
-0.000844946
-0.000947061
-0.001053
-0.00116243
-0.00127501
-0.00139041
-0.00150829
-0.00162832
-0.00175017
-0.00187349
-0.00199795
-0.00212322
-0.00224897
-0.00237485
-0.00250053
-0.00262568
-0.00274997
-0.00287305
-0.00299459
-0.00311425
-0.00323171
-0.00334662
-0.00342386
-0.00350075
-0.00357734
-0.00365367
-0.00372977
-0.0038057
-0.00388148
-0.00395716
-0.00403278
-0.00410838
-0.00418399
-0.00425966
-0.00433544
-0.00441135
-0.00448744
-0.00456374
-0.00464031
-0.00471718
-0.00479438
-0.00487197
-0.00494997
-0.00502843
-0.0051074
-0.0051869
-0.00526698
-0.00534768
-0.00542904
-0.0055111
-0.0055939
-0.00567748
-0.00576189
-0.00584715
-0.00593331
-0.00602041
-0.00610849
-0.00619759
-0.00629197
-0.00638618
-0.00648016
-0.00657382
-0.0066671
-0.0067599
-0.00685217
-0.00694381
-0.00703475
-0.00712492
-0.00721423
-0.00730261
-0.00738999
-0.00747627
-0.0075614
-0.00764528
-0.00772785
-0.00780903
-0.00788873
-0.00796688
-0.00804341
-0.00811823
-0.00819128
-0.00826246
-0.00833171
-0.00839895
-0.00846409
-0.00852707
-0.00858781
-0.00864622
-0.00870224
-0.00875578
-0.00880676
-0.00885512
-0.00890077
-0.00894363
-0.00898363
-0.00903336
-0.00908104
-0.00912662
-0.00917002
-0.00921121
-0.00925012
-0.00928671
-0.00932091
-0.00935268
-0.00938195
-0.00940868
-0.00943281
-0.00945428
-0.00947304
-0.00948903
-0.00950221
-0.00951251
-0.00951988
-0.00952427
-0.00952563
-0.00952389
-0.009519
-0.00951091
-0.00949957
-0.00948491
-0.00946689
-0.00944545
-0.00942053
-0.00939209
-0.00936006
-0.00932439
-0.00928503
-0.00924193
-0.00919502
-0.00914425
-0.00908957
-0.00898506
-0.00887836
-0.00876974
-0.00865949
-0.00854791
-0.00843526
-0.00832185
-0.00820795
-0.00809385
-0.00797983
-0.00786618
-0.00775318
-0.00764113
-0.00753029
-0.00742097
-0.00731344
-0.00720799
-0.00710491
-0.00700448
-0.00690698
-0.0068127
-0.00672192
-0.00663494
-0.00655203
-0.00647348
-0.00639958
-0.00633061
-0.00626685
-0.00620859
-0.00615612
-0.00610972
-0.00606968
-0.00603628
-0.0060098
-0.00599054
-0.00597877
-0.00597479
-0.00597877
-0.00599054
-0.0060098
-0.00603628
-0.00606968
-0.00610972
-0.00615612
-0.00620859
-0.00626685
-0.00633061
-0.00639958
-0.00647348
-0.00655203
-0.00663494
-0.00672192
-0.0068127
-0.00690698
-0.00700448
-0.00710491
-0.00720799
-0.00731344
-0.00742097
-0.00753029
-0.00764113
-0.00775318
-0.00786618
-0.00797983
-0.00809385
-0.00820795
-0.00832185
-0.00843526
-0.00854791
-0.00865949
-0.00876974
-0.00887836
-0.00898506
-0.00908957
-0.00914425
-0.00919502
-0.00924193
-0.00928503
-0.00932439
-0.00936006
-0.00939209
-0.00942053
-0.00944545
-0.00946689
-0.00948491
-0.00949957
-0.00951091
-0.009519
-0.00952389
-0.00952563
-0.00952427
-0.00951988
-0.00951251
-0.00950221
-0.00948903
-0.00947304
-0.00945428
-0.00943281
-0.00940868
-0.00938195
-0.00935268
-0.00932091
-0.00928671
-0.00925012
-0.00921121
-0.00917002
-0.00912662
-0.00908104
-0.00903336
-0.00898363
-0.00894363
-0.00890077
-0.00885512
-0.00880676
-0.00875578
-0.00870224
-0.00864622
-0.00858781
-0.00852707
-0.00846409
-0.00839895
-0.00833171
-0.00826246
-0.00819128
-0.00811823
-0.00804341
-0.00796688
-0.00788873
-0.00780903
-0.00772785
-0.00764528
-0.0075614
-0.00747627
-0.00738999
-0.00730261
-0.00721423
-0.00712492
-0.00703475
-0.00694381
-0.00685217
-0.0067599
-0.0066671
-0.00657382
-0.00648016
-0.00638618
-0.00629197
-0.00619759
-0.00610849
-0.00602041
-0.00593331
-0.00584715
-0.00576189
-0.00567748
-0.0055939
-0.0055111
-0.00542904
-0.00534768
-0.00526698
-0.0051869
-0.0051074
-0.00502843
-0.00494997
-0.00487197
-0.00479438
-0.00471718
-0.00464031
-0.00456374
-0.00448744
-0.00441135
-0.00433544
-0.00425966
-0.00418399
-0.00410838
-0.00403278
-0.00395716
-0.00388148
-0.0038057
-0.00372977
-0.00365367
-0.00357734
-0.00350075
-0.00342386
-0.00334662
-0.00323171
-0.00311425
-0.00299459
-0.00287305
-0.00274997
-0.00262568
-0.00250053
-0.00237485
-0.00224897
-0.00212322
-0.00199795
-0.00187349
-0.00175017
-0.00162832
-0.00150829
-0.00139041
-0.00127501
-0.00116243
-0.001053
-0.000947061
-0.000844946
-0.00074699
-0.000653529
-0.000564897
-0.000481429
-0.000403461
-0.000331328
-0.000265365
-0.000205907
-0.00015329
-0.000107848
-6.99163e-05
-3.98306e-05
-1.79259e-05
-4.53735e-06
0
