AR 369 %.6g
0
-4.34005e-05
-0.000169342
-0.000371435
-0.00064329
-0.000978516
-0.00137072
-0.00181352
-0.00230053
-0.00282534
-0.00338158
-0.00396285
-0.00456277
-0.00517494
-0.00579297
-0.00641048
-0.00702107
-0.00761835
-0.00819594
-0.00874745
-0.00926648
-0.00974664
-0.0101816
-0.0105648
-0.0102795
-0.009965
-0.00962512
-0.00926383
-0.00888507
-0.00849277
-0.00809087
-0.0076833
-0.00727399
-0.00686688
-0.00646589
-0.00607497
-0.00569804
-0.00533905
-0.00500192
-0.00469058
-0.00440898
-0.00416103
-0.00395069
-0.00378188
-0.00365853
-0.00358458
-0.00356396
-0.00394152
-0.0043528
-0.00479503
-0.00526544
-0.00576125
-0.00627969
-0.00681798
-0.00737336
-0.00794304
-0.00852427
-0.00911426
-0.00971024
-0.0103094
-0.0109091
-0.0115064
-0.0120986
-0.012683
-0.0132567
-0.013817
-0.014361
-0.0148862
-0.0153896
-0.0158684
-0.0160423
-0.0162214
-0.0164102
-0.0166127
-0.0168334
-0.0170763
-0.0173459
-0.0176462
-0.0179817
-0.0183564
-0.0187748
-0.019241
-0.0197592
-0.0203338
-0.020969
-0.021669
-0.0224381
-0.0232805
-0.0242005
-0.0252023
-0.0262902
-0.0274685
-0.0287413
-0.0305301
-0.0323547
-0.0342069
-0.0360789
-0.0379625
-0.0398498
-0.0417328
-0.0436035
-0.0454538
-0.0472758
-0.0490614
-0.0508027
-0.0524916
-0.0541202
-0.0556803
-0.0571641
-0.0585635
-0.0598705
-0.0610771
-0.0621753
-0.0631571
-0.0640145
-0.0647394
-0.0645992
-0.0643808
-0.064092
-0.0637403
-0.0633335
-0.0628792
-0.0623852
-0.061859
-0.0613084
-0.060741
-0.0601646
-0.0595867
-0.0590151
-0.0584574
-0.0579214
-0.0574146
-0.0569448
-0.0565196
-0.0561467
-0.0558338
-0.0555886
-0.0554187
-0.0553318
-0.0566187
-0.0579499
-0.0593137
-0.0606985
-0.0620926
-0.0634843
-0.0648621
-0.0662142
-0.067529
-0.068795
-0.0700003
-0.0711334
-0.0721826
-0.0731363
-0.0739828
-0.0747104
-0.0753076
-0.0757627
-0.076064
-0.0761999
-0.0761587
-0.0759288
-0.0754985
-0.0733755
-0.0711528
-0.0688486
-0.0664809
-0.0640677
-0.0616271
-0.0591771
-0.0567358
-0.0543212
-0.0519514
-0.0496444
-0.0474182
-0.0452909
-0.0432806
-0.0414053
-0.039683
-0.0381318
-0.0367698
-0.0356149
-0.0346853
-0.0339989
-0.0335738
-0.0334281
-0.0335738
-0.0339989
-0.0346853
-0.0356149
-0.0367698
-0.0381318
-0.039683
-0.0414053
-0.0432806
-0.0452909
-0.0474182
-0.0496444
-0.0519514
-0.0543212
-0.0567358
-0.0591771
-0.0616271
-0.0640677
-0.0664809
-0.0688486
-0.0711528
-0.0733755
-0.0754985
-0.0759288
-0.0761587
-0.0761999
-0.076064
-0.0757627
-0.0753076
-0.0747104
-0.0739828
-0.0731363
-0.0721826
-0.0711334
-0.0700003
-0.068795
-0.067529
-0.0662142
-0.0648621
-0.0634843
-0.0620926
-0.0606985
-0.0593137
-0.0579499
-0.0566187
-0.0553318
-0.0554187
-0.0555886
-0.0558338
-0.0561467
-0.0565196
-0.0569448
-0.0574146
-0.0579214
-0.0584574
-0.0590151
-0.0595867
-0.0601646
-0.060741
-0.0613084
-0.061859
-0.0623852
-0.0628792
-0.0633335
-0.0637403
-0.064092
-0.0643808
-0.0645992
-0.0647394
-0.0640145
-0.0631571
-0.0621753
-0.0610771
-0.0598705
-0.0585635
-0.0571641
-0.0556803
-0.0541202
-0.0524916
-0.0508027
-0.0490614
-0.0472758
-0.0454538
-0.0436035
-0.0417328
-0.0398498
-0.0379625
-0.0360789
-0.0342069
-0.0323547
-0.0305301
-0.0287413
-0.0274685
-0.0262902
-0.0252023
-0.0242005
-0.0232805
-0.0224381
-0.021669
-0.020969
-0.0203338
-0.0197592
-0.019241
-0.0187748
-0.0183564
-0.0179817
-0.0176462
-0.0173459
-0.0170763
-0.0168334
-0.0166127
-0.0164102
-0.0162214
-0.0160423
-0.0158684
-0.0153896
-0.0148862
-0.014361
-0.013817
-0.0132567
-0.012683
-0.0120986
-0.0115064
-0.0109091
-0.0103094
-0.00971024
-0.00911426
-0.00852427
-0.00794304
-0.00737336
-0.00681798
-0.00627969
-0.00576125
-0.00526544
-0.00479503
-0.0043528
-0.00394152
-0.00356396
-0.00358458
-0.00365853
-0.00378188
-0.00395069
-0.00416103
-0.00440898
-0.00469058
-0.00500192
-0.00533905
-0.00569804
-0.00607497
-0.00646589
-0.00686688
-0.00727399
-0.0076833
-0.00809087
-0.00849277
-0.00888507
-0.00926383
-0.00962512
-0.009965
-0.0102795
-0.0105648
-0.0101816
-0.00974664
-0.00926648
-0.00874745
-0.00819594
-0.00761835
-0.00702107
-0.00641048
-0.00579297
-0.00517494
-0.00456277
-0.00396285
-0.00338158
-0.00282534
-0.00230053
-0.00181352
-0.00137072
-0.000978516
-0.00064329
-0.000371435
-0.000169342
-4.34005e-05
0
