AR 367 %.6g
-2.77933e-22
8.81232e-07
3.26829e-06
6.77623e-06
1.10201e-05
1.56149e-05
2.01758e-05
2.43177e-05
2.76558e-05
2.9805e-05
3.03804e-05
2.89971e-05
2.52701e-05
1.88145e-05
9.24529e-06
-3.82247e-06
-2.07737e-05
-4.19934e-05
-6.78665e-05
-9.87779e-05
-0.000135113
-0.000177256
-0.000225592
-0.000280506
-0.000342384
-0.000411609
-0.000488568
-0.000573644
-0.000667224
-0.000769691
-0.000881431
-0.00100283
-0.00113427
-0.00127614
-0.00142882
-0.0015927
-0.00176816
-0.00204709
-0.00234037
-0.00264815
-0.00297058
-0.00330781
-0.00366
-0.00402729
-0.00440984
-0.0048078
-0.00522132
-0.00565056
-0.00609566
-0.00655678
-0.00703407
-0.00752769
-0.00803777
-0.00856448
-0.00910797
-0.00966839
-0.0102459
-0.0108406
-0.0114527
-0.0120824
-0.0127297
-0.0133949
-0.0140781
-0.0147794
-0.015499
-0.0162371
-0.0169938
-0.0177692
-0.0185635
-0.0193769
-0.0202095
-0.0210614
-0.0219329
-0.022824
-0.0239319
-0.0250454
-0.0261628
-0.0272824
-0.0284024
-0.029521
-0.0306366
-0.0317472
-0.0328513
-0.0339471
-0.0350328
-0.0361066
-0.0371669
-0.0382118
-0.0392396
-0.0402487
-0.0412371
-0.0422033
-0.0431453
-0.0440616
-0.0449503
-0.0458097
-0.046638
-0.0474335
-0.0481945
-0.0489192
-0.0496058
-0.0502527
-0.050858
-0.05142
-0.051937
-0.0524072
-0.0528288
-0.0532002
-0.0535196
-0.0537851
-0.0535149
-0.0532055
-0.0528587
-0.0524761
-0.0520596
-0.0516109
-0.0511316
-0.0506236
-0.0500885
-0.0495281
-0.0489441
-0.0483383
-0.0477123
-0.047068
-0.046407
-0.0457311
-0.0450419
-0.0443414
-0.043631
-0.0429127
-0.0421881
-0.041459
-0.040727
-0.039994
-0.0392617
-0.0385317
-0.0378058
-0.0370858
-0.0363734
-0.0356702
-0.0349782
-0.0342988
-0.033634
-0.0329855
-0.0323549
-0.031744
-0.0311545
-0.0308474
-0.0305532
-0.0302715
-0.0300021
-0.0297448
-0.0294993
-0.0292654
-0.0290428
-0.0288313
-0.0286306
-0.0284405
-0.0282607
-0.028091
-0.0279311
-0.0277808
-0.0276399
-0.0275081
-0.0273851
-0.0272707
-0.0271646
-0.0270667
-0.0269766
-0.0268941
-0.026819
-0.026751
-0.0266899
-0.0266354
-0.0265872
-0.0265452
-0.026509
-0.0264785
-0.0264533
-0.0264333
-0.0264181
-0.0264076
-0.0264015
-0.0263995
-0.0264015
-0.0264076
-0.0264181
-0.0264333
-0.0264533
-0.0264785
-0.026509
-0.0265452
-0.0265872
-0.0266354
-0.0266899
-0.026751
-0.026819
-0.0268941
-0.0269766
-0.0270667
-0.0271646
-0.0272707
-0.0273851
-0.0275081
-0.0276399
-0.0277808
-0.0279311
-0.028091
-0.0282607
-0.0284405
-0.0286306
-0.0288313
-0.0290428
-0.0292654
-0.0294993
-0.0297448
-0.0300021
-0.0302715
-0.0305532
-0.0308474
-0.0311545
-0.031744
-0.0323549
-0.0329855
-0.033634
-0.0342988
-0.0349782
-0.0356702
-0.0363734
-0.0370858
-0.0378058
-0.0385317
-0.0392617
-0.039994
-0.040727
-0.041459
-0.0421881
-0.0429127
-0.043631
-0.0443414
-0.0450419
-0.0457311
-0.046407
-0.047068
-0.0477123
-0.0483383
-0.0489441
-0.0495281
-0.0500885
-0.0506236
-0.0511316
-0.0516109
-0.0520596
-0.0524761
-0.0528587
-0.0532055
-0.0535149
-0.0537851
-0.0535196
-0.0532002
-0.0528288
-0.0524072
-0.051937
-0.05142
-0.050858
-0.0502527
-0.0496058
-0.0489192
-0.0481945
-0.0474335
-0.046638
-0.0458097
-0.0449503
-0.0440616
-0.0431453
-0.0422033
-0.0412371
-0.0402487
-0.0392396
-0.0382118
-0.0371669
-0.0361066
-0.0350328
-0.0339471
-0.0328513
-0.0317472
-0.0306366
-0.029521
-0.0284024
-0.0272824
-0.0261628
-0.0250454
-0.0239319
-0.022824
-0.0219329
-0.0210614
-0.0202095
-0.0193769
-0.0185635
-0.0177692
-0.0169938
-0.0162371
-0.015499
-0.0147794
-0.0140781
-0.0133949
-0.0127297
-0.0120824
-0.0114527
-0.0108406
-0.0102459
-0.00966839
-0.00910797
-0.00856448
-0.00803777
-0.00752769
-0.00703407
-0.00655678
-0.00609566
-0.00565056
-0.00522132
-0.0048078
-0.00440984
-0.00402729
-0.00366
-0.00330781
-0.00297058
-0.00264815
-0.00234037
-0.00204709
-0.00176816
-0.0015927
-0.00142882
-0.00127614
-0.00113427
-0.00100283
-0.000881431
-0.000769691
-0.000667224
-0.000573644
-0.000488568
-0.000411609
-0.000342384
-0.000280506
-0.000225592
-0.000177256
-0.000135113
-9.87779e-05
-6.78665e-05
-4.19934e-05
-2.07737e-05
-3.82247e-06
9.24529e-06
1.88145e-05
2.52701e-05
2.89971e-05
3.03804e-05
2.9805e-05
2.76558e-05
2.43177e-05
2.01758e-05
1.56149e-05
1.10201e-05
6.77623e-06
3.26829e-06
8.81232e-07
-2.77933e-22
