AR 331 %.6g
-6.23628e-20
-4.60856e-06
-1.86829e-05
-4.25961e-05
-7.67211e-05
-0.000121431
-0.000177099
-0.000244097
-0.0003228
-0.00041358
-0.000516809
-0.000632862
-0.00076211
-0.000904927
-0.00106169
-0.00123276
-0.00141852
-0.00161935
-0.00183561
-0.00206767
-0.00231592
-0.00258071
-0.00286244
-0.00316146
-0.00354946
-0.00396352
-0.00440426
-0.00487231
-0.00536828
-0.0058928
-0.0064465
-0.00702998
-0.00764388
-0.00828881
-0.00896541
-0.00967428
-0.0104161
-0.0111913
-0.0120008
-0.012845
-0.0137246
-0.0146402
-0.0155925
-0.0165819
-0.0176093
-0.0186752
-0.0197802
-0.0209249
-0.0222665
-0.0236347
-0.0250269
-0.0264407
-0.0278735
-0.0293229
-0.0307864
-0.0322615
-0.0337457
-0.0352365
-0.0367315
-0.038228
-0.0397238
-0.0412161
-0.0427027
-0.0441809
-0.0456483
-0.0471024
-0.0485407
-0.0499607
-0.05136
-0.052736
-0.0540862
-0.0553828
-0.0566456
-0.0578718
-0.0590588
-0.0602041
-0.061305
-0.0623589
-0.0633632
-0.0643152
-0.0652124
-0.0660521
-0.0668317
-0.0675486
-0.0682001
-0.0687837
-0.0692967
-0.0697366
-0.0701006
-0.0703862
-0.0705908
-0.0707117
-0.0707463
-0.0706921
-0.0705463
-0.0699715
-0.0693357
-0.0686434
-0.0678992
-0.0671078
-0.0662737
-0.0654015
-0.0644958
-0.0635613
-0.0626024
-0.0616238
-0.0606301
-0.0596259
-0.0586157
-0.0576043
-0.056596
-0.0555956
-0.0546077
-0.0536368
-0.0526875
-0.0517644
-0.0508721
-0.0500153
-0.0496176
-0.0492458
-0.0488981
-0.0485727
-0.0482677
-0.0479812
-0.0477114
-0.0474566
-0.0472147
-0.0469841
-0.0467629
-0.0465491
-0.0463411
-0.0461369
-0.0459347
-0.0457327
-0.045529
-0.0453217
-0.0451092
-0.0448894
-0.0446606
-0.044421
-0.0441686
-0.0439017
-0.0434618
-0.0430216
-0.0425828
-0.0421472
-0.0417165
-0.0412922
-0.0408762
-0.04047
-0.0400754
-0.0396941
-0.0393277
-0.0389779
-0.0386464
-0.0383349
-0.0380451
-0.0377786
-0.0375372
-0.0373225
-0.0371362
-0.03698
-0.0368556
-0.0367647
-0.0367089
-0.0366899
-0.0367089
-0.0367647
-0.0368556
-0.03698
-0.0371362
-0.0373225
-0.0375372
-0.0377786
-0.0380451
-0.0383349
-0.0386464
-0.0389779
-0.0393277
-0.0396941
-0.0400754
-0.04047
-0.0408762
-0.0412922
-0.0417165
-0.0421472
-0.0425828
-0.0430216
-0.0434618
-0.0439017
-0.0441686
-0.044421
-0.0446606
-0.0448894
-0.0451092
-0.0453217
-0.045529
-0.0457327
-0.0459347
-0.0461369
-0.0463411
-0.0465491
-0.0467629
-0.0469841
-0.0472147
-0.0474566
-0.0477114
-0.0479812
-0.0482677
-0.0485727
-0.0488981
-0.0492458
-0.0496176
-0.0500153
-0.0508721
-0.0517644
-0.0526875
-0.0536368
-0.0546077
-0.0555956
-0.056596
-0.0576043
-0.0586157
-0.0596259
-0.0606301
-0.0616238
-0.0626024
-0.0635613
-0.0644958
-0.0654015
-0.0662737
-0.0671078
-0.0678992
-0.0686434
-0.0693357
-0.0699715
-0.0705463
-0.0706921
-0.0707463
-0.0707117
-0.0705908
-0.0703862
-0.0701006
-0.0697366
-0.0692967
-0.0687837
-0.0682001
-0.0675486
-0.0668317
-0.0660521
-0.0652124
-0.0643152
-0.0633632
-0.0623589
-0.061305
-0.0602041
-0.0590588
-0.0578718
-0.0566456
-0.0553828
-0.0540862
-0.052736
-0.05136
-0.0499607
-0.0485407
-0.0471024
-0.0456483
-0.0441809
-0.0427027
-0.0412161
-0.0397238
-0.038228
-0.0367315
-0.0352365
-0.0337457
-0.0322615
-0.0307864
-0.0293229
-0.0278735
-0.0264407
-0.0250269
-0.0236347
-0.0222665
-0.0209249
-0.0197802
-0.0186752
-0.0176093
-0.0165819
-0.0155925
-0.0146402
-0.0137246
-0.012845
-0.0120008
-0.0111913
-0.0104161
-0.00967428
-0.00896541
-0.00828881
-0.00764388
-0.00702998
-0.0064465
-0.0058928
-0.00536828
-0.00487231
-0.00440426
-0.00396352
-0.00354946
-0.00316146
-0.00286244
-0.00258071
-0.00231592
-0.00206767
-0.00183561
-0.00161935
-0.00141852
-0.00123276
-0.00106169
-0.000904927
-0.00076211
-0.000632862
-0.000516809
-0.00041358
-0.0003228
-0.000244097
-0.000177099
-0.000121431
-7.67211e-05
-4.25961e-05
-1.86829e-05
-4.60856e-06
-6.23628e-20
