AR 369 %.6g
0
-1.87656e-05
-7.31809e-05
-0.000160424
-0.000277672
-0.000422104
-0.000590897
-0.000781229
-0.000990279
-0.00121522
-0.00145324
-0.00170151
-0.0019572
-0.00221751
-0.00247959
-0.00274064
-0.00299783
-0.00324834
-0.00348934
-0.00371802
-0.00393154
-0.0041271
-0.00430187
-0.00445302
-0.00431946
-0.00417519
-0.00402219
-0.00386244
-0.00369794
-0.00353066
-0.0033626
-0.00319574
-0.00303206
-0.00287356
-0.00272221
-0.00258
-0.00244892
-0.00233096
-0.0022281
-0.00214232
-0.00207562
-0.00202997
-0.00200737
-0.00200979
-0.00203923
-0.00209768
-0.0021871
-0.00248056
-0.00279877
-0.00314077
-0.00350561
-0.00389236
-0.00430005
-0.00472773
-0.00517446
-0.00563929
-0.00612126
-0.00661943
-0.00713284
-0.00766055
-0.0082016
-0.00875505
-0.00931994
-0.00989532
-0.0104803
-0.0110738
-0.0116749
-0.0122828
-0.0128964
-0.0135148
-0.0141271
-0.0147466
-0.0153728
-0.0160055
-0.0166444
-0.017289
-0.0179391
-0.0185943
-0.0192542
-0.0199186
-0.020587
-0.0212592
-0.0219348
-0.0226135
-0.0232948
-0.0239786
-0.0246644
-0.0253519
-0.0260407
-0.0267306
-0.0274211
-0.028112
-0.0288029
-0.0294561
-0.0300947
-0.0307171
-0.0313217
-0.0319068
-0.0324709
-0.0330122
-0.0335291
-0.03402
-0.0344834
-0.0349174
-0.0353206
-0.0356912
-0.0360276
-0.0363283
-0.0365915
-0.0368157
-0.0369992
-0.0371403
-0.0372375
-0.0372891
-0.0372935
-0.037249
-0.0369561
-0.036634
-0.0362857
-0.0359143
-0.035523
-0.0351147
-0.0346926
-0.0342598
-0.0338193
-0.0333744
-0.0329279
-0.0324831
-0.032043
-0.0316107
-0.0311894
-0.030782
-0.0303917
-0.0300216
-0.0296747
-0.0293542
-0.0290631
-0.0288046
-0.0285817
-0.0286773
-0.0287868
-0.028907
-0.029035
-0.0291676
-0.0293018
-0.0294345
-0.0295627
-0.0296832
-0.0297931
-0.0298892
-0.0299685
-0.030028
-0.0300645
-0.030075
-0.0300565
-0.0300058
-0.02992
-0.0297959
-0.0296304
-0.0294206
-0.0291634
-0.0288556
-0.0280752
-0.0272727
-0.0264534
-0.0256227
-0.0247857
-0.0239479
-0.0231143
-0.0222904
-0.0214814
-0.0206926
-0.0199292
-0.0191966
-0.0185
-0.0178446
-0.0172359
-0.016679
-0.0161792
-0.0157419
-0.0153722
-0.0150755
-0.014857
-0.014722
-0.0146759
-0.014722
-0.014857
-0.0150755
-0.0153722
-0.0157419
-0.0161792
-0.016679
-0.0172359
-0.0178446
-0.0185
-0.0191966
-0.0199292
-0.0206926
-0.0214814
-0.0222904
-0.0231143
-0.0239479
-0.0247857
-0.0256227
-0.0264534
-0.0272727
-0.0280752
-0.0288556
-0.0291634
-0.0294206
-0.0296304
-0.0297959
-0.02992
-0.0300058
-0.0300565
-0.030075
-0.0300645
-0.030028
-0.0299685
-0.0298892
-0.0297931
-0.0296832
-0.0295627
-0.0294345
-0.0293018
-0.0291676
-0.029035
-0.028907
-0.0287868
-0.0286773
-0.0285817
-0.0288046
-0.0290631
-0.0293542
-0.0296747
-0.0300216
-0.0303917
-0.030782
-0.0311894
-0.0316107
-0.032043
-0.0324831
-0.0329279
-0.0333744
-0.0338193
-0.0342598
-0.0346926
-0.0351147
-0.035523
-0.0359143
-0.0362857
-0.036634
-0.0369561
-0.037249
-0.0372935
-0.0372891
-0.0372375
-0.0371403
-0.0369992
-0.0368157
-0.0365915
-0.0363283
-0.0360276
-0.0356912
-0.0353206
-0.0349174
-0.0344834
-0.03402
-0.0335291
-0.0330122
-0.0324709
-0.0319068
-0.0313217
-0.0307171
-0.0300947
-0.0294561
-0.0288029
-0.028112
-0.0274211
-0.0267306
-0.0260407
-0.0253519
-0.0246644
-0.0239786
-0.0232948
-0.0226135
-0.0219348
-0.0212592
-0.020587
-0.0199186
-0.0192542
-0.0185943
-0.0179391
-0.017289
-0.0166444
-0.0160055
-0.0153728
-0.0147466
-0.0141271
-0.0135148
-0.0128964
-0.0122828
-0.0116749
-0.0110738
-0.0104803
-0.00989532
-0.00931994
-0.00875505
-0.0082016
-0.00766055
-0.00713284
-0.00661943
-0.00612126
-0.00563929
-0.00517446
-0.00472773
-0.00430005
-0.00389236
-0.00350561
-0.00314077
-0.00279877
-0.00248056
-0.0021871
-0.00209768
-0.00203923
-0.00200979
-0.00200737
-0.00202997
-0.00207562
-0.00214232
-0.0022281
-0.00233096
-0.00244892
-0.00258
-0.00272221
-0.00287356
-0.00303206
-0.00319574
-0.0033626
-0.00353066
-0.00369794
-0.00386244
-0.00402219
-0.00417519
-0.00431946
-0.00445302
-0.00430187
-0.0041271
-0.00393154
-0.00371802
-0.00348934
-0.00324834
-0.00299783
-0.00274064
-0.00247959
-0.00221751
-0.0019572
-0.00170151
-0.00145324
-0.00121522
-0.000990279
-0.000781229
-0.000590897
-0.000422104
-0.000277672
-0.000160424
-7.31809e-05
-1.87656e-05
0
