AR 369 %.6g
0
-3.02094e-06
-1.20145e-05
-2.68769e-05
-4.75041e-05
-7.37924e-05
-0.000105638
-0.000142936
-0.000185585
-0.000233478
-0.000286513
-0.000344586
-0.000407593
-0.00047543
-0.000547993
-0.000625179
-0.000706883
-0.000793001
-0.00088343
-0.000978066
-0.0010768
-0.00117954
-0.00128618
-0.0013966
-0.00151071
-0.00162841
-0.00174958
-0.00187413
-0.00200195
-0.00213294
-0.002267
-0.00240401
-0.00254389
-0.00268651
-0.00283178
-0.0029796
-0.00312986
-0.00328245
-0.00343728
-0.00359424
-0.00375322
-0.00391413
-0.00407685
-0.00424129
-0.00440734
-0.00457489
-0.00474384
-0.00492886
-0.00511525
-0.00530287
-0.00549161
-0.00568132
-0.00587187
-0.00606314
-0.00625498
-0.00644727
-0.00663988
-0.00683267
-0.00702551
-0.00721827
-0.00741082
-0.00760302
-0.00779475
-0.00798586
-0.00817624
-0.00836574
-0.00855424
-0.0087416
-0.00892768
-0.00911237
-0.00929553
-0.00947701
-0.00965671
-0.00983447
-0.0100102
-0.0101837
-0.0103548
-0.0105236
-0.0106897
-0.0108531
-0.0110137
-0.0111712
-0.0113257
-0.0114769
-0.0116247
-0.011769
-0.0119097
-0.0120465
-0.0121795
-0.0123084
-0.0124332
-0.0125536
-0.0126696
-0.0127596
-0.0128459
-0.0129285
-0.0130074
-0.0130826
-0.0131541
-0.0132219
-0.0132859
-0.0133462
-0.0134027
-0.0134555
-0.0135045
-0.0135496
-0.013591
-0.0136286
-0.0136623
-0.0136922
-0.0137183
-0.0137405
-0.0137588
-0.0137733
-0.0137839
-0.0137905
-0.0137933
-0.0137922
-0.0137871
-0.013778
-0.0137651
-0.0137481
-0.0137272
-0.0137023
-0.0136734
-0.0136405
-0.0136036
-0.0135627
-0.0135177
-0.0134687
-0.0134156
-0.0133584
-0.0132972
-0.0132319
-0.0131625
-0.0130889
-0.0130113
-0.0129295
-0.0128435
-0.0127125
-0.0125794
-0.0124443
-0.0123076
-0.0121694
-0.01203
-0.0118896
-0.0117484
-0.0116066
-0.0114645
-0.0113223
-0.0111803
-0.0110385
-0.0108974
-0.010757
-0.0106177
-0.0104796
-0.010343
-0.0102081
-0.0100751
-0.00994421
-0.00981573
-0.00968985
-0.00956679
-0.00944678
-0.00933005
-0.00921681
-0.0091073
-0.00900173
-0.00890034
-0.00880335
-0.00871099
-0.00862347
-0.00854104
-0.0084639
-0.00839229
-0.00832643
-0.00826654
-0.00821286
-0.0081656
-0.008125
-0.00809127
-0.00806465
-0.00804535
-0.00803361
-0.00802965
-0.00803361
-0.00804535
-0.00806465
-0.00809127
-0.008125
-0.0081656
-0.00821286
-0.00826654
-0.00832643
-0.00839229
-0.0084639
-0.00854104
-0.00862347
-0.00871099
-0.00880335
-0.00890034
-0.00900173
-0.0091073
-0.00921681
-0.00933005
-0.00944678
-0.00956679
-0.00968985
-0.00981573
-0.00994421
-0.0100751
-0.0102081
-0.010343
-0.0104796
-0.0106177
-0.010757
-0.0108974
-0.0110385
-0.0111803
-0.0113223
-0.0114645
-0.0116066
-0.0117484
-0.0118896
-0.01203
-0.0121694
-0.0123076
-0.0124443
-0.0125794
-0.0127125
-0.0128435
-0.0129295
-0.0130113
-0.0130889
-0.0131625
-0.0132319
-0.0132972
-0.0133584
-0.0134156
-0.0134687
-0.0135177
-0.0135627
-0.0136036
-0.0136405
-0.0136734
-0.0137023
-0.0137272
-0.0137481
-0.0137651
-0.013778
-0.0137871
-0.0137922
-0.0137933
-0.0137905
-0.0137839
-0.0137733
-0.0137588
-0.0137405
-0.0137183
-0.0136922
-0.0136623
-0.0136286
-0.013591
-0.0135496
-0.0135045
-0.0134555
-0.0134027
-0.0133462
-0.0132859
-0.0132219
-0.0131541
-0.0130826
-0.0130074
-0.0129285
-0.0128459
-0.0127596
-0.0126696
-0.0125536
-0.0124332
-0.0123084
-0.0121795
-0.0120465
-0.0119097
-0.011769
-0.0116247
-0.0114769
-0.0113257
-0.0111712
-0.0110137
-0.0108531
-0.0106897
-0.0105236
-0.0103548
-0.0101837
-0.0100102
-0.00983447
-0.00965671
-0.00947701
-0.00929553
-0.00911237
-0.00892768
-0.0087416
-0.00855424
-0.00836574
-0.00817624
-0.00798586
-0.00779475
-0.00760302
-0.00741082
-0.00721827
-0.00702551
-0.00683267
-0.00663988
-0.00644727
-0.00625498
-0.00606314
-0.00587187
-0.00568132
-0.00549161
-0.00530287
-0.00511525
-0.00492886
-0.00474384
-0.00457489
-0.00440734
-0.00424129
-0.00407685
-0.00391413
-0.00375322
-0.00359424
-0.00343728
-0.00328245
-0.00312986
-0.0029796
-0.00283178
-0.00268651
-0.00254389
-0.00240401
-0.002267
-0.00213294
-0.00200195
-0.00187413
-0.00174958
-0.00162841
-0.00151071
-0.0013966
-0.00128618
-0.00117954
-0.0010768
-0.000978066
-0.00088343
-0.000793001
-0.000706883
-0.000625179
-0.000547993
-0.00047543
-0.000407593
-0.000344586
-0.000286513
-0.000233478
-0.000185585
-0.000142936
-0.000105638
-7.37924e-05
-4.75041e-05
-2.68769e-05
-1.20145e-05
-3.02094e-06
0
