AR 369 %.6g
0
-2.7671e-05
-0.000108296
-0.000238295
-0.000414086
-0.000632088
-0.00088872
-0.0011804
-0.00150355
-0.00185458
-0.00222993
-0.00262599
-0.0030392
-0.00346597
-0.00390272
-0.00434587
-0.00479184
-0.00523704
-0.00567791
-0.00611084
-0.00653228
-0.00693862
-0.0073263
-0.00769172
-0.00803132
-0.00834151
-0.0086187
-0.00850341
-0.00837256
-0.008228
-0.00807161
-0.00790528
-0.00773089
-0.00755029
-0.00736539
-0.00717804
-0.00699013
-0.00680354
-0.00662014
-0.0064418
-0.00627041
-0.00610785
-0.00595598
-0.00581669
-0.00569185
-0.00558334
-0.00549303
-0.00542281
-0.00537455
-0.00535012
-0.00535141
-0.00538029
-0.00543864
-0.00567176
-0.00592437
-0.00619575
-0.00648516
-0.00679186
-0.00711514
-0.00745424
-0.00780845
-0.00817703
-0.00855925
-0.00895437
-0.00936166
-0.0097804
-0.0102098
-0.0106493
-0.0110979
-0.0115551
-0.0120201
-0.0124921
-0.0129704
-0.0134543
-0.0139431
-0.014436
-0.0149323
-0.0154312
-0.015932
-0.0164673
-0.0170058
-0.0175467
-0.0180894
-0.0186332
-0.0191773
-0.0197211
-0.0202639
-0.0208049
-0.0213435
-0.0218789
-0.0224105
-0.0229375
-0.0234593
-0.0239751
-0.0244842
-0.0249859
-0.0254796
-0.0259645
-0.0264399
-0.0269051
-0.0273594
-0.0278021
-0.0282325
-0.0286499
-0.0290536
-0.0294429
-0.0296352
-0.0298138
-0.0299795
-0.0301332
-0.0302757
-0.0304078
-0.0305305
-0.0306445
-0.0307507
-0.0308501
-0.0309434
-0.0310314
-0.0311151
-0.0311953
-0.0312729
-0.0313486
-0.0314234
-0.0314981
-0.0315736
-0.0316507
-0.0317303
-0.0318132
-0.0319003
-0.0319924
-0.0320904
-0.0321951
-0.03253
-0.0328625
-0.0331907
-0.0335124
-0.0338257
-0.0341285
-0.0344186
-0.0346941
-0.0349529
-0.0351928
-0.0354119
-0.0356081
-0.0357794
-0.0359236
-0.0360386
-0.0361225
-0.0361732
-0.0361886
-0.0361667
-0.0361053
-0.0360024
-0.0358561
-0.0356641
-0.0354244
-0.035135
-0.0347939
-0.0339631
-0.0331058
-0.0322265
-0.0313298
-0.0304201
-0.029502
-0.0285801
-0.0276589
-0.0267429
-0.0258367
-0.0249448
-0.0240718
-0.0232222
-0.0224006
-0.0216114
-0.0208593
-0.0201488
-0.0194843
-0.0188706
-0.018312
-0.0178132
-0.0173786
-0.0170129
-0.0167205
-0.0165061
-0.0163741
-0.0163291
-0.0163741
-0.0165061
-0.0167205
-0.0170129
-0.0173786
-0.0178132
-0.018312
-0.0188706
-0.0194843
-0.0201488
-0.0208593
-0.0216114
-0.0224006
-0.0232222
-0.0240718
-0.0249448
-0.0258367
-0.0267429
-0.0276589
-0.0285801
-0.029502
-0.0304201
-0.0313298
-0.0322265
-0.0331058
-0.0339631
-0.0347939
-0.035135
-0.0354244
-0.0356641
-0.0358561
-0.0360024
-0.0361053
-0.0361667
-0.0361886
-0.0361732
-0.0361225
-0.0360386
-0.0359236
-0.0357794
-0.0356081
-0.0354119
-0.0351928
-0.0349529
-0.0346941
-0.0344186
-0.0341285
-0.0338257
-0.0335124
-0.0331907
-0.0328625
-0.03253
-0.0321951
-0.0320904
-0.0319924
-0.0319003
-0.0318132
-0.0317303
-0.0316507
-0.0315736
-0.0314981
-0.0314234
-0.0313486
-0.0312729
-0.0311953
-0.0311151
-0.0310314
-0.0309434
-0.0308501
-0.0307507
-0.0306445
-0.0305305
-0.0304078
-0.0302757
-0.0301332
-0.0299795
-0.0298138
-0.0296352
-0.0294429
-0.0290536
-0.0286499
-0.0282325
-0.0278021
-0.0273594
-0.0269051
-0.0264399
-0.0259645
-0.0254796
-0.0249859
-0.0244842
-0.0239751
-0.0234593
-0.0229375
-0.0224105
-0.0218789
-0.0213435
-0.0208049
-0.0202639
-0.0197211
-0.0191773
-0.0186332
-0.0180894
-0.0175467
-0.0170058
-0.0164673
-0.015932
-0.0154312
-0.0149323
-0.014436
-0.0139431
-0.0134543
-0.0129704
-0.0124921
-0.0120201
-0.0115551
-0.0110979
-0.0106493
-0.0102098
-0.0097804
-0.00936166
-0.00895437
-0.00855925
-0.00817703
-0.00780845
-0.00745424
-0.00711514
-0.00679186
-0.00648516
-0.00619575
-0.00592437
-0.00567176
-0.00543864
-0.00538029
-0.00535141
-0.00535012
-0.00537455
-0.00542281
-0.00549303
-0.00558334
-0.00569185
-0.00581669
-0.00595598
-0.00610785
-0.00627041
-0.0064418
-0.00662014
-0.00680354
-0.00699013
-0.00717804
-0.00736539
-0.00755029
-0.00773089
-0.00790528
-0.00807161
-0.008228
-0.00837256
-0.00850341
-0.0086187
-0.00834151
-0.00803132
-0.00769172
-0.0073263
-0.00693862
-0.00653228
-0.00611084
-0.00567791
-0.00523704
-0.00479184
-0.00434587
-0.00390272
-0.00346597
-0.0030392
-0.00262599
-0.00222993
-0.00185458
-0.00150355
-0.0011804
-0.00088872
-0.000632088
-0.000414086
-0.000238295
-0.000108296
-2.7671e-05
0
