AR 369 %.6g
0
-4.30049e-06
-1.71523e-05
-3.8481e-05
-6.82122e-05
-0.000106271
-0.000152584
-0.000207076
-0.000269673
-0.000340299
-0.000418882
-0.000505346
-0.000599617
-0.00070162
-0.000811282
-0.000928527
-0.00105328
-0.00118547
-0.00132502
-0.00147185
-0.0016259
-0.00178708
-0.00195533
-0.00213056
-0.00231271
-0.0025017
-0.00269745
-0.00289989
-0.00310895
-0.00332455
-0.00354661
-0.00377507
-0.00400985
-0.00425087
-0.00449806
-0.00475134
-0.00501064
-0.00527589
-0.00554701
-0.00582393
-0.00610657
-0.00639486
-0.00668873
-0.00698809
-0.00729287
-0.00760301
-0.00791842
-0.00823904
-0.00856478
-0.00889557
-0.00923134
-0.00957202
-0.00991752
-0.0102678
-0.0106227
-0.0109823
-0.0113463
-0.0117149
-0.0120878
-0.012465
-0.0128465
-0.0132321
-0.0136646
-0.0140991
-0.0145352
-0.0149728
-0.0154116
-0.0158513
-0.0162918
-0.0167327
-0.0171739
-0.017615
-0.0180559
-0.0184964
-0.0189361
-0.0193748
-0.0198124
-0.0202485
-0.0206829
-0.0211154
-0.0215457
-0.0219736
-0.0223989
-0.0228213
-0.0232406
-0.0236565
-0.0240688
-0.0244773
-0.0248817
-0.0252817
-0.0256772
-0.0260679
-0.0264536
-0.026834
-0.0272088
-0.0275779
-0.027941
-0.0282979
-0.0286482
-0.0289919
-0.0293286
-0.029658
-0.0299801
-0.0302944
-0.0306009
-0.0308991
-0.031189
-0.0314702
-0.0317426
-0.0320058
-0.0322597
-0.0325039
-0.0327384
-0.0329627
-0.0331767
-0.0333802
-0.0335728
-0.0337544
-0.0339248
-0.0340836
-0.0342306
-0.0343657
-0.0344885
-0.0344048
-0.0343135
-0.0342149
-0.0341091
-0.0339966
-0.0338776
-0.0337525
-0.0336214
-0.0334848
-0.0333429
-0.033196
-0.0330444
-0.0328885
-0.0327284
-0.0325646
-0.0323972
-0.0322267
-0.0320533
-0.0318773
-0.031699
-0.0315187
-0.0313367
-0.0311533
-0.0309687
-0.0307834
-0.0305976
-0.0304116
-0.0302256
-0.0300401
-0.0298552
-0.0296714
-0.0294888
-0.0293078
-0.0291287
-0.0289517
-0.0287773
-0.0286056
-0.028437
-0.0282717
-0.0281102
-0.0279526
-0.0277993
-0.0276505
-0.0275067
-0.027368
-0.0272347
-0.0271072
-0.0269858
-0.0268707
-0.0267623
-0.0266609
-0.0265667
-0.0264801
-0.0264013
-0.0263306
-0.0262685
-0.026215
-0.0261706
-0.0261356
-0.0261102
-0.0260947
-0.0260895
-0.0260947
-0.0261102
-0.0261356
-0.0261706
-0.026215
-0.0262685
-0.0263306
-0.0264013
-0.0264801
-0.0265667
-0.0266609
-0.0267623
-0.0268707
-0.0269858
-0.0271072
-0.0272347
-0.027368
-0.0275067
-0.0276505
-0.0277993
-0.0279526
-0.0281102
-0.0282717
-0.028437
-0.0286056
-0.0287773
-0.0289517
-0.0291287
-0.0293078
-0.0294888
-0.0296714
-0.0298552
-0.0300401
-0.0302256
-0.0304116
-0.0305976
-0.0307834
-0.0309687
-0.0311533
-0.0313367
-0.0315187
-0.031699
-0.0318773
-0.0320533
-0.0322267
-0.0323972
-0.0325646
-0.0327284
-0.0328885
-0.0330444
-0.033196
-0.0333429
-0.0334848
-0.0336214
-0.0337525
-0.0338776
-0.0339966
-0.0341091
-0.0342149
-0.0343135
-0.0344048
-0.0344885
-0.0343657
-0.0342306
-0.0340836
-0.0339248
-0.0337544
-0.0335728
-0.0333802
-0.0331767
-0.0329627
-0.0327384
-0.0325039
-0.0322597
-0.0320058
-0.0317426
-0.0314702
-0.031189
-0.0308991
-0.0306009
-0.0302944
-0.0299801
-0.029658
-0.0293286
-0.0289919
-0.0286482
-0.0282979
-0.027941
-0.0275779
-0.0272088
-0.026834
-0.0264536
-0.0260679
-0.0256772
-0.0252817
-0.0248817
-0.0244773
-0.0240688
-0.0236565
-0.0232406
-0.0228213
-0.0223989
-0.0219736
-0.0215457
-0.0211154
-0.0206829
-0.0202485
-0.0198124
-0.0193748
-0.0189361
-0.0184964
-0.0180559
-0.017615
-0.0171739
-0.0167327
-0.0162918
-0.0158513
-0.0154116
-0.0149728
-0.0145352
-0.0140991
-0.0136646
-0.0132321
-0.0128465
-0.012465
-0.0120878
-0.0117149
-0.0113463
-0.0109823
-0.0106227
-0.0102678
-0.00991752
-0.00957202
-0.00923134
-0.00889557
-0.00856478
-0.00823904
-0.00791842
-0.00760301
-0.00729287
-0.00698809
-0.00668873
-0.00639486
-0.00610657
-0.00582393
-0.00554701
-0.00527589
-0.00501064
-0.00475134
-0.00449806
-0.00425087
-0.00400985
-0.00377507
-0.00354661
-0.00332455
-0.00310895
-0.00289989
-0.00269745
-0.0025017
-0.00231271
-0.00213056
-0.00195533
-0.00178708
-0.0016259
-0.00147185
-0.00132502
-0.00118547
-0.00105328
-0.000928527
-0.000811282
-0.00070162
-0.000599617
-0.000505346
-0.000418882
-0.000340299
-0.000269673
-0.000207076
-0.000152584
-0.000106271
-6.82122e-05
-3.8481e-05
-1.71523e-05
-4.30049e-06
0
