AR 369 %.6g
0
-9.79463e-06
-3.85501e-05
-8.53237e-05
-0.000149173
-0.000229154
-0.000324326
-0.000433745
-0.000556469
-0.000691555
-0.000838061
-0.000995042
-0.00116156
-0.00133667
-0.00151942
-0.00170888
-0.00190411
-0.00210415
-0.00230808
-0.00251493
-0.00272378
-0.00293369
-0.00314369
-0.00335286
-0.00356026
-0.00376493
-0.00396594
-0.00416234
-0.0043532
-0.00453756
-0.00471449
-0.00473373
-0.00475338
-0.00477432
-0.00479742
-0.00482356
-0.0048536
-0.00488842
-0.00492889
-0.00497589
-0.00503029
-0.00509295
-0.00516477
-0.00524659
-0.00533931
-0.00544379
-0.00556091
-0.00569153
-0.00583654
-0.0059968
-0.00617319
-0.00636658
-0.00657784
-0.00680785
-0.00705748
-0.0073276
-0.00761909
-0.00793282
-0.00826965
-0.00863048
-0.00901615
-0.00942756
-0.0101014
-0.010792
-0.011498
-0.0122179
-0.0129503
-0.0136938
-0.0144469
-0.0152082
-0.0159762
-0.0167495
-0.0175268
-0.0183064
-0.0190871
-0.0198673
-0.0206457
-0.0214207
-0.022191
-0.0229551
-0.0237116
-0.0244591
-0.0251961
-0.0259211
-0.0266327
-0.0273296
-0.0280102
-0.0286732
-0.029317
-0.0299403
-0.0305416
-0.0311195
-0.0316725
-0.0319688
-0.0322444
-0.0324998
-0.0327354
-0.0329518
-0.0331495
-0.0333289
-0.0334907
-0.0336353
-0.0337632
-0.0338749
-0.033971
-0.0340519
-0.0341181
-0.0341702
-0.0342087
-0.034234
-0.0342468
-0.0342474
-0.0342363
-0.0342142
-0.0341815
-0.0341387
-0.0340864
-0.034025
-0.033955
-0.0338769
-0.0337913
-0.0336987
-0.0335995
-0.0335852
-0.0335648
-0.0335383
-0.0335056
-0.0334666
-0.0334212
-0.0333693
-0.0333109
-0.0332458
-0.033174
-0.0330953
-0.0330097
-0.0329171
-0.0328173
-0.0327104
-0.0325962
-0.0324747
-0.0323456
-0.032209
-0.0320648
-0.0319128
-0.031753
-0.0315853
-0.0314096
-0.0312258
-0.0310338
-0.0308336
-0.030625
-0.0304079
-0.0301823
-0.0299481
-0.0296028
-0.0292542
-0.0289033
-0.028551
-0.0281984
-0.0278465
-0.0274963
-0.0271486
-0.0268047
-0.0264653
-0.0261316
-0.0258044
-0.0254849
-0.025174
-0.0248726
-0.0245819
-0.0243027
-0.0240361
-0.023783
-0.0235444
-0.0233215
-0.023115
-0.022926
-0.0227556
-0.0226047
-0.0224743
-0.0223653
-0.0222789
-0.0222159
-0.0221774
-0.0221643
-0.0221774
-0.0222159
-0.0222789
-0.0223653
-0.0224743
-0.0226047
-0.0227556
-0.022926
-0.023115
-0.0233215
-0.0235444
-0.023783
-0.0240361
-0.0243027
-0.0245819
-0.0248726
-0.025174
-0.0254849
-0.0258044
-0.0261316
-0.0264653
-0.0268047
-0.0271486
-0.0274963
-0.0278465
-0.0281984
-0.028551
-0.0289033
-0.0292542
-0.0296028
-0.0299481
-0.0301823
-0.0304079
-0.030625
-0.0308336
-0.0310338
-0.0312258
-0.0314096
-0.0315853
-0.031753
-0.0319128
-0.0320648
-0.032209
-0.0323456
-0.0324747
-0.0325962
-0.0327104
-0.0328173
-0.0329171
-0.0330097
-0.0330953
-0.033174
-0.0332458
-0.0333109
-0.0333693
-0.0334212
-0.0334666
-0.0335056
-0.0335383
-0.0335648
-0.0335852
-0.0335995
-0.0336987
-0.0337913
-0.0338769
-0.033955
-0.034025
-0.0340864
-0.0341387
-0.0341815
-0.0342142
-0.0342363
-0.0342474
-0.0342468
-0.034234
-0.0342087
-0.0341702
-0.0341181
-0.0340519
-0.033971
-0.0338749
-0.0337632
-0.0336353
-0.0334907
-0.0333289
-0.0331495
-0.0329518
-0.0327354
-0.0324998
-0.0322444
-0.0319688
-0.0316725
-0.0311195
-0.0305416
-0.0299403
-0.029317
-0.0286732
-0.0280102
-0.0273296
-0.0266327
-0.0259211
-0.0251961
-0.0244591
-0.0237116
-0.0229551
-0.022191
-0.0214207
-0.0206457
-0.0198673
-0.0190871
-0.0183064
-0.0175268
-0.0167495
-0.0159762
-0.0152082
-0.0144469
-0.0136938
-0.0129503
-0.0122179
-0.011498
-0.010792
-0.0101014
-0.00942756
-0.00901615
-0.00863048
-0.00826965
-0.00793282
-0.00761909
-0.0073276
-0.00705748
-0.00680785
-0.00657784
-0.00636658
-0.00617319
-0.0059968
-0.00583654
-0.00569153
-0.00556091
-0.00544379
-0.00533931
-0.00524659
-0.00516477
-0.00509295
-0.00503029
-0.00497589
-0.00492889
-0.00488842
-0.0048536
-0.00482356
-0.00479742
-0.00477432
-0.00475338
-0.00473373
-0.00471449
-0.00453756
-0.0043532
-0.00416234
-0.00396594
-0.00376493
-0.00356026
-0.00335286
-0.00314369
-0.00293369
-0.00272378
-0.00251493
-0.00230808
-0.00210415
-0.00190411
-0.00170888
-0.00151942
-0.00133667
-0.00116156
-0.000995042
-0.000838061
-0.000691555
-0.000556469
-0.000433745
-0.000324326
-0.000229154
-0.000149173
-8.53237e-05
-3.85501e-05
-9.79463e-06
0
