AR 369 %.6g
0
-8.7441e-06
-3.44176e-05
-7.61825e-05
-0.0001332
-0.000204633
-0.000289643
-0.000387392
-0.000497041
-0.000617752
-0.000748688
-0.00088901
-0.00103788
-0.00119446
-0.00135791
-0.00152739
-0.00170207
-0.00188111
-0.00206367
-0.0022489
-0.00243598
-0.00262407
-0.00281232
-0.0029999
-0.00318597
-0.00336969
-0.00355022
-0.00372674
-0.00389838
-0.00406433
-0.00422374
-0.00422136
-0.00421907
-0.00421773
-0.00421822
-0.00422141
-0.00422819
-0.00423941
-0.00425596
-0.00427871
-0.00430853
-0.0043463
-0.00439289
-0.00444917
-0.00451602
-0.00459431
-0.00468491
-0.00478871
-0.00490656
-0.00503936
-0.00518796
-0.00535325
-0.00553609
-0.00573737
-0.00595795
-0.0061987
-0.00646051
-0.00674425
-0.00705079
-0.007381
-0.00773575
-0.00811593
-0.00880671
-0.00951487
-0.0102388
-0.0109768
-0.0117274
-0.0124888
-0.0132594
-0.0140376
-0.0148218
-0.0156104
-0.0164016
-0.017194
-0.0179857
-0.0187753
-0.0195611
-0.0203414
-0.0211147
-0.0218792
-0.0226334
-0.0233756
-0.0241043
-0.0248177
-0.0255142
-0.0261922
-0.0268502
-0.0274863
-0.0280991
-0.0286868
-0.029248
-0.0297808
-0.0302837
-0.0305149
-0.0307242
-0.0309123
-0.0310801
-0.0312283
-0.0313577
-0.0314689
-0.0315629
-0.0316402
-0.0317018
-0.0317483
-0.0317805
-0.0317992
-0.0318052
-0.0317991
-0.0317818
-0.031754
-0.0317164
-0.0316699
-0.0316152
-0.031553
-0.0314842
-0.0314094
-0.0313294
-0.0312451
-0.0311571
-0.0310662
-0.0309732
-0.0308788
-0.0307838
-0.0308029
-0.0308193
-0.0308328
-0.030843
-0.0308498
-0.0308529
-0.030852
-0.0308468
-0.030837
-0.0308225
-0.0308029
-0.030778
-0.0307475
-0.0307111
-0.0306686
-0.0306197
-0.0305642
-0.0305017
-0.0304321
-0.030355
-0.0302701
-0.0301774
-0.0300763
-0.0299668
-0.0298484
-0.029721
-0.0295844
-0.0294381
-0.029282
-0.0291158
-0.0289392
-0.028646
-0.0283484
-0.0280476
-0.0277444
-0.0274397
-0.0271345
-0.0268298
-0.0265265
-0.0262255
-0.0259277
-0.0256342
-0.0253458
-0.0250635
-0.0247882
-0.0245209
-0.0242625
-0.024014
-0.0237762
-0.0235502
-0.0233369
-0.0231372
-0.022952
-0.0227823
-0.0226291
-0.0224932
-0.0223757
-0.0222774
-0.0221993
-0.0221424
-0.0221076
-0.0220957
-0.0221076
-0.0221424
-0.0221993
-0.0222774
-0.0223757
-0.0224932
-0.0226291
-0.0227823
-0.022952
-0.0231372
-0.0233369
-0.0235502
-0.0237762
-0.024014
-0.0242625
-0.0245209
-0.0247882
-0.0250635
-0.0253458
-0.0256342
-0.0259277
-0.0262255
-0.0265265
-0.0268298
-0.0271345
-0.0274397
-0.0277444
-0.0280476
-0.0283484
-0.028646
-0.0289392
-0.0291158
-0.029282
-0.0294381
-0.0295844
-0.029721
-0.0298484
-0.0299668
-0.0300763
-0.0301774
-0.0302701
-0.030355
-0.0304321
-0.0305017
-0.0305642
-0.0306197
-0.0306686
-0.0307111
-0.0307475
-0.030778
-0.0308029
-0.0308225
-0.030837
-0.0308468
-0.030852
-0.0308529
-0.0308498
-0.030843
-0.0308328
-0.0308193
-0.0308029
-0.0307838
-0.0308788
-0.0309732
-0.0310662
-0.0311571
-0.0312451
-0.0313294
-0.0314094
-0.0314842
-0.031553
-0.0316152
-0.0316699
-0.0317164
-0.031754
-0.0317818
-0.0317991
-0.0318052
-0.0317992
-0.0317805
-0.0317483
-0.0317018
-0.0316402
-0.0315629
-0.0314689
-0.0313577
-0.0312283
-0.0310801
-0.0309123
-0.0307242
-0.0305149
-0.0302837
-0.0297808
-0.029248
-0.0286868
-0.0280991
-0.0274863
-0.0268502
-0.0261922
-0.0255142
-0.0248177
-0.0241043
-0.0233756
-0.0226334
-0.0218792
-0.0211147
-0.0203414
-0.0195611
-0.0187753
-0.0179857
-0.017194
-0.0164016
-0.0156104
-0.0148218
-0.0140376
-0.0132594
-0.0124888
-0.0117274
-0.0109768
-0.0102388
-0.00951487
-0.00880671
-0.00811593
-0.00773575
-0.007381
-0.00705079
-0.00674425
-0.00646051
-0.0061987
-0.00595795
-0.00573737
-0.00553609
-0.00535325
-0.00518796
-0.00503936
-0.00490656
-0.00478871
-0.00468491
-0.00459431
-0.00451602
-0.00444917
-0.00439289
-0.0043463
-0.00430853
-0.00427871
-0.00425596
-0.00423941
-0.00422819
-0.00422141
-0.00421822
-0.00421773
-0.00421907
-0.00422136
-0.00422374
-0.00406433
-0.00389838
-0.00372674
-0.00355022
-0.00336969
-0.00318597
-0.0029999
-0.00281232
-0.00262407
-0.00243598
-0.0022489
-0.00206367
-0.00188111
-0.00170207
-0.00152739
-0.00135791
-0.00119446
-0.00103788
-0.00088901
-0.000748688
-0.000617752
-0.000497041
-0.000387392
-0.000289643
-0.000204633
-0.0001332
-7.61825e-05
-3.44176e-05
-8.7441e-06
0
