AR 369 %.6g
0
-3.33721e-06
-1.3332e-05
-2.99593e-05
-5.31937e-05
-8.30101e-05
-0.000119383
-0.000162288
-0.000211699
-0.000267591
-0.000329939
-0.000398718
-0.000473902
-0.000555467
-0.000643386
-0.000737636
-0.00083819
-0.000945024
-0.00105811
-0.00117743
-0.00130295
-0.00143465
-0.0015725
-0.00171648
-0.00186656
-0.00202273
-0.00218494
-0.00235318
-0.00252742
-0.00270764
-0.00289382
-0.00308591
-0.00328391
-0.00348779
-0.00369752
-0.00391307
-0.00413442
-0.00436155
-0.00459442
-0.00483303
-0.00507733
-0.0053273
-0.00558293
-0.00584418
-0.00611103
-0.00638345
-0.00666142
-0.00694491
-0.0072339
-0.00752836
-0.00782827
-0.00813361
-0.00844434
-0.00876044
-0.00908189
-0.00940865
-0.00974072
-0.0100781
-0.0104206
-0.0107684
-0.0111214
-0.0114796
-0.0119158
-0.0123545
-0.0127955
-0.0132385
-0.0136834
-0.0141297
-0.0145773
-0.015026
-0.0154753
-0.0159252
-0.0163753
-0.0168254
-0.0172752
-0.0177244
-0.0181728
-0.0186202
-0.0190662
-0.0195107
-0.0199533
-0.0203938
-0.0208319
-0.0212674
-0.0217001
-0.0221296
-0.0225557
-0.0229782
-0.0233967
-0.0238111
-0.024221
-0.0246263
-0.0250266
-0.0254217
-0.0258113
-0.0261952
-0.0265731
-0.0269448
-0.0273099
-0.0276683
-0.0280197
-0.0283638
-0.0287004
-0.0290291
-0.0293498
-0.0296622
-0.029966
-0.030261
-0.0305469
-0.0308234
-0.0310903
-0.0313474
-0.0315943
-0.0318308
-0.0320567
-0.0322717
-0.0324755
-0.0326678
-0.0328485
-0.0330173
-0.0331739
-0.033318
-0.0334493
-0.033363
-0.0332687
-0.0331669
-0.0330577
-0.0329415
-0.0328186
-0.0326894
-0.032554
-0.0324129
-0.0322664
-0.0321147
-0.0319581
-0.031797
-0.0316317
-0.0314625
-0.0312897
-0.0311135
-0.0309344
-0.0307526
-0.0305684
-0.0303822
-0.0301942
-0.0300047
-0.0298141
-0.0296227
-0.0294308
-0.0292386
-0.0290465
-0.0288548
-0.0286639
-0.0284739
-0.0282853
-0.0280983
-0.0279133
-0.0277305
-0.0275503
-0.0273729
-0.0271988
-0.0270281
-0.0268612
-0.0266984
-0.02654
-0.0263863
-0.0262377
-0.0260944
-0.0259567
-0.025825
-0.0256996
-0.0255807
-0.0254687
-0.0253639
-0.0252666
-0.0251771
-0.0250957
-0.0250228
-0.0249585
-0.0249033
-0.0248574
-0.0248212
-0.024795
-0.024779
-0.0247736
-0.024779
-0.024795
-0.0248212
-0.0248574
-0.0249033
-0.0249585
-0.0250228
-0.0250957
-0.0251771
-0.0252666
-0.0253639
-0.0254687
-0.0255807
-0.0256996
-0.025825
-0.0259567
-0.0260944
-0.0262377
-0.0263863
-0.02654
-0.0266984
-0.0268612
-0.0270281
-0.0271988
-0.0273729
-0.0275503
-0.0277305
-0.0279133
-0.0280983
-0.0282853
-0.0284739
-0.0286639
-0.0288548
-0.0290465
-0.0292386
-0.0294308
-0.0296227
-0.0298141
-0.0300047
-0.0301942
-0.0303822
-0.0305684
-0.0307526
-0.0309344
-0.0311135
-0.0312897
-0.0314625
-0.0316317
-0.031797
-0.0319581
-0.0321147
-0.0322664
-0.0324129
-0.032554
-0.0326894
-0.0328186
-0.0329415
-0.0330577
-0.0331669
-0.0332687
-0.033363
-0.0334493
-0.033318
-0.0331739
-0.0330173
-0.0328485
-0.0326678
-0.0324755
-0.0322717
-0.0320567
-0.0318308
-0.0315943
-0.0313474
-0.0310903
-0.0308234
-0.0305469
-0.030261
-0.029966
-0.0296622
-0.0293498
-0.0290291
-0.0287004
-0.0283638
-0.0280197
-0.0276683
-0.0273099
-0.0269448
-0.0265731
-0.0261952
-0.0258113
-0.0254217
-0.0250266
-0.0246263
-0.024221
-0.0238111
-0.0233967
-0.0229782
-0.0225557
-0.0221296
-0.0217001
-0.0212674
-0.0208319
-0.0203938
-0.0199533
-0.0195107
-0.0190662
-0.0186202
-0.0181728
-0.0177244
-0.0172752
-0.0168254
-0.0163753
-0.0159252
-0.0154753
-0.015026
-0.0145773
-0.0141297
-0.0136834
-0.0132385
-0.0127955
-0.0123545
-0.0119158
-0.0114796
-0.0111214
-0.0107684
-0.0104206
-0.0100781
-0.00974072
-0.00940865
-0.00908189
-0.00876044
-0.00844434
-0.00813361
-0.00782827
-0.00752836
-0.0072339
-0.00694491
-0.00666142
-0.00638345
-0.00611103
-0.00584418
-0.00558293
-0.0053273
-0.00507733
-0.00483303
-0.00459442
-0.00436155
-0.00413442
-0.00391307
-0.00369752
-0.00348779
-0.00328391
-0.00308591
-0.00289382
-0.00270764
-0.00252742
-0.00235318
-0.00218494
-0.00202273
-0.00186656
-0.00171648
-0.0015725
-0.00143465
-0.00130295
-0.00117743
-0.00105811
-0.000945024
-0.00083819
-0.000737636
-0.000643386
-0.000555467
-0.000473902
-0.000398718
-0.000329939
-0.000267591
-0.000211699
-0.000162288
-0.000119383
-8.30101e-05
-5.31937e-05
-2.99593e-05
-1.3332e-05
-3.33721e-06
0
