AR 369 %.6g
0
-2.32342e-05
-9.06616e-05
-0.00019887
-0.000344445
-0.000523976
-0.00073405
-0.000971253
-0.00123217
-0.0015134
-0.00181151
-0.00212311
-0.00244477
-0.00277308
-0.00310464
-0.00343602
-0.00376382
-0.00408463
-0.00439502
-0.00469159
-0.00497092
-0.00522961
-0.00546423
-0.00567139
-0.00555356
-0.00542329
-0.00528274
-0.00513406
-0.0049794
-0.00482091
-0.00466075
-0.00450106
-0.004344
-0.00419172
-0.00404637
-0.0039101
-0.00378507
-0.00367342
-0.00357732
-0.0034989
-0.00344033
-0.00340376
-0.00339132
-0.00340519
-0.00344751
-0.00352043
-0.0036261
-0.00384513
-0.00408671
-0.00435049
-0.00463608
-0.00494312
-0.00527123
-0.00562004
-0.00598918
-0.00637828
-0.00678696
-0.00721486
-0.0076616
-0.0081268
-0.0086101
-0.00911113
-0.00962951
-0.0101649
-0.0107168
-0.011285
-0.0118691
-0.0124687
-0.0130833
-0.0137128
-0.0144638
-0.0152245
-0.0159928
-0.0167669
-0.0175447
-0.0183243
-0.0191037
-0.019881
-0.0206542
-0.0214212
-0.0221803
-0.0229293
-0.0236663
-0.0243894
-0.0250965
-0.0257858
-0.0264552
-0.0271028
-0.0277266
-0.0283247
-0.028895
-0.0294357
-0.0299447
-0.0303028
-0.0306352
-0.0309422
-0.0312242
-0.0314815
-0.0317146
-0.0319239
-0.0321096
-0.0322723
-0.0324122
-0.0325298
-0.0326254
-0.0326994
-0.0327523
-0.0327843
-0.0327959
-0.0327875
-0.0327594
-0.032712
-0.0326457
-0.0325609
-0.032458
-0.0323373
-0.0322032
-0.0320596
-0.0319077
-0.0317489
-0.0315843
-0.0314151
-0.0312427
-0.0310682
-0.030893
-0.0307182
-0.030545
-0.0303748
-0.0302088
-0.0300482
-0.0298942
-0.0297482
-0.0296113
-0.0294847
-0.0293698
-0.0292678
-0.0291798
-0.0291072
-0.0290512
-0.0291231
-0.0292029
-0.0292894
-0.0293814
-0.0294776
-0.029577
-0.0296782
-0.0297802
-0.0298816
-0.0299813
-0.0300781
-0.0301707
-0.0302581
-0.0303389
-0.030412
-0.0304762
-0.0305303
-0.030573
-0.0306033
-0.0306198
-0.0306214
-0.0306068
-0.0305749
-0.0304012
-0.0302196
-0.0300315
-0.0298385
-0.0296419
-0.0294433
-0.029244
-0.0290455
-0.0288493
-0.0286569
-0.0284696
-0.0282889
-0.0281164
-0.0279534
-0.0278013
-0.0276617
-0.0275361
-0.0274257
-0.0273322
-0.0272569
-0.0272014
-0.027167
-0.0271552
-0.027167
-0.0272014
-0.0272569
-0.0273322
-0.0274257
-0.0275361
-0.0276617
-0.0278013
-0.0279534
-0.0281164
-0.0282889
-0.0284696
-0.0286569
-0.0288493
-0.0290455
-0.029244
-0.0294433
-0.0296419
-0.0298385
-0.0300315
-0.0302196
-0.0304012
-0.0305749
-0.0306068
-0.0306214
-0.0306198
-0.0306033
-0.030573
-0.0305303
-0.0304762
-0.030412
-0.0303389
-0.0302581
-0.0301707
-0.0300781
-0.0299813
-0.0298816
-0.0297802
-0.0296782
-0.029577
-0.0294776
-0.0293814
-0.0292894
-0.0292029
-0.0291231
-0.0290512
-0.0291072
-0.0291798
-0.0292678
-0.0293698
-0.0294847
-0.0296113
-0.0297482
-0.0298942
-0.0300482
-0.0302088
-0.0303748
-0.030545
-0.0307182
-0.030893
-0.0310682
-0.0312427
-0.0314151
-0.0315843
-0.0317489
-0.0319077
-0.0320596
-0.0322032
-0.0323373
-0.032458
-0.0325609
-0.0326457
-0.032712
-0.0327594
-0.0327875
-0.0327959
-0.0327843
-0.0327523
-0.0326994
-0.0326254
-0.0325298
-0.0324122
-0.0322723
-0.0321096
-0.0319239
-0.0317146
-0.0314815
-0.0312242
-0.0309422
-0.0306352
-0.0303028
-0.0299447
-0.0294357
-0.028895
-0.0283247
-0.0277266
-0.0271028
-0.0264552
-0.0257858
-0.0250965
-0.0243894
-0.0236663
-0.0229293
-0.0221803
-0.0214212
-0.0206542
-0.019881
-0.0191037
-0.0183243
-0.0175447
-0.0167669
-0.0159928
-0.0152245
-0.0144638
-0.0137128
-0.0130833
-0.0124687
-0.0118691
-0.011285
-0.0107168
-0.0101649
-0.00962951
-0.00911113
-0.0086101
-0.0081268
-0.0076616
-0.00721486
-0.00678696
-0.00637828
-0.00598918
-0.00562004
-0.00527123
-0.00494312
-0.00463608
-0.00435049
-0.00408671
-0.00384513
-0.0036261
-0.00352043
-0.00344751
-0.00340519
-0.00339132
-0.00340376
-0.00344033
-0.0034989
-0.00357732
-0.00367342
-0.00378507
-0.0039101
-0.00404637
-0.00419172
-0.004344
-0.00450106
-0.00466075
-0.00482091
-0.0049794
-0.00513406
-0.00528274
-0.00542329
-0.00555356
-0.00567139
-0.00546423
-0.00522961
-0.00497092
-0.00469159
-0.00439502
-0.00408463
-0.00376382
-0.00343602
-0.00310464
-0.00277308
-0.00244477
-0.00212311
-0.00181151
-0.0015134
-0.00123217
-0.000971253
-0.00073405
-0.000523976
-0.000344445
-0.00019887
-9.06616e-05
-2.32342e-05
0
