AR 369 %.6g
0
-1.67649e-05
-6.53541e-05
-0.000143209
-0.000247771
-0.000376482
-0.000526783
-0.000696115
-0.000881921
-0.00108164
-0.00129272
-0.00151259
-0.0017387
-0.0019685
-0.00219941
-0.00242889
-0.00265438
-0.00287331
-0.00308312
-0.00328127
-0.00346519
-0.00363232
-0.00378011
-0.00390599
-0.00384287
-0.00377323
-0.00369861
-0.00362055
-0.00354061
-0.00346032
-0.00338124
-0.00330491
-0.00323288
-0.00316669
-0.0031079
-0.00305804
-0.00301866
-0.00299131
-0.00297754
-0.00297888
-0.0029969
-0.00303313
-0.00308912
-0.00316642
-0.00326657
-0.00339111
-0.00354161
-0.00379579
-0.00407001
-0.00436398
-0.0046774
-0.00500998
-0.00536142
-0.00573143
-0.00611971
-0.00652597
-0.0069499
-0.00739123
-0.00784965
-0.00832486
-0.00881658
-0.0093245
-0.00984833
-0.0103878
-0.0109426
-0.0115123
-0.0120969
-0.0126958
-0.0133089
-0.0139359
-0.0146499
-0.0153715
-0.016099
-0.0168308
-0.017565
-0.0183
-0.0190341
-0.0197655
-0.0204926
-0.0212137
-0.021927
-0.0226309
-0.0233235
-0.0240034
-0.0246686
-0.0253175
-0.0259485
-0.0265597
-0.0271496
-0.0277163
-0.0282582
-0.0287735
-0.0292607
-0.0295863
-0.0298883
-0.0301672
-0.0304237
-0.0306583
-0.0308716
-0.0310641
-0.0312364
-0.0313891
-0.0315228
-0.031638
-0.0317354
-0.0318154
-0.0318786
-0.0319257
-0.0319572
-0.0319737
-0.0319757
-0.0319638
-0.0319387
-0.0319008
-0.0318507
-0.031789
-0.0317286
-0.0316593
-0.0315818
-0.0314968
-0.0314049
-0.0313066
-0.0312028
-0.031094
-0.0309808
-0.0308639
-0.030744
-0.0306216
-0.0304975
-0.0303723
-0.0302465
-0.0301209
-0.0299961
-0.0298728
-0.0297515
-0.029633
-0.0295178
-0.0294066
-0.0293001
-0.0292429
-0.0291876
-0.0291337
-0.0290812
-0.0290296
-0.0289787
-0.0289282
-0.0288778
-0.0288273
-0.0287762
-0.0287244
-0.0286715
-0.0286173
-0.0285615
-0.0285038
-0.0284438
-0.0283814
-0.0283161
-0.0282478
-0.0281762
-0.0281008
-0.0280216
-0.0279381
-0.0278072
-0.0276755
-0.0275436
-0.0274121
-0.0272816
-0.0271528
-0.0270262
-0.0269025
-0.0267823
-0.0266663
-0.026555
-0.026449
-0.026349
-0.0262556
-0.0261694
-0.0260911
-0.0260211
-0.0259603
-0.0259091
-0.0258682
-0.0258383
-0.0258198
-0.0258135
-0.0258198
-0.0258383
-0.0258682
-0.0259091
-0.0259603
-0.0260211
-0.0260911
-0.0261694
-0.0262556
-0.026349
-0.026449
-0.026555
-0.0266663
-0.0267823
-0.0269025
-0.0270262
-0.0271528
-0.0272816
-0.0274121
-0.0275436
-0.0276755
-0.0278072
-0.0279381
-0.0280216
-0.0281008
-0.0281762
-0.0282478
-0.0283161
-0.0283814
-0.0284438
-0.0285038
-0.0285615
-0.0286173
-0.0286715
-0.0287244
-0.0287762
-0.0288273
-0.0288778
-0.0289282
-0.0289787
-0.0290296
-0.0290812
-0.0291337
-0.0291876
-0.0292429
-0.0293001
-0.0294066
-0.0295178
-0.029633
-0.0297515
-0.0298728
-0.0299961
-0.0301209
-0.0302465
-0.0303723
-0.0304975
-0.0306216
-0.030744
-0.0308639
-0.0309808
-0.031094
-0.0312028
-0.0313066
-0.0314049
-0.0314968
-0.0315818
-0.0316593
-0.0317286
-0.031789
-0.0318507
-0.0319008
-0.0319387
-0.0319638
-0.0319757
-0.0319737
-0.0319572
-0.0319257
-0.0318786
-0.0318154
-0.0317354
-0.031638
-0.0315228
-0.0313891
-0.0312364
-0.0310641
-0.0308716
-0.0306583
-0.0304237
-0.0301672
-0.0298883
-0.0295863
-0.0292607
-0.0287735
-0.0282582
-0.0277163
-0.0271496
-0.0265597
-0.0259485
-0.0253175
-0.0246686
-0.0240034
-0.0233235
-0.0226309
-0.021927
-0.0212137
-0.0204926
-0.0197655
-0.0190341
-0.0183
-0.017565
-0.0168308
-0.016099
-0.0153715
-0.0146499
-0.0139359
-0.0133089
-0.0126958
-0.0120969
-0.0115123
-0.0109426
-0.0103878
-0.00984833
-0.0093245
-0.00881658
-0.00832486
-0.00784965
-0.00739123
-0.0069499
-0.00652597
-0.00611971
-0.00573143
-0.00536142
-0.00500998
-0.0046774
-0.00436398
-0.00407001
-0.00379579
-0.00354161
-0.00339111
-0.00326657
-0.00316642
-0.00308912
-0.00303313
-0.0029969
-0.00297888
-0.00297754
-0.00299131
-0.00301866
-0.00305804
-0.0031079
-0.00316669
-0.00323288
-0.00330491
-0.00338124
-0.00346032
-0.00354061
-0.00362055
-0.00369861
-0.00377323
-0.00384287
-0.00390599
-0.00378011
-0.00363232
-0.00346519
-0.00328127
-0.00308312
-0.00287331
-0.00265438
-0.00242889
-0.00219941
-0.0019685
-0.0017387
-0.00151259
-0.00129272
-0.00108164
-0.000881921
-0.000696115
-0.000526783
-0.000376482
-0.000247771
-0.000143209
-6.53541e-05
-1.67649e-05
0
