AR 295 %.6g
9.14796e-20
-2.01227e-05
-7.96365e-05
-0.00017726
-0.000311713
-0.000481713
-0.00068598
-0.000923232
-0.00119219
-0.00149157
-0.00182009
-0.00217647
-0.00255943
-0.00296769
-0.00339996
-0.00385497
-0.00433144
-0.00482808
-0.00534361
-0.00587675
-0.00642623
-0.00699075
-0.00756904
-0.00815981
-0.00876179
-0.0093737
-0.00999424
-0.0106222
-0.0112561
-0.0118949
-0.0124849
-0.0130783
-0.0136744
-0.0142723
-0.0148712
-0.0154702
-0.0160686
-0.0166655
-0.0172601
-0.0178516
-0.0184391
-0.0190218
-0.0195989
-0.0201696
-0.0207331
-0.0212884
-0.0218349
-0.0223716
-0.0228978
-0.0234126
-0.0239152
-0.0244048
-0.0248805
-0.0253415
-0.025787
-0.0262163
-0.0266283
-0.0270224
-0.0273977
-0.0276099
-0.0278073
-0.0279904
-0.02816
-0.0283167
-0.028461
-0.0285937
-0.0287154
-0.0288267
-0.0289283
-0.0290208
-0.0291048
-0.0291811
-0.0292502
-0.0293127
-0.0293694
-0.0294209
-0.0294677
-0.0295107
-0.0295502
-0.0295872
-0.0296221
-0.0296556
-0.0296883
-0.029721
-0.0297542
-0.0297886
-0.0298248
-0.0298634
-0.0299052
-0.0300226
-0.0301388
-0.0302533
-0.0303657
-0.0304759
-0.0305834
-0.0306879
-0.0307891
-0.0308866
-0.0309801
-0.0310694
-0.031154
-0.0312336
-0.031308
-0.0313767
-0.0314394
-0.0314959
-0.0315457
-0.0315886
-0.0316241
-0.0316521
-0.0316722
-0.0316839
-0.0316871
-0.0316813
-0.0316663
-0.0316416
-0.0316071
-0.0315622
-0.0314215
-0.031275
-0.0311237
-0.0309682
-0.0308092
-0.0306475
-0.0304839
-0.030319
-0.0301535
-0.0299883
-0.0298239
-0.0296613
-0.0295011
-0.0293439
-0.0291907
-0.029042
-0.0288987
-0.0287614
-0.0286309
-0.0285079
-0.0283931
-0.0282874
-0.0281913
-0.0281057
-0.0280312
-0.0279686
-0.0279187
-0.0278821
-0.0278597
-0.027852
-0.0278597
-0.0278821
-0.0279187
-0.0279686
-0.0280312
-0.0281057
-0.0281913
-0.0282874
-0.0283931
-0.0285079
-0.0286309
-0.0287614
-0.0288987
-0.029042
-0.0291907
-0.0293439
-0.0295011
-0.0296613
-0.0298239
-0.0299883
-0.0301535
-0.030319
-0.0304839
-0.0306475
-0.0308092
-0.0309682
-0.0311237
-0.031275
-0.0314215
-0.0315622
-0.0316071
-0.0316416
-0.0316663
-0.0316813
-0.0316871
-0.0316839
-0.0316722
-0.0316521
-0.0316241
-0.0315886
-0.0315457
-0.0314959
-0.0314394
-0.0313767
-0.031308
-0.0312336
-0.031154
-0.0310694
-0.0309801
-0.0308866
-0.0307891
-0.0306879
-0.0305834
-0.0304759
-0.0303657
-0.0302533
-0.0301388
-0.0300226
-0.0299052
-0.0298634
-0.0298248
-0.0297886
-0.0297542
-0.029721
-0.0296883
-0.0296556
-0.0296221
-0.0295872
-0.0295502
-0.0295107
-0.0294677
-0.0294209
-0.0293694
-0.0293127
-0.0292502
-0.0291811
-0.0291048
-0.0290208
-0.0289283
-0.0288267
-0.0287154
-0.0285937
-0.028461
-0.0283167
-0.02816
-0.0279904
-0.0278073
-0.0276099
-0.0273977
-0.0270224
-0.0266283
-0.0262163
-0.025787
-0.0253415
-0.0248805
-0.0244048
-0.0239152
-0.0234126
-0.0228978
-0.0223716
-0.0218349
-0.0212884
-0.0207331
-0.0201696
-0.0195989
-0.0190218
-0.0184391
-0.0178516
-0.0172601
-0.0166655
-0.0160686
-0.0154702
-0.0148712
-0.0142723
-0.0136744
-0.0130783
-0.0124849
-0.0118949
-0.0112561
-0.0106222
-0.00999424
-0.0093737
-0.00876179
-0.00815981
-0.00756904
-0.00699075
-0.00642623
-0.00587675
-0.00534361
-0.00482808
-0.00433144
-0.00385497
-0.00339996
-0.00296769
-0.00255943
-0.00217647
-0.00182009
-0.00149157
-0.00119219
-0.000923232
-0.00068598
-0.000481713
-0.000311713
-0.00017726
-7.96365e-05
-2.01227e-05
9.14796e-20
