AR 349 %.6g
-1.06303e-19
-6.95098e-06
-2.7649e-05
-6.18617e-05
-0.000109357
-0.000169902
-0.000243264
-0.000329212
-0.000427512
-0.000537933
-0.000660242
-0.000794207
-0.000939595
-0.00109617
-0.00126371
-0.00144198
-0.00163073
-0.00182975
-0.0020388
-0.00225765
-0.00248606
-0.0027238
-0.00297064
-0.00322635
-0.00349069
-0.00376343
-0.00404435
-0.0043332
-0.00462976
-0.0049338
-0.00524507
-0.00556335
-0.00588841
-0.00622001
-0.00655792
-0.00690191
-0.00725174
-0.0076072
-0.00796803
-0.00833401
-0.00870491
-0.00908049
-0.00946053
-0.00984478
-0.0102666
-0.0106927
-0.0111227
-0.0115564
-0.0119935
-0.0124336
-0.0128765
-0.0133219
-0.0137694
-0.0142189
-0.0146698
-0.0151221
-0.0155753
-0.0160292
-0.0164835
-0.0169378
-0.0173919
-0.0178455
-0.0182982
-0.0187498
-0.0192
-0.0196484
-0.0200948
-0.0205389
-0.0209804
-0.0214189
-0.0218542
-0.022286
-0.0227139
-0.0231377
-0.0235571
-0.0239718
-0.0243814
-0.0247857
-0.0251843
-0.0255771
-0.0259636
-0.0263436
-0.0267167
-0.0270827
-0.0274413
-0.0277922
-0.0281351
-0.0284696
-0.0286947
-0.0289121
-0.0291218
-0.0293239
-0.0295183
-0.0297053
-0.0298848
-0.030057
-0.0302219
-0.0303795
-0.03053
-0.0306733
-0.0308096
-0.030939
-0.0310615
-0.0311771
-0.031286
-0.0313881
-0.0314837
-0.0315726
-0.0316551
-0.0317312
-0.0318009
-0.0318643
-0.0319214
-0.0319725
-0.0320174
-0.0320563
-0.0320892
-0.0321163
-0.0321375
-0.032153
-0.0321628
-0.032167
-0.0321656
-0.0321587
-0.0321464
-0.0321288
-0.0321059
-0.0320778
-0.0320445
-0.0320061
-0.0319627
-0.0318836
-0.031801
-0.0317151
-0.0316262
-0.0315345
-0.0314403
-0.0313438
-0.0312453
-0.0311451
-0.0310433
-0.0309403
-0.0308363
-0.0307315
-0.0306262
-0.0305207
-0.0304152
-0.0303099
-0.0302051
-0.0301011
-0.029998
-0.0298962
-0.029796
-0.0296975
-0.0296009
-0.0295067
-0.0294149
-0.029326
-0.02924
-0.0291573
-0.0290781
-0.0290027
-0.0289313
-0.0288641
-0.0288015
-0.0287437
-0.0286908
-0.0286433
-0.0286013
-0.028565
-0.0285348
-0.0285109
-0.0284934
-0.0284828
-0.0284792
-0.0284828
-0.0284934
-0.0285109
-0.0285348
-0.028565
-0.0286013
-0.0286433
-0.0286908
-0.0287437
-0.0288015
-0.0288641
-0.0289313
-0.0290027
-0.0290781
-0.0291573
-0.02924
-0.029326
-0.0294149
-0.0295067
-0.0296009
-0.0296975
-0.029796
-0.0298962
-0.029998
-0.0301011
-0.0302051
-0.0303099
-0.0304152
-0.0305207
-0.0306262
-0.0307315
-0.0308363
-0.0309403
-0.0310433
-0.0311451
-0.0312453
-0.0313438
-0.0314403
-0.0315345
-0.0316262
-0.0317151
-0.031801
-0.0318836
-0.0319627
-0.0320061
-0.0320445
-0.0320778
-0.0321059
-0.0321288
-0.0321464
-0.0321587
-0.0321656
-0.032167
-0.0321628
-0.032153
-0.0321375
-0.0321163
-0.0320892
-0.0320563
-0.0320174
-0.0319725
-0.0319214
-0.0318643
-0.0318009
-0.0317312
-0.0316551
-0.0315726
-0.0314837
-0.0313881
-0.031286
-0.0311771
-0.0310615
-0.030939
-0.0308096
-0.0306733
-0.03053
-0.0303795
-0.0302219
-0.030057
-0.0298848
-0.0297053
-0.0295183
-0.0293239
-0.0291218
-0.0289121
-0.0286947
-0.0284696
-0.0281351
-0.0277922
-0.0274413
-0.0270827
-0.0267167
-0.0263436
-0.0259636
-0.0255771
-0.0251843
-0.0247857
-0.0243814
-0.0239718
-0.0235571
-0.0231377
-0.0227139
-0.022286
-0.0218542
-0.0214189
-0.0209804
-0.0205389
-0.0200948
-0.0196484
-0.0192
-0.0187498
-0.0182982
-0.0178455
-0.0173919
-0.0169378
-0.0164835
-0.0160292
-0.0155753
-0.0151221
-0.0146698
-0.0142189
-0.0137694
-0.0133219
-0.0128765
-0.0124336
-0.0119935
-0.0115564
-0.0111227
-0.0106927
-0.0102666
-0.00984478
-0.00946053
-0.00908049
-0.00870491
-0.00833401
-0.00796803
-0.0076072
-0.00725174
-0.00690191
-0.00655792
-0.00622001
-0.00588841
-0.00556335
-0.00524507
-0.0049338
-0.00462976
-0.0043332
-0.00404435
-0.00376343
-0.00349069
-0.00322635
-0.00297064
-0.0027238
-0.00248606
-0.00225765
-0.0020388
-0.00182975
-0.00163073
-0.00144198
-0.00126371
-0.00109617
-0.000939595
-0.000794207
-0.000660242
-0.000537933
-0.000427512
-0.000329212
-0.000243264
-0.000169902
-0.000109357
-6.18617e-05
-2.7649e-05
-6.95098e-06
-1.06303e-19
