AR 283 %.6g
0
-5.1856e-05
-0.000202948
-0.000446563
-0.000775986
-0.0011845
-0.0016654
-0.00221197
-0.00281749
-0.00347525
-0.00417854
-0.00492063
-0.00569483
-0.00649441
-0.00731267
-0.00814288
-0.00897833
-0.00981232
-0.0106381
-0.011449
-0.0122383
-0.0127333
-0.013221
-0.0137019
-0.0141766
-0.0146455
-0.0151093
-0.0155683
-0.0160232
-0.0164745
-0.0169226
-0.0173682
-0.0178117
-0.0182537
-0.0186947
-0.0191351
-0.0195756
-0.0200167
-0.0204588
-0.0209025
-0.0213484
-0.0217592
-0.0221646
-0.0225642
-0.022958
-0.0233457
-0.0237272
-0.0241023
-0.0244709
-0.0248327
-0.0251877
-0.0255355
-0.0258761
-0.0262093
-0.0265349
-0.0268528
-0.0271627
-0.0274644
-0.0277579
-0.028043
-0.0283194
-0.0285642
-0.028796
-0.0290143
-0.0292186
-0.0294086
-0.0295837
-0.0297436
-0.0298877
-0.0300158
-0.0301273
-0.0302218
-0.0302988
-0.030358
-0.0303988
-0.030421
-0.0304239
-0.0304072
-0.0303705
-0.0303132
-0.0302351
-0.0301194
-0.0299929
-0.0298568
-0.0297123
-0.0295607
-0.0294032
-0.0292412
-0.0290759
-0.0289085
-0.0287404
-0.0285727
-0.0284068
-0.0282438
-0.0280851
-0.027932
-0.0277856
-0.0276472
-0.0275182
-0.0273997
-0.0272931
-0.0273546
-0.0274271
-0.0275093
-0.0276
-0.027698
-0.0278022
-0.0279112
-0.0280239
-0.028139
-0.0282554
-0.0283718
-0.028487
-0.0285998
-0.028709
-0.0288133
-0.0289116
-0.0290027
-0.0290852
-0.029158
-0.02922
-0.0292009
-0.029176
-0.0291458
-0.0291112
-0.0290729
-0.0290314
-0.0289876
-0.028942
-0.0288955
-0.0288487
-0.0288023
-0.028757
-0.0287135
-0.0286725
-0.0286348
-0.0286009
-0.0285716
-0.0285476
-0.0285296
-0.0285183
-0.0285143
-0.0285183
-0.0285296
-0.0285476
-0.0285716
-0.0286009
-0.0286348
-0.0286725
-0.0287135
-0.028757
-0.0288023
-0.0288487
-0.0288955
-0.028942
-0.0289876
-0.0290314
-0.0290729
-0.0291112
-0.0291458
-0.029176
-0.0292009
-0.02922
-0.029158
-0.0290852
-0.0290027
-0.0289116
-0.0288133
-0.028709
-0.0285998
-0.028487
-0.0283718
-0.0282554
-0.028139
-0.0280239
-0.0279112
-0.0278022
-0.027698
-0.0276
-0.0275093
-0.0274271
-0.0273546
-0.0272931
-0.0273997
-0.0275182
-0.0276472
-0.0277856
-0.027932
-0.0280851
-0.0282438
-0.0284068
-0.0285727
-0.0287404
-0.0289085
-0.0290759
-0.0292412
-0.0294032
-0.0295607
-0.0297123
-0.0298568
-0.0299929
-0.0301194
-0.0302351
-0.0303132
-0.0303705
-0.0304072
-0.0304239
-0.030421
-0.0303988
-0.030358
-0.0302988
-0.0302218
-0.0301273
-0.0300158
-0.0298877
-0.0297436
-0.0295837
-0.0294086
-0.0292186
-0.0290143
-0.028796
-0.0285642
-0.0283194
-0.028043
-0.0277579
-0.0274644
-0.0271627
-0.0268528
-0.0265349
-0.0262093
-0.0258761
-0.0255355
-0.0251877
-0.0248327
-0.0244709
-0.0241023
-0.0237272
-0.0233457
-0.022958
-0.0225642
-0.0221646
-0.0217592
-0.0213484
-0.0209025
-0.0204588
-0.0200167
-0.0195756
-0.0191351
-0.0186947
-0.0182537
-0.0178117
-0.0173682
-0.0169226
-0.0164745
-0.0160232
-0.0155683
-0.0151093
-0.0146455
-0.0141766
-0.0137019
-0.013221
-0.0127333
-0.0122383
-0.011449
-0.0106381
-0.00981232
-0.00897833
-0.00814288
-0.00731267
-0.00649441
-0.00569483
-0.00492063
-0.00417854
-0.00347525
-0.00281749
-0.00221197
-0.0016654
-0.0011845
-0.000775986
-0.000446563
-0.000202948
-5.1856e-05
0
