AR 353 %.6g
-6.77626e-20
-4.13182e-06
-1.63031e-05
-3.61778e-05
-6.34195e-05
-9.76922e-05
-0.00013866
-0.000185985
-0.000239334
-0.000298368
-0.000362752
-0.00043215
-0.000506226
-0.000584643
-0.000667065
-0.000753156
-0.00084258
-0.000935001
-0.00103008
-0.00112749
-0.00122688
-0.00132792
-0.00143029
-0.00153363
-0.00163761
-0.0017419
-0.00184616
-0.00195005
-0.00205325
-0.00215541
-0.00221416
-0.00227264
-0.0023309
-0.00238902
-0.00244708
-0.00250515
-0.0025633
-0.0026216
-0.00268013
-0.00273896
-0.00279816
-0.0028578
-0.00291797
-0.00297872
-0.00304014
-0.0031023
-0.00316527
-0.00322912
-0.00329392
-0.00335976
-0.0034267
-0.00349481
-0.00356417
-0.00363485
-0.00370692
-0.00378046
-0.00385555
-0.00393224
-0.00401062
-0.00408795
-0.00416673
-0.00424701
-0.00432885
-0.00441229
-0.00449739
-0.00458421
-0.00467281
-0.00476322
-0.00485551
-0.00494973
-0.00504594
-0.00514419
-0.00524452
-0.00534701
-0.00545169
-0.00555863
-0.00566788
-0.00577949
-0.00589351
-0.00601
-0.00612902
-0.00625061
-0.00637483
-0.00650174
-0.00663139
-0.00676382
-0.00689911
-0.00703729
-0.00717843
-0.00731766
-0.00745616
-0.00759363
-0.00772982
-0.00786444
-0.00799722
-0.00812788
-0.00825617
-0.00838179
-0.00850449
-0.00862398
-0.00873999
-0.00885225
-0.00896048
-0.00906441
-0.00916378
-0.0092583
-0.0093477
-0.00943171
-0.00951005
-0.00958246
-0.00964865
-0.00970836
-0.00976131
-0.00980723
-0.00984585
-0.00987688
-0.00990007
-0.00991513
-0.0098669
-0.00981213
-0.00975111
-0.00968414
-0.00961148
-0.00953345
-0.00945031
-0.00936235
-0.00926988
-0.00917316
-0.00907249
-0.00896817
-0.00886046
-0.00874967
-0.00863607
-0.00851997
-0.00840163
-0.00828136
-0.00815944
-0.00803615
-0.00791178
-0.00778663
-0.00766098
-0.00753511
-0.00740931
-0.00728387
-0.00715908
-0.00703523
-0.0069126
-0.0068
-0.00668866
-0.00657876
-0.00647046
-0.00636397
-0.00625944
-0.00615707
-0.00605703
-0.00595951
-0.00586468
-0.00577272
-0.00568381
-0.00559814
-0.00551588
-0.00543721
-0.00536231
-0.00529137
-0.00522456
-0.00516206
-0.00510405
-0.00505071
-0.00500222
-0.00495876
-0.00492052
-0.00488766
-0.00486038
-0.00483884
-0.00482324
-0.00481374
-0.00481054
-0.00481374
-0.00482324
-0.00483884
-0.00486038
-0.00488766
-0.00492052
-0.00495876
-0.00500222
-0.00505071
-0.00510405
-0.00516206
-0.00522456
-0.00529137
-0.00536231
-0.00543721
-0.00551588
-0.00559814
-0.00568381
-0.00577272
-0.00586468
-0.00595951
-0.00605703
-0.00615707
-0.00625944
-0.00636397
-0.00647046
-0.00657876
-0.00668866
-0.0068
-0.0069126
-0.00703523
-0.00715908
-0.00728387
-0.00740931
-0.00753511
-0.00766098
-0.00778663
-0.00791178
-0.00803615
-0.00815944
-0.00828136
-0.00840163
-0.00851997
-0.00863607
-0.00874967
-0.00886046
-0.00896817
-0.00907249
-0.00917316
-0.00926988
-0.00936235
-0.00945031
-0.00953345
-0.00961148
-0.00968414
-0.00975111
-0.00981213
-0.0098669
-0.00991513
-0.00990007
-0.00987688
-0.00984585
-0.00980723
-0.00976131
-0.00970836
-0.00964865
-0.00958246
-0.00951005
-0.00943171
-0.0093477
-0.0092583
-0.00916378
-0.00906441
-0.00896048
-0.00885225
-0.00873999
-0.00862398
-0.00850449
-0.00838179
-0.00825617
-0.00812788
-0.00799722
-0.00786444
-0.00772982
-0.00759363
-0.00745616
-0.00731766
-0.00717843
-0.00703729
-0.00689911
-0.00676382
-0.00663139
-0.00650174
-0.00637483
-0.00625061
-0.00612902
-0.00601
-0.00589351
-0.00577949
-0.00566788
-0.00555863
-0.00545169
-0.00534701
-0.00524452
-0.00514419
-0.00504594
-0.00494973
-0.00485551
-0.00476322
-0.00467281
-0.00458421
-0.00449739
-0.00441229
-0.00432885
-0.00424701
-0.00416673
-0.00408795
-0.00401062
-0.00393224
-0.00385555
-0.00378046
-0.00370692
-0.00363485
-0.00356417
-0.00349481
-0.0034267
-0.00335976
-0.00329392
-0.00322912
-0.00316527
-0.0031023
-0.00304014
-0.00297872
-0.00291797
-0.0028578
-0.00279816
-0.00273896
-0.00268013
-0.0026216
-0.0025633
-0.00250515
-0.00244708
-0.00238902
-0.0023309
-0.00227264
-0.00221416
-0.00215541
-0.00205325
-0.00195005
-0.00184616
-0.0017419
-0.00163761
-0.00153363
-0.00143029
-0.00132792
-0.00122688
-0.00112749
-0.00103008
-0.000935001
-0.00084258
-0.000753156
-0.000667065
-0.000584643
-0.000506226
-0.00043215
-0.000362752
-0.000298368
-0.000239334
-0.000185985
-0.00013866
-9.76922e-05
-6.34195e-05
-3.61778e-05
-1.63031e-05
-4.13182e-06
-6.77626e-20
