AR 305 %.6g
0
-1.83896e-05
-7.22428e-05
-0.000159586
-0.000278447
-0.000426851
-0.000602825
-0.000804396
-0.00102959
-0.00127644
-0.00154296
-0.00182718
-0.00212714
-0.00244085
-0.00276635
-0.00310165
-0.0034448
-0.0037938
-0.0041467
-0.00450152
-0.00485627
-0.005209
-0.00551777
-0.00583005
-0.00614555
-0.00646403
-0.00678522
-0.00710885
-0.00743465
-0.00776237
-0.00809175
-0.00842251
-0.0087544
-0.00908714
-0.00942048
-0.00975416
-0.0100879
-0.0104215
-0.0107545
-0.0110869
-0.0114183
-0.0117484
-0.012077
-0.0124039
-0.0127219
-0.0130363
-0.0133469
-0.0136533
-0.0139552
-0.0142521
-0.0145439
-0.01483
-0.0151102
-0.0153842
-0.0156516
-0.015912
-0.0161651
-0.0164106
-0.0166481
-0.0168774
-0.0170979
-0.0173095
-0.0175117
-0.0177043
-0.0178868
-0.018059
-0.0182254
-0.0183836
-0.0185333
-0.0186746
-0.0188074
-0.0189316
-0.0190472
-0.0191541
-0.0192522
-0.0193415
-0.019422
-0.0194936
-0.0195561
-0.0196097
-0.0196541
-0.0196894
-0.0197155
-0.0197323
-0.0197397
-0.0197378
-0.0197265
-0.0196891
-0.019646
-0.0195976
-0.0195447
-0.0194879
-0.0194278
-0.0193651
-0.0193003
-0.0192341
-0.0191671
-0.0191
-0.0190333
-0.0189678
-0.0189039
-0.0188425
-0.018784
-0.0187291
-0.0186785
-0.0186328
-0.0185925
-0.0185584
-0.018531
-0.0185885
-0.0186483
-0.0187094
-0.0187708
-0.0188316
-0.018891
-0.0189478
-0.0190013
-0.0190505
-0.0190945
-0.0191322
-0.0191628
-0.0191853
-0.0191989
-0.0192025
-0.0191952
-0.0191761
-0.0191443
-0.0190988
-0.0190386
-0.018963
-0.0188708
-0.0186385
-0.0183988
-0.0181535
-0.0179045
-0.0176533
-0.017402
-0.0171521
-0.0169055
-0.0166639
-0.0164292
-0.016203
-0.0159872
-0.0157836
-0.0155938
-0.0154198
-0.0152632
-0.0151258
-0.0150094
-0.0149158
-0.0148468
-0.0148041
-0.0147894
-0.0148041
-0.0148468
-0.0149158
-0.0150094
-0.0151258
-0.0152632
-0.0154198
-0.0155938
-0.0157836
-0.0159872
-0.016203
-0.0164292
-0.0166639
-0.0169055
-0.0171521
-0.017402
-0.0176533
-0.0179045
-0.0181535
-0.0183988
-0.0186385
-0.0188708
-0.018963
-0.0190386
-0.0190988
-0.0191443
-0.0191761
-0.0191952
-0.0192025
-0.0191989
-0.0191853
-0.0191628
-0.0191322
-0.0190945
-0.0190505
-0.0190013
-0.0189478
-0.018891
-0.0188316
-0.0187708
-0.0187094
-0.0186483
-0.0185885
-0.018531
-0.0185584
-0.0185925
-0.0186328
-0.0186785
-0.0187291
-0.018784
-0.0188425
-0.0189039
-0.0189678
-0.0190333
-0.0191
-0.0191671
-0.0192341
-0.0193003
-0.0193651
-0.0194278
-0.0194879
-0.0195447
-0.0195976
-0.019646
-0.0196891
-0.0197265
-0.0197378
-0.0197397
-0.0197323
-0.0197155
-0.0196894
-0.0196541
-0.0196097
-0.0195561
-0.0194936
-0.019422
-0.0193415
-0.0192522
-0.0191541
-0.0190472
-0.0189316
-0.0188074
-0.0186746
-0.0185333
-0.0183836
-0.0182254
-0.018059
-0.0178868
-0.0177043
-0.0175117
-0.0173095
-0.0170979
-0.0168774
-0.0166481
-0.0164106
-0.0161651
-0.015912
-0.0156516
-0.0153842
-0.0151102
-0.01483
-0.0145439
-0.0142521
-0.0139552
-0.0136533
-0.0133469
-0.0130363
-0.0127219
-0.0124039
-0.012077
-0.0117484
-0.0114183
-0.0110869
-0.0107545
-0.0104215
-0.0100879
-0.00975416
-0.00942048
-0.00908714
-0.0087544
-0.00842251
-0.00809175
-0.00776237
-0.00743465
-0.00710885
-0.00678522
-0.00646403
-0.00614555
-0.00583005
-0.00551777
-0.005209
-0.00485627
-0.00450152
-0.0041467
-0.0037938
-0.0034448
-0.00310165
-0.00276635
-0.00244085
-0.00212714
-0.00182718
-0.00154296
-0.00127644
-0.00102959
-0.000804396
-0.000602825
-0.000426851
-0.000278447
-0.000159586
-7.22428e-05
-1.83896e-05
0
