-450.282   5.50751e-12   0
-446.764   1.47307e-12   0
-443.246   3.77802e-12   0
-439.728   1.65678e-11   0
-436.21   2.25284e-11   0
-432.693   1.66372e-11   0
-429.175   1.28797e-11   0
-425.657   5.37409e-12   0
-422.139   3.00134e-12   0
-418.621   1.61183e-11   0
-415.104   1.15323e-11   0
-411.586   2.97244e-12   0
-408.068   1.28725e-11   0
-404.55   1.46703e-11   0
-401.032   3.32748e-12   0
-397.514   4.85152e-13   0
-393.997   2.22225e-12   0
-390.479   8.07137e-12   0
-386.961   1.27443e-11   0
-383.443   2.79897e-11   0
-379.925   2.96243e-11   0
-376.407   2.17453e-11   0
-372.89   8.56436e-12   0
-369.372   3.57458e-12   0
-365.854   2.26702e-11   0
-362.336   7.67504e-11   0
-358.818   8.52599e-11   0
-355.3   3.44346e-11   0
-351.783   9.89637e-12   0
-348.265   1.70172e-11   0
-344.747   1.15503e-11   0
-341.229   5.18605e-11   0
-337.711   1.85893e-11   0
-334.194   6.63392e-11   0
-330.676   1.0648e-10   0
-327.158   4.40147e-11   0
-323.64   2.93867e-11   0
-320.122   1.69977e-11   0
-316.604   1.67558e-11   0
-313.087   8.21862e-11   0
-309.569   2.4765e-10   0
-306.051   4.60467e-10   0
-302.533   8.30484e-10   0
-299.015   1.2273e-09   0
-295.497   1.45253e-09   0
-291.98   1.72101e-09   0
-288.462   1.8849e-09   0
-284.944   2.33382e-09   0
-281.426   3.31422e-09   0
-277.908   2.77366e-09   0
-274.39   1.90747e-09   0
-270.873   1.90752e-09   0
-267.355   1.82038e-09   0
-263.837   1.2186e-09   0
-260.319   5.75424e-10   0
-256.801   2.24419e-10   0
-253.284   5.30397e-10   0
-249.766   3.10427e-09   0
-246.248   1.15457e-08   0
-242.73   3.06864e-08   0
-239.212   7.06047e-08   0
-235.694   1.57384e-07   0
-232.177   3.29622e-07   0
-228.659   4.77609e-07   0
-225.141   4.19747e-07   0
-221.623   2.46969e-07   0
-218.105   1.36016e-07   0
-214.587   1.11298e-07   0
-211.07   1.34183e-07   0
-207.552   1.54927e-07   0
-204.034   1.4519e-07   0
-200.516   1.23186e-07   0
-196.998   1.02222e-07   0
-193.48   7.09539e-08   0
-189.963   5.46601e-08   0
-186.445   1.19649e-07   0
-182.927   2.48418e-07   0
-179.409   4.25133e-07   0
-175.891   7.42536e-07   0
-172.374   1.00299e-06   0
-168.856   1.1254e-06   0
-165.338   1.54537e-06   0
-161.82   3.16158e-06   0
-158.302   1.02396e-05   0
-154.784   2.32128e-05   0
-151.267   3.17602e-05   0
-147.749   3.67058e-05   0
-144.231   5.06328e-05   0
-140.713   6.84089e-05   0
-137.195   6.94717e-05   0
-133.677   4.67076e-05   0
-130.16   2.3966e-05   0
-126.642   1.80604e-05   0
-123.124   1.80995e-05   0
-119.606   1.75042e-05   0
-116.088   1.81215e-05   0
-112.57   2.20139e-05   0
-109.053   2.93019e-05   0
-105.535   3.73417e-05   0
-102.017   5.03658e-05   0
-98.4991   0.000140511   0
-94.9813   0.000684024   0
-91.4635   0.00278186   0
-87.9457   0.0082206   -4.17974
-84.4278   0.0181615   -4.00462
-80.91   0.0287448   -3.90759
-77.3922   0.0326643   -3.86359
-73.8744   0.0304622   -3.85245
-70.3565   0.027723   -3.90853
-66.8387   0.0256722   -4.05562
-63.3209   0.0231175   -4.24533
-59.8031   0.0200024   -4.41441
-56.2852   0.0166737   -4.54213
-52.7674   0.0130782   -4.65318
-49.2496   0.00970731   -4.79188
-45.7317   0.0073928   -4.99759
-42.2139   0.00644071   -5.25854
-38.6961   0.00645428   -5.48845
-35.1783   0.00634016   -5.61987
-31.6604   0.00513004   -5.67709
-28.1426   0.00274358   0
-24.6248   0.000417542   0
-21.107   0.000996185   0
-17.5891   0.0062045   -2.22408
-14.0713   0.0110461   -2.14932
-10.5535   0.00880713   -1.52515
-7.03565   0.0408781   -0.38121
-3.51783   0.245116   -0.0804932
4.43379e-12   0.670368   0
3.51783   1   0.037854
7.03565   0.898748   0.0627397
10.5535   0.508702   0.0514271
14.0713   0.181497   -0.0708717
17.5891   0.0446515   -0.471802
21.107   0.0163635   -1.25056
24.6248   0.0124434   -1.86823
28.1426   0.008977   -2.28455
31.6604   0.00569529   -2.75337
35.1783   0.00387683   0
38.6961   0.00301833   0
42.2139   0.00195298   0
45.7317   0.000846734   0
49.2496   0.00025891   0
52.7674   0.000111064   0
56.2852   0.000116133   0
59.8031   7.84544e-05   0
63.3209   1.87224e-05   0
66.8387   1.33019e-06   0
70.3565   1.32394e-05   0
73.8744   5.18085e-05   0
77.3922   0.00010943   0
80.91   0.000164865   0
84.4278   0.000238066   0
87.9457   0.000312407   0
91.4635   0.000344694   0
94.9813   0.000360008   0
98.4991   0.000369417   0
102.017   0.000293873   0
105.535   0.000151333   0
109.053   7.38839e-05   0
112.57   6.38135e-05   0
116.088   5.60023e-05   0
119.606   4.2355e-05   0
123.124   2.36512e-05   0
126.642   6.46533e-06   0
130.16   5.67576e-07   0
133.677   1.34962e-06   0
137.195   1.54378e-06   0
140.713   6.48348e-07   0
144.231   4.05481e-06   0
147.749   1.17455e-05   0
151.267   1.90693e-05   0
154.784   2.50458e-05   0
158.302   2.85772e-05   0
161.82   2.83391e-05   0
165.338   2.46462e-05   0
168.856   1.80583e-05   0
172.374   9.94714e-06   0
175.891   4.0302e-06   0
179.409   1.53789e-06   0
182.927   6.1385e-07   0
186.445   1.78521e-07   0
189.963   7.41676e-08   0
193.48   3.46112e-08   0
196.998   1.07316e-08   0
200.516   4.46367e-08   0
204.034   7.49465e-08   0
207.552   5.9378e-08   0
211.07   4.06841e-08   0
214.587   2.68699e-08   0
218.105   1.02173e-08   0
221.623   1.50424e-09   0
225.141   3.0317e-10   0
228.659   1.99621e-10   0
232.177   2.56802e-10   0
235.694   7.88793e-10   0
239.212   1.34777e-09   0
242.73   6.78844e-10   0
246.248   2.07011e-11   0
249.766   2.23553e-10   0
253.284   8.42793e-10   0
256.801   1.3788e-09   0
260.319   1.73981e-09   0
263.837   1.39203e-09   0
267.355   6.97779e-10   0
270.873   5.7966e-10   0
274.39   4.05859e-10   0
277.908   1.38603e-10   0
281.426   5.64323e-11   0
284.944   1.08245e-10   0
288.462   1.51824e-10   0
291.98   6.12074e-11   0
295.497   6.8955e-12   0
299.015   9.93795e-13   0
302.533   4.07888e-12   0
306.051   8.92347e-12   0
309.569   3.29738e-12   0
313.087   1.17205e-11   0
316.604   1.19339e-11   0
320.122   4.68615e-12   0
323.64   4.32857e-12   0
327.158   4.3349e-11   0
330.676   7.2961e-11   0
334.194   2.89439e-11   0
337.711   1.47998e-12   0
341.229   1.2101e-11   0
344.747   3.81704e-11   0
348.265   3.49006e-11   0
351.783   3.18819e-11   0
355.3   2.42495e-11   0
358.818   4.91564e-11   0
362.336   5.62512e-11   0
365.854   9.39122e-12   0
369.372   6.93754e-12   0
372.89   1.22684e-11   0
376.407   7.03518e-12   0
379.925   4.94879e-12   0
383.443   6.97138e-12   0
386.961   2.02706e-12   0
390.479   1.16213e-11   0
393.997   2.01275e-11   0
397.514   2.46206e-11   0
401.032   1.45672e-11   0
404.55   1.0582e-11   0
408.068   6.66019e-12   0
411.586   3.92022e-12   0
415.104   3.48848e-12   0
418.621   3.00244e-12   0
422.139   3.07618e-12   0
425.657   8.20534e-14   0
429.175   1.67913e-11   0
432.693   8.15616e-12   0
436.21   1.1527e-11   0
439.728   2.25755e-11   0
443.246   9.33712e-12   0
446.764   7.06505e-12   0
