345.77	45.59
345.98	45.59
346.19	45.59
346.41	67.13
346.62	-54.62
346.84	111.12
347.05	50.34
347.26	54.39
347.48	126.34
347.69	-20.81
347.91	28.94
348.12	67.89
348.33	98.16
348.55	98.16
348.76	85.97
348.97	87.00
349.19	49.75
349.40	99.18
349.62	67.44
349.83	191.79
350.04	58.65
350.26	13.25
350.47	29.98
350.69	95.80
350.90	81.65
351.11	62.11
351.33	76.23
351.54	90.91
351.75	-9.85
351.97	99.41
352.18	90.75
352.40	11.51
352.61	127.90
352.82	39.61
353.04	97.30
353.25	40.75
353.46	54.29
353.68	151.65
353.89	53.53
354.10	148.52
354.32	114.67
354.53	15.93
354.75	-15.28
354.96	23.74
355.17	20.13
355.39	56.65
355.60	74.65
355.81	115.26
356.03	20.60
356.24	126.09
356.45	33.05
356.67	46.06
356.88	11.18
357.09	96.28
357.31	10.67
357.52	125.50
357.73	88.47
357.95	65.25
358.16	93.98
358.37	76.78
358.59	47.06
358.80	75.43
359.02	104.55
359.23	89.41
359.44	88.33
359.66	91.93
359.87	38.50
360.08	132.81
360.30	127.32
360.51	32.58
360.72	151.00
360.93	87.82
361.15	85.36
361.36	64.47
361.57	71.21
361.79	-4.30
362.00	155.36
362.21	72.78
362.43	24.19
362.64	24.74
362.85	87.26
363.07	116.92
363.28	69.39
363.49	82.23
363.71	79.58
363.92	72.23
364.13	91.89
364.35	52.06
364.56	97.42
364.77	103.12
364.98	34.39
365.20	120.63
365.41	49.89
365.62	28.94
365.84	43.68
366.05	56.22
366.26	6.35
366.48	77.72
366.69	-55.79
366.90	96.19
367.11	97.28
367.33	-2.25
367.54	85.75
367.75	27.38
367.97	81.75
368.18	32.50
368.39	38.71
368.60	113.05
368.82	69.30
369.03	100.43
369.24	52.22
369.46	-22.96
369.67	102.54
369.88	73.77
370.09	52.26
370.31	144.96
370.52	116.02
370.73	100.08
370.95	53.43
371.16	70.02
371.37	98.61
371.58	54.39
371.80	0.33
372.01	27.65
372.22	99.24
372.43	94.06
372.65	6.74
372.86	13.58
373.07	47.59
373.29	106.39
373.50	122.45
373.71	24.56
373.92	98.53
374.14	96.66
374.35	105.98
374.56	27.18
374.77	24.74
374.99	67.60
375.20	44.91
375.41	29.49
375.62	44.07
375.84	61.38
376.05	103.14
376.26	116.20
376.47	80.55
376.69	75.57
376.90	38.28
377.11	79.63
377.32	96.40
377.54	101.74
377.75	32.81
377.96	131.42
378.17	112.88
378.38	76.39
378.60	130.95
378.81	7.56
379.02	94.92
379.23	-15.99
379.45	64.37
379.66	32.28
379.87	83.45
380.08	160.27
380.30	102.01
380.51	66.87
380.72	109.05
380.93	18.80
381.14	78.07
381.36	82.27
381.57	21.63
381.78	55.13
381.99	48.23
382.20	94.27
382.42	84.60
382.63	69.55
382.84	103.48
383.05	120.46
383.27	92.40
383.48	39.59
383.69	30.74
383.90	3.73
384.11	123.39
384.33	68.55
384.54	116.00
384.75	59.47
384.96	24.72
385.17	85.58
385.39	51.67
385.60	82.08
385.81	64.16
386.02	71.66
386.23	83.58
386.45	132.38
386.66	104.43
386.87	86.69
387.08	23.00
387.29	74.22
387.50	89.66
387.72	96.01
387.93	79.09
388.14	92.34
388.35	151.08
388.56	139.67
388.78	44.36
388.99	53.12
389.20	81.71
389.41	33.81
389.62	146.80
389.83	5.59
390.05	131.52
390.26	46.08
390.47	34.73
390.68	24.90
390.89	170.00
391.10	103.01
391.32	-15.34
391.53	137.36
391.74	45.85
391.95	93.86
392.16	97.83
392.37	46.16
392.59	78.85
392.80	-19.44
393.01	139.94
393.22	26.09
393.43	93.18
393.64	110.02
393.86	92.36
394.07	80.57
394.28	94.82
394.49	82.08
394.70	59.70
394.91	161.63
395.12	40.28
395.34	148.60
395.55	85.38
395.76	-8.62
395.97	83.76
396.18	66.76
396.39	53.35
396.60	66.93
396.82	53.86
397.03	88.96
397.24	85.65
397.45	87.92
397.66	98.83
397.87	18.90
398.08	139.24
398.29	117.51
398.51	109.48
398.72	193.04
398.93	92.53
399.14	75.34
399.35	25.17
399.56	115.61
399.77	57.77
399.98	73.83
400.20	51.01
400.41	55.79
400.62	49.42
400.83	73.93
401.04	32.52
401.25	91.99
401.46	80.89
401.67	130.91
401.88	134.59
402.10	45.12
402.31	136.97
402.52	41.08
402.73	3.44
402.94	113.91
403.15	77.13
403.36	54.76
403.57	73.21
403.78	88.31
403.99	95.25
404.21	53.27
404.42	10.49
404.63	143.15
404.84	22.98
405.05	102.60
405.26	93.41
405.47	131.32
405.68	66.31
405.89	34.88
406.10	27.40
406.31	96.30
406.53	38.93
406.74	61.44
406.95	81.67
407.16	14.25
407.37	-18.66
407.58	53.14
407.79	69.39
408.00	0.20
408.21	51.61
408.42	102.89
408.63	61.25
408.84	53.41
409.05	73.01
409.27	99.37
409.48	60.07
409.69	48.52
409.90	46.86
410.11	-27.07
410.32	135.25
410.53	72.68
410.74	38.15
410.95	0.78
411.16	57.92
411.37	63.86
411.58	130.64
411.79	110.73
412.00	101.27
412.21	61.19
412.42	47.35
412.63	57.67
412.84	93.86
413.06	22.00
413.27	25.66
413.48	92.42
413.69	114.30
413.90	107.64
414.11	21.69
414.32	67.44
414.53	101.87
414.74	25.01
414.95	95.17
415.16	15.52
415.37	80.26
415.58	91.18
415.79	151.65
416.00	67.93
416.21	32.85
416.42	98.18
416.63	97.79
416.84	129.70
417.05	45.26
417.26	124.15
417.47	39.20
417.68	87.43
417.89	57.14
418.10	130.97
418.31	58.20
418.52	103.98
418.73	50.40
418.94	78.31
419.15	72.44
419.36	20.93
419.57	67.54
419.78	113.50
419.99	115.96
420.20	131.27
420.41	60.66
420.62	103.87
420.83	80.36
421.04	24.92
421.25	27.16
421.46	49.32
421.67	66.15
421.88	120.28
422.09	63.71
422.30	54.31
422.51	-36.88
422.72	53.51
422.93	71.25
423.14	127.36
423.35	48.82
423.56	33.40
423.77	121.16
423.98	75.73
424.19	149.58
424.40	17.88
424.61	52.37
424.82	52.53
425.03	146.86
425.24	120.05
425.45	71.06
425.66	5.80
425.87	116.63
426.08	7.66
426.29	63.63
426.50	43.60
426.71	26.09
426.92	122.22
427.13	108.17
427.34	102.38
427.55	111.45
427.76	113.97
427.97	34.14
428.18	104.22
428.39	129.29
428.60	45.44
428.81	93.02
429.02	76.33
429.23	43.52
429.44	4.05
429.65	143.60
429.85	61.19
430.06	85.77
430.27	60.80
430.48	-31.78
430.69	36.29
430.90	101.17
431.11	52.55
431.32	89.13
431.53	43.64
431.74	131.23
431.95	39.63
432.16	65.88
432.37	32.87
432.58	103.07
432.79	42.60
433.00	64.00
433.21	58.45
433.42	146.61
433.62	138.44
433.83	-18.68
434.04	45.49
434.25	99.31
434.46	75.65
434.67	102.64
434.88	43.40
435.09	119.60
435.30	143.85
435.51	127.79
435.72	132.67
435.93	70.06
436.14	70.47
436.34	96.89
436.55	180.55
436.76	-0.94
436.97	77.50
437.18	101.60
437.39	2.40
437.60	105.22
437.81	71.84
438.02	85.83
438.23	74.79
438.44	70.76
438.64	114.60
438.85	112.76
439.06	50.50
439.27	84.25
439.48	115.89
439.69	30.13
439.90	48.19
440.11	59.84
440.32	13.29
440.53	57.06
440.73	78.58
440.94	155.71
441.15	48.35
441.36	77.15
441.57	100.45
441.78	111.59
441.99	29.53
442.20	73.83
442.40	51.28
442.61	101.95
442.82	75.12
443.03	143.73
443.24	126.81
443.45	144.65
443.66	86.42
443.87	56.34
444.07	34.84
444.28	109.77
444.49	7.41
444.70	112.45
444.91	170.90
445.12	54.99
445.33	61.19
445.54	137.44
445.74	4.26
445.95	106.76
446.16	132.22
446.37	141.58
446.58	46.90
446.79	51.04
447.00	128.12
447.20	86.30
447.41	75.71
447.62	17.53
447.83	111.25
448.04	-0.94
448.25	16.98
448.46	139.14
448.66	167.24
448.87	56.32
449.08	95.25
449.29	78.56
449.50	71.84
449.71	87.96
449.91	87.06
450.12	119.23
450.33	8.25
450.54	58.78
450.75	79.46
450.96	165.48
451.16	143.54
451.37	72.19
451.58	20.79
451.79	62.65
452.00	117.37
452.21	57.61
452.41	110.37
452.62	71.95
452.83	90.70
453.04	95.82
453.25	102.62
453.45	68.79
453.66	70.49
453.87	28.92
454.08	-35.55
454.29	89.74
454.50	115.63
454.70	11.90
454.91	41.86
455.12	32.81
455.33	53.92
455.54	86.61
455.74	146.37
455.95	70.84
456.16	83.52
456.37	93.59
456.58	74.42
456.78	55.11
456.99	152.10
457.20	100.49
457.41	-4.01
457.62	136.80
457.82	114.01
458.03	26.95
458.24	109.98
458.45	109.77
458.66	31.17
458.86	97.32
459.07	121.59
459.28	35.23
459.49	72.44
459.69	147.41
459.90	57.67
460.11	140.67
460.32	7.33
460.53	80.77
460.73	33.01
460.94	65.99
461.15	87.57
461.36	48.02
461.56	34.79
461.77	117.49
461.98	49.66
462.19	115.32
462.39	8.52
462.60	87.80
462.81	129.41
463.02	138.71
463.23	14.38
463.43	104.45
463.64	23.63
463.85	69.06
464.06	90.85
464.26	58.02
464.47	29.35
464.68	129.19
464.89	80.36
465.09	7.23
465.30	88.29
465.51	47.02
465.72	71.00
465.92	89.35
466.13	63.69
466.34	19.27
466.55	32.32
466.75	85.99
466.96	142.27
467.17	55.75
467.37	104.86
467.58	99.47
467.79	-11.59
468.00	65.66
468.20	23.49
468.41	19.76
468.62	34.02
468.83	43.31
469.03	39.94
469.24	84.60
469.45	120.58
469.65	46.94
469.86	87.06
470.07	57.47
470.28	84.87
470.48	52.41
470.69	81.73
470.90	137.87
471.11	91.91
471.31	26.38
471.52	67.32
471.73	95.72
471.93	167.93
472.14	57.53
472.35	26.23
472.55	85.65
472.76	20.40
472.97	66.07
473.18	107.85
473.38	21.30
473.59	52.16
473.80	62.50
474.00	54.62
474.21	-4.69
474.42	69.98
474.62	116.71
474.83	33.24
475.04	75.41
475.25	85.54
475.45	133.83
475.66	128.02
475.87	141.68
476.07	52.71
476.28	77.70
476.49	83.68
476.69	17.47
476.90	23.16
477.11	98.14
477.31	81.16
477.52	74.96
477.73	67.34
477.93	109.50
478.14	36.90
478.35	61.54
478.55	116.57
478.76	124.05
478.97	88.14
479.17	81.92
479.38	124.56
479.59	57.77
479.79	114.32
480.00	77.82
480.21	92.92
480.41	107.50
480.62	85.38
480.83	59.60
481.03	77.39
481.24	89.82
481.45	12.51
481.65	118.58
481.86	97.57
482.07	65.94
482.27	11.08
482.48	96.21
482.69	97.30
482.89	52.02
483.10	178.73
483.30	129.84
483.51	109.10
483.72	99.55
483.92	40.22
484.13	81.39
484.34	84.36
484.54	81.43
484.75	85.42
484.96	106.88
485.16	103.57
485.37	132.22
485.57	44.01
485.78	123.06
485.99	102.11
486.19	114.87
486.40	46.63
486.61	95.29
486.81	67.58
487.02	49.34
487.22	46.39
487.43	70.00
487.64	52.28
487.84	49.64
488.05	100.15
488.25	122.24
488.46	107.48
488.67	159.37
488.87	26.38
489.08	59.10
489.28	35.27
489.49	63.84
489.70	77.39
489.90	62.07
490.11	6.98
490.31	121.01
490.52	46.61
490.73	78.19
490.93	88.76
491.14	39.12
491.34	78.05
491.55	77.41
491.76	92.34
491.96	123.31
492.17	91.32
492.37	113.11
492.58	54.97
492.79	63.18
492.99	56.99
493.20	109.40
493.40	93.43
493.61	61.07
493.81	73.95
494.02	81.02
494.23	49.54
494.43	132.18
494.64	94.53
494.84	97.75
495.05	96.30
495.25	59.12
495.46	116.18
495.67	123.59
495.87	151.32
496.08	102.03
496.28	94.64
496.49	36.74
496.69	99.59
496.90	159.74
497.11	73.07
497.31	120.97
497.52	34.82
497.72	69.90
497.93	55.99
498.13	132.42
498.34	85.11
498.54	124.68
498.75	57.49
498.95	109.85
499.16	69.79
499.37	10.79
499.57	80.20
499.78	77.74
499.98	88.49
500.19	61.03
500.39	88.92
500.60	108.48
500.80	84.93
501.01	119.83
501.21	68.59
501.42	76.37
501.62	120.40
501.83	132.16
502.04	140.96
502.24	94.12
502.45	97.01
502.65	98.51
502.86	82.53
503.06	98.88
503.27	117.59
503.47	93.24
503.68	111.86
503.88	79.28
504.09	36.00
504.29	101.35
504.50	-23.41
504.70	64.80
504.91	139.88
505.11	55.38
505.32	99.37
505.52	56.44
505.73	175.90
505.93	51.63
506.14	73.24
506.34	82.25
506.55	43.64
506.75	78.19
506.96	105.55
507.16	12.33
507.37	90.75
507.57	49.19
507.78	100.66
507.98	68.79
508.19	27.24
508.39	96.25
508.60	28.24
508.80	150.73
509.01	13.54
509.21	90.13
509.42	87.10
509.62	83.07
509.83	98.98
510.03	62.52
510.24	61.46
510.44	87.63
510.65	70.61
510.85	62.59
511.05	95.56
511.26	91.93
511.46	121.90
511.67	98.16
511.87	7.88
512.08	53.86
512.28	162.08
512.49	27.26
512.69	85.91
512.90	64.04
513.10	75.04
513.31	118.33
513.51	107.35
513.71	128.14
513.92	94.70
514.12	66.74
514.33	31.33
514.53	98.38
514.74	128.12
514.94	155.24
515.15	72.56
515.35	84.50
515.55	79.09
515.76	55.60
515.96	78.15
516.17	103.65
516.37	83.25
516.58	160.66
516.78	99.55
516.99	120.36
517.19	54.68
517.39	115.36
517.60	59.21
517.80	98.88
518.01	152.45
518.21	60.37
518.42	160.64
518.62	85.87
518.82	53.25
519.03	104.53
519.23	82.90
519.44	8.62
519.64	66.99
519.84	50.73
520.05	49.95
520.25	141.39
520.46	61.38
520.66	107.83
520.87	90.17
521.07	142.29
521.27	84.70
521.48	45.44
521.68	85.85
521.89	155.52
522.09	121.47
522.29	93.86
522.50	60.54
522.70	84.34
522.91	52.08
523.11	169.72
523.31	91.11
523.52	50.81
523.72	39.81
523.93	125.38
524.13	93.43
524.33	60.91
524.54	99.00
524.74	59.29
524.94	114.71
525.15	127.28
525.35	76.45
525.56	86.90
525.76	170.88
525.96	113.87
526.17	153.25
526.37	124.09
526.58	47.80
526.78	69.96
526.98	59.70
527.19	58.88
527.39	117.98
527.59	86.01
527.80	98.24
528.00	126.93
528.20	130.95
528.41	83.76
528.61	87.45
528.82	122.73
529.02	57.63
529.22	81.82
529.43	169.51
529.63	94.04
529.83	119.36
530.04	111.70
530.24	100.41
530.44	75.08
530.65	6.41
530.85	117.00
531.05	34.86
531.26	112.66
531.46	140.78
531.66	20.54
531.87	132.46
532.07	90.95
532.27	167.77
532.48	96.13
532.68	132.13
532.88	115.36
533.09	114.30
533.29	126.81
533.49	108.42
533.70	154.42
533.90	139.96
534.10	155.52
534.31	154.87
534.51	121.24
534.71	165.93
534.92	77.88
535.12	39.81
535.32	79.77
535.53	92.40
535.73	114.87
535.93	148.50
536.14	151.00
536.34	101.44
536.54	-6.53
536.75	28.88
536.95	117.74
537.15	40.67
537.35	116.20
537.56	36.13
537.76	150.73
537.96	114.13
538.17	165.29
538.37	200.33
538.57	54.56
538.78	136.33
538.98	50.34
539.18	135.90
539.38	174.79
539.59	80.16
539.79	182.21
539.99	98.88
540.20	24.74
540.40	102.52
540.60	187.10
540.80	130.09
541.01	112.56
541.21	113.58
541.41	154.19
541.62	120.79
541.82	173.28
542.02	98.06
542.22	125.54
542.43	78.97
542.63	103.44
542.83	71.49
543.03	160.95
543.24	66.99
543.44	78.79
543.64	141.08
543.84	90.97
544.05	88.02
544.25	124.25
544.45	82.92
544.66	33.85
544.86	185.32
545.06	137.52
545.26	84.66
545.47	120.03
545.67	150.77
545.87	145.10
546.07	159.99
546.28	163.65
546.48	124.37
546.68	133.57
546.88	98.86
547.09	112.45
547.29	154.09
547.49	121.65
547.69	94.08
547.89	113.72
548.10	132.61
548.30	44.15
548.50	115.51
548.70	161.83
548.91	91.75
549.11	48.02
549.31	157.71
549.51	115.79
549.72	100.96
549.92	128.39
550.12	182.84
550.32	86.53
550.52	129.88
550.73	147.09
550.93	166.11
551.13	163.43
551.33	120.54
551.54	97.57
551.74	89.91
551.94	141.02
552.14	185.07
552.34	112.52
552.55	142.60
552.75	182.04
552.95	135.06
553.15	173.07
553.35	111.82
553.56	77.33
553.76	124.52
553.96	100.66
554.16	162.83
554.36	155.81
554.57	202.75
554.77	125.25
554.97	89.60
555.17	104.75
555.37	186.82
555.57	59.76
555.78	117.18
555.98	146.27
556.18	164.88
556.38	190.56
556.58	161.83
556.79	91.71
556.99	167.46
557.19	220.93
557.39	163.24
557.59	127.24
557.79	119.11
558.00	197.96
558.20	138.85
558.40	132.24
558.60	88.53
558.80	195.60
559.00	63.63
559.21	185.30
559.41	120.36
559.61	128.35
559.81	120.56
560.01	164.96
560.21	109.87
560.42	208.65
560.62	157.76
560.82	197.53
561.02	124.19
561.22	177.15
561.42	254.34
561.62	192.47
561.83	117.88
562.03	135.47
562.23	116.90
562.43	261.69
562.63	196.26
562.83	215.16
563.03	180.14
563.24	119.01
563.44	229.45
563.64	158.04
563.84	178.52
564.04	246.06
564.24	179.48
564.44	149.56
564.64	162.49
564.85	147.39
565.05	155.30
565.25	156.46
565.45	166.95
565.65	167.89
565.85	162.18
566.05	150.36
566.25	208.59
566.46	171.09
566.66	135.74
566.86	202.71
567.06	127.73
567.26	200.11
567.46	170.58
567.66	187.63
567.86	178.11
568.06	158.84
568.27	169.49
568.47	226.34
568.67	183.27
568.87	193.37
569.07	200.07
569.27	229.54
569.47	269.25
569.67	258.17
569.87	203.06
570.07	158.02
570.27	194.80
570.48	204.76
570.68	176.13
570.88	198.20
571.08	216.49
571.28	219.58
571.48	194.76
571.68	229.86
571.88	159.19
572.08	154.87
572.28	199.43
572.48	216.84
572.68	279.85
572.89	242.62
573.09	171.48
573.29	194.95
573.49	199.64
573.69	162.85
573.89	177.89
574.09	229.00
574.29	208.18
574.49	208.65
574.69	223.29
574.89	240.96
575.09	149.05
575.29	216.04
575.49	236.23
575.69	265.83
575.89	171.99
576.09	188.72
576.30	223.21
576.50	207.99
576.70	256.32
576.90	199.06
577.10	281.96
577.30	197.38
577.50	133.51
577.70	250.79
577.90	244.71
578.10	257.96
578.30	201.09
578.50	266.91
578.70	250.69
578.90	294.31
579.10	248.56
579.30	301.54
579.50	303.32
579.70	244.90
579.90	261.83
580.10	233.96
580.30	283.09
580.50	327.74
580.70	314.71
580.90	230.60
581.10	174.92
581.30	335.54
581.50	196.81
581.70	281.78
581.90	269.27
582.10	254.17
582.30	209.02
582.50	212.15
582.70	212.52
582.90	185.79
583.10	256.51
583.30	331.89
583.50	274.98
583.70	280.04
583.90	308.57
584.10	260.64
584.30	316.62
584.50	244.26
584.70	277.66
584.90	339.72
585.10	275.62
585.30	281.08
585.50	265.50
585.70	318.99
585.90	266.73
586.10	318.46
586.30	290.24
586.50	269.27
586.70	323.42
586.90	241.50
587.10	327.37
587.30	297.63
587.50	280.41
587.70	310.76
587.90	311.97
588.10	247.64
588.30	314.79
588.50	279.32
588.70	304.47
588.90	357.21
589.10	276.91
589.30	281.10
589.50	286.35
589.70	380.37
589.90	354.79
590.10	334.45
590.30	308.73
590.50	315.16
590.69	300.93
590.89	401.28
591.09	384.38
591.29	322.78
591.49	286.59
591.69	295.81
591.89	295.05
592.09	375.82
592.29	387.31
592.49	317.25
592.69	433.72
592.89	294.25
593.09	287.04
593.29	392.39
593.49	441.40
593.69	349.32
593.89	327.33
594.08	404.23
594.28	375.13
594.48	306.91
594.68	339.90
594.88	326.69
595.08	361.24
595.28	374.53
595.48	362.96
595.68	331.26
595.88	374.86
596.08	299.86
596.28	411.79
596.47	347.11
596.67	426.74
596.87	360.91
597.07	413.65
597.27	384.79
597.47	383.17
597.67	379.65
597.87	424.18
598.07	320.94
598.27	379.28
598.47	479.14
598.66	348.69
598.86	385.12
599.06	347.46
599.26	429.79
599.46	353.85
599.66	479.25
599.86	373.65
600.06	405.83
600.26	364.72
600.45	368.22
600.65	422.19
600.85	454.24
601.05	310.33
601.25	458.50
601.45	494.24
601.65	474.21
601.85	426.69
602.04	413.73
602.24	460.94
602.44	474.92
602.64	388.42
602.84	427.53
603.04	412.73
603.24	440.72
603.43	400.11
603.63	492.43
603.83	427.70
604.03	447.95
604.23	456.25
604.43	497.33
604.63	438.41
604.82	478.30
605.02	500.65
605.22	476.52
605.42	497.16
605.62	389.81
605.82	586.25
606.02	444.39
606.21	474.90
606.41	498.62
606.61	444.65
606.81	477.81
607.01	497.39
607.21	444.61
607.40	457.17
607.60	408.30
607.80	565.40
608.00	454.46
608.20	493.52
608.40	497.72
608.59	435.50
608.79	541.50
608.99	494.93
609.19	491.86
609.39	477.89
609.59	548.38
609.78	500.11
609.98	545.13
610.18	563.79
610.38	523.42
610.58	519.06
610.77	499.70
610.97	482.40
611.17	557.38
611.37	559.14
611.57	543.33
611.76	508.61
611.96	557.44
612.16	526.29
612.36	542.92
612.56	647.90
612.75	538.66
612.95	563.29
613.15	544.37
613.35	574.19
613.55	565.10
613.74	575.81
613.94	600.89
614.14	495.06
614.34	551.11
614.54	632.82
614.73	555.80
614.93	614.80
615.13	612.59
615.33	550.19
615.53	489.65
615.72	553.63
615.92	617.36
616.12	583.43
616.32	627.31
616.51	557.15
616.71	615.82
616.91	531.53
617.11	558.07
617.30	585.94
617.50	538.02
617.70	594.85
617.90	586.29
618.10	589.08
618.29	641.49
618.49	573.12
618.69	581.77
618.89	596.41
619.08	606.98
619.28	620.74
619.48	620.08
619.68	564.73
619.87	647.79
620.07	585.25
620.27	616.75
620.47	631.90
620.66	585.17
620.86	573.21
621.06	579.70
621.25	573.00
621.45	648.63
621.65	632.74
621.85	609.33
622.04	622.44
622.24	540.95
622.44	689.41
622.64	682.44
622.83	651.01
623.03	608.41
623.23	675.01
623.43	576.05
623.62	675.13
623.82	693.05
624.02	672.45
624.21	686.68
624.41	698.93
624.61	574.78
624.81	600.79
625.00	641.59
625.20	653.69
625.40	563.62
625.59	674.74
625.79	728.52
625.99	609.27
626.18	607.94
626.38	684.70
626.58	645.42
626.78	692.58
626.97	690.72
627.17	651.89
627.37	671.96
627.56	712.04
627.76	677.86
627.96	689.24
628.15	668.85
628.35	767.62
628.55	715.23
628.74	649.06
628.94	690.35
629.14	741.61
629.34	662.05
629.53	713.27
629.73	677.92
629.93	703.58
630.12	639.27
630.32	680.19
630.52	703.74
630.71	639.83
630.91	741.53
631.11	732.29
631.30	671.10
631.50	723.88
631.70	674.05
631.89	669.93
632.09	700.10
632.29	767.62
632.48	716.17
632.68	733.40
632.88	692.58
633.07	734.67
633.27	722.48
633.46	824.61
633.66	748.49
633.86	743.68
634.05	761.74
634.25	806.22
634.45	685.56
634.64	769.34
634.84	716.73
635.04	771.67
635.23	622.09
635.43	738.27
635.63	755.93
635.82	765.72
636.02	753.90
636.21	732.31
636.41	672.37
636.61	807.12
636.80	719.92
637.00	742.10
637.20	758.06
637.39	688.51
637.59	758.22
637.78	702.49
637.98	762.29
638.18	731.66
638.37	783.80
638.57	804.83
638.77	768.25
638.96	884.52
639.16	734.42
639.35	886.28
639.55	843.48
639.75	798.73
639.94	809.54
640.14	767.60
640.33	759.67
640.53	870.14
640.73	804.95
640.92	813.47
641.12	764.08
641.31	802.31
641.51	790.99
641.71	901.09
641.90	831.00
642.10	823.22
642.29	816.34
642.49	822.10
642.68	829.14
642.88	871.74
643.08	827.81
643.27	886.18
643.47	776.79
643.66	840.67
643.86	784.43
644.06	824.06
644.25	887.90
644.45	847.67
644.64	832.09
644.84	840.36
645.03	816.77
645.23	856.01
645.43	832.19
645.62	838.66
645.82	817.18
646.01	844.23
646.21	877.51
646.40	918.43
646.60	778.90
646.79	822.98
646.99	795.47
647.19	876.51
647.38	836.47
647.58	883.37
647.77	898.20
647.97	917.63
648.16	870.55
648.36	925.93
648.55	905.88
648.75	891.58
648.94	917.10
649.14	894.82
649.33	922.84
649.53	857.24
649.73	906.16
649.92	898.77
650.12	973.52
650.31	897.58
650.51	904.67
650.70	854.82
650.90	908.27
651.09	862.91
651.29	944.87
651.48	909.13
651.68	910.24
651.87	854.35
652.07	1010.63
652.26	878.07
652.46	892.57
652.65	901.25
652.85	842.00
653.04	958.31
653.24	958.16
653.43	1017.12
653.63	948.35
653.82	970.43
654.02	900.80
654.21	909.85
654.41	915.16
654.60	886.95
654.80	956.30
654.99	981.90
655.19	940.98
655.38	969.55
655.58	1012.80
655.77	909.15
655.97	968.20
656.16	931.07
656.36	942.88
656.55	944.01
656.75	956.77
656.94	957.16
657.14	1040.41
657.33	952.22
657.53	909.61
657.72	991.28
657.92	949.34
658.11	1028.26
658.31	1001.27
658.50	941.72
658.69	952.65
658.89	963.22
659.08	950.56
659.28	1028.26
659.47	986.22
659.67	1021.61
659.86	1033.24
660.06	1078.64
660.25	1099.78
660.45	906.19
660.64	934.02
660.84	1033.36
661.03	943.19
661.22	1071.01
661.42	920.38
661.61	938.05
661.81	994.64
662.00	968.48
662.20	1010.10
662.39	1050.53
662.59	982.64
662.78	1003.89
662.97	1109.34
663.17	1062.20
663.36	1022.65
663.56	1024.70
663.75	1011.80
663.95	989.09
664.14	1048.46
664.33	996.52
664.53	1025.60
664.72	1026.34
664.92	957.22
665.11	1022.31
665.30	955.15
665.50	952.92
665.69	1038.09
665.89	1042.56
666.08	1040.06
666.28	1092.98
666.47	1057.00
666.66	1020.58
666.86	1014.05
667.05	1059.56
667.25	1077.93
667.44	1024.25
667.63	995.48
667.83	1082.13
668.02	1109.69
668.22	1043.24
668.41	937.11
668.60	996.73
668.80	1021.57
668.99	1028.80
669.19	952.39
669.38	1065.07
669.57	1018.48
669.77	1093.04
669.96	1051.24
670.15	1063.28
670.35	1029.15
670.54	1025.27
670.74	1117.56
670.93	1072.23
671.12	1080.39
671.32	1018.31
671.51	1083.60
671.70	1049.97
671.90	1079.28
672.09	1127.67
672.29	1069.31
672.48	992.04
672.67	1065.17
672.87	1154.44
673.06	1012.99
673.25	1059.78
673.45	1090.42
673.64	1026.16
673.83	1076.49
674.03	1100.78
674.22	1158.43
674.41	1103.51
674.61	1039.22
674.80	1155.65
674.99	1144.38
675.19	1037.75
675.38	1157.55
675.57	1007.40
675.77	1044.28
675.96	1091.87
676.15	1014.91
676.35	1063.28
676.54	1127.22
676.73	1027.57
676.93	1032.20
677.12	1142.71
677.31	1048.66
677.51	1161.67
677.70	1131.67
677.89	1124.05
678.09	1104.51
678.28	1101.17
678.47	1122.84
678.67	1084.50
678.86	1019.46
679.05	1082.68
679.25	1118.05
679.44	1063.86
679.63	1169.10
679.83	1199.23
680.02	1124.52
680.21	1157.84
680.40	1195.09
680.60	1120.94
680.79	1138.90
680.98	1136.48
681.18	1053.21
681.37	1145.84
681.56	1109.69
681.76	1107.03
681.95	1121.43
682.14	1107.75
682.33	1085.24
682.53	1187.43
682.72	1189.60
682.91	1085.12
683.11	1133.33
683.30	1166.26
683.49	1143.40
683.68	1197.69
683.88	1181.47
684.07	1194.52
684.26	1216.21
684.46	1191.51
684.65	1164.76
684.84	1135.00
685.03	1176.35
685.23	1181.80
685.42	1177.54
685.61	1162.78
685.80	1241.97
686.00	1207.56
686.19	1201.93
686.38	1239.33
686.57	1226.06
686.77	1252.62
686.96	1209.14
687.15	1164.72
687.34	1242.67
687.54	1221.02
687.73	1212.58
687.92	1267.12
688.11	1172.97
688.31	1202.28
688.50	1158.23
688.69	1099.19
688.88	1148.01
689.08	1174.24
689.27	1220.00
689.46	1216.96
689.65	1148.64
689.85	1208.24
690.04	1198.66
690.23	1218.64
690.42	1274.10
690.61	1151.45
690.81	1198.08
691.00	1208.67
691.19	1218.62
691.38	1152.74
691.58	1168.55
691.77	1170.97
691.96	1192.35
692.15	1227.35
692.34	1219.22
692.54	1233.57
692.73	1182.23
692.92	1174.82
693.11	1190.73
693.30	1164.76
693.50	1257.17
693.69	1213.38
693.88	1191.55
694.07	1216.29
694.26	1335.01
694.46	1216.00
694.65	1262.00
694.84	1242.83
695.03	1301.38
695.22	1225.87
695.42	1281.11
695.61	1271.81
695.80	1265.93
695.99	1235.60
696.18	1320.51
696.37	1296.41
696.57	1290.18
696.76	1359.13
696.95	1350.90
697.14	1313.20
697.33	1177.95
697.53	1301.40
697.72	1322.76
697.91	1434.46
698.10	1277.32
698.29	1380.39
698.48	1358.23
698.68	1293.64
698.87	1312.36
699.06	1355.78
699.25	1320.82
699.44	1383.10
699.63	1365.75
699.82	1363.19
700.02	1264.15
700.21	1271.91
700.40	1347.87
700.59	1312.93
700.78	1367.61
700.97	1319.73
701.16	1337.08
701.36	1342.18
701.55	1376.97
701.74	1348.67
701.93	1393.32
702.12	1338.55
702.31	1299.83
702.50	1343.06
702.70	1349.88
702.89	1385.29
703.08	1393.75
703.27	1428.21
703.46	1371.24
703.65	1410.95
703.84	1328.09
704.03	1402.57
704.23	1468.70
704.42	1397.49
704.61	1375.11
704.80	1419.53
704.99	1400.54
705.18	1386.84
705.37	1432.02
705.56	1416.66
705.75	1338.35
705.95	1343.98
706.14	1367.31
706.33	1436.79
706.52	1440.13
706.71	1472.55
706.90	1420.80
707.09	1406.38
707.28	1410.85
707.47	1340.56
707.66	1454.32
707.86	1468.62
708.05	1395.20
708.24	1411.21
708.43	1535.28
708.62	1447.55
708.81	1474.01
709.00	1368.47
709.19	1384.26
709.38	1489.18
709.57	1376.71
709.76	1457.74
709.95	1532.25
710.15	1382.44
710.34	1524.49
710.53	1408.92
710.72	1445.37
710.91	1450.23
711.10	1499.79
711.29	1425.08
711.48	1456.29
711.67	1494.22
711.86	1479.21
712.05	1487.38
712.24	1424.42
712.43	1546.03
712.62	1598.56
712.81	1586.34
713.00	1475.85
713.19	1496.61
713.39	1501.73
713.58	1554.92
713.77	1418.77
713.96	1446.89
714.15	1500.34
714.34	1501.04
714.53	1504.01
714.72	1515.52
714.91	1424.03
715.10	1516.83
715.29	1500.28
715.48	1525.43
715.67	1510.52
715.86	1513.41
716.05	1508.21
716.24	1557.36
716.43	1515.95
716.62	1525.70
716.81	1617.61
717.00	1580.19
717.19	1643.04
717.38	1501.41
717.57	1630.16
717.76	1574.13
717.95	1587.54
718.14	1615.74
718.33	1610.44
718.52	1644.79
718.71	1659.47
718.90	1607.96
719.09	1636.80
719.28	1641.92
719.47	1721.75
719.66	1694.08
719.85	1711.67
720.04	1637.49
720.23	1661.07
720.42	1625.88
720.61	1703.60
720.80	1622.54
720.99	1626.89
721.18	1658.85
721.37	1762.07
721.56	1726.85
721.75	1821.73
721.94	1707.78
722.13	1784.44
722.32	1766.58
722.51	1746.94
722.70	1685.64
722.89	1762.40
723.08	1766.50
723.27	1723.96
723.46	1766.72
723.65	1706.24
723.84	1784.29
724.03	1946.06
724.22	1823.92
724.41	1813.35
724.60	1763.14
724.79	1818.96
724.97	1792.16
725.16	1749.99
725.35	1733.36
725.54	1777.82
725.73	1772.46
725.92	1843.07
726.11	1835.98
726.30	1771.02
726.49	1765.29
726.68	1833.10
726.87	1811.86
727.06	1872.95
727.25	1821.81
727.44	1787.30
727.63	1851.61
727.82	1766.39
728.01	1806.39
728.19	1895.85
728.38	1818.29
728.57	1885.44
728.76	1868.85
728.95	1800.84
729.14	1867.69
729.33	1796.99
729.52	1756.26
729.71	1824.54
729.90	1783.64
730.09	1739.75
730.28	1759.12
730.46	1777.92
730.65	1742.58
730.84	1840.88
731.03	1889.42
731.22	1857.75
731.41	1776.31
731.60	1740.71
731.79	1811.29
731.98	1778.11
732.17	1739.26
732.35	1804.06
732.54	1798.63
732.73	1811.86
732.92	1881.84
733.11	1791.52
733.30	1772.44
733.49	1806.45
733.68	1810.63
733.87	1795.23
734.05	1770.08
734.24	1707.43
734.43	1644.70
734.62	1721.65
734.81	1808.29
735.00	1730.86
735.19	1649.47
735.38	1735.28
735.56	1755.74
735.75	1685.62
735.94	1764.06
736.13	1784.13
736.32	1675.36
736.51	1770.59
736.70	1850.79
736.88	1686.71
737.07	1812.45
737.26	1720.79
737.45	1709.81
737.64	1796.60
737.83	1838.13
738.02	1853.62
738.20	1849.07
738.39	1819.27
738.58	1810.26
738.77	1758.00
738.96	1796.58
739.15	1859.23
739.33	1776.88
739.52	1809.81
739.71	1805.22
739.90	1734.79
740.09	1821.98
740.28	1733.11
740.46	1773.54
740.65	1800.00
740.84	1827.05
741.03	1892.96
741.22	1817.41
741.41	1842.48
741.59	1743.19
741.78	1762.79
741.97	1763.94
742.16	1783.37
742.35	1701.64
742.53	1805.69
742.72	1815.75
742.91	1820.26
743.10	1776.18
743.29	1808.95
743.48	1798.53
743.66	1915.81
743.85	1791.60
744.04	1796.66
744.23	1742.45
744.42	1784.27
744.60	1737.46
744.79	1764.73
744.98	1844.36
745.17	1741.41
745.35	1836.27
745.54	1756.44
745.73	1777.35
745.92	1790.17
746.11	1755.25
746.29	1722.73
746.48	1701.80
746.67	1754.35
746.86	1704.14
747.05	1759.57
747.23	1766.07
747.42	1818.47
747.61	1757.24
747.80	1679.56
747.98	1648.51
748.17	1761.56
748.36	1715.91
748.55	1618.71
748.73	1630.76
748.92	1715.85
749.11	1667.70
749.30	1685.01
749.48	1688.02
749.67	1710.40
749.86	1591.85
750.05	1587.91
750.23	1493.32
750.42	1618.65
750.61	1565.53
750.80	1625.25
750.98	1614.62
751.17	1578.96
751.36	1459.69
751.55	1460.37
751.73	1518.24
751.92	1583.41
752.11	1630.33
752.30	1566.88
752.48	1533.74
752.67	1434.95
752.86	1469.25
753.04	1431.57
753.23	1449.74
753.42	1422.46
753.61	1484.65
753.79	1406.07
753.98	1448.61
754.17	1382.36
754.35	1442.79
754.54	1468.29
754.73	1311.74
754.92	1367.63
755.10	1372.00
755.29	1346.64
755.48	1340.46
755.66	1292.25
755.85	1321.39
756.04	1222.66
756.23	1223.50
756.41	1260.98
756.60	1173.65
756.79	1177.95
756.97	1246.76
757.16	1251.37
757.35	1238.94
757.53	1154.81
757.72	1235.54
757.91	1063.35
758.09	1131.73
758.28	1117.09
758.47	1140.06
758.65	1087.35
758.84	944.32
759.03	961.99
759.21	963.20
759.40	1009.08
759.59	904.06
759.77	911.00
759.96	966.21
760.15	917.20
760.33	868.15
760.52	837.48
760.71	809.58
760.89	913.27
761.08	808.17
761.27	893.32
761.45	853.90
761.64	809.87
761.83	810.65
762.01	774.40
762.20	811.79
762.39	795.98
762.57	842.78
762.76	885.95
762.95	830.43
763.13	822.94
763.32	889.43
763.51	887.53
763.69	911.10
763.88	960.99
764.06	1027.63
764.25	1122.06
764.44	1058.92
764.62	1092.55
764.81	1217.05
765.00	1135.84
765.18	1170.07
765.37	1281.23
765.55	1238.30
765.74	1200.54
765.93	1410.85
766.11	1388.56
766.30	1538.00
766.48	1443.37
766.67	1676.79
766.86	1758.69
767.04	1694.98
767.23	1811.86
767.42	1828.98
767.60	1979.69
767.79	1974.90
767.97	1994.64
768.16	2095.40
768.35	2107.13
768.53	2117.31
768.72	2162.02
768.90	2202.98
769.09	2222.84
769.27	2220.39
769.46	2258.19
769.65	2340.97
769.83	2418.69
770.02	2562.62
770.20	2595.37
770.39	2641.61
770.58	2699.63
770.76	2802.99
770.95	2856.98
771.13	2895.70
771.32	2974.39
771.50	3108.84
771.69	3046.80
771.88	3118.71
772.06	3113.79
772.25	3073.02
772.43	3134.91
772.62	3122.89
772.80	3303.80
772.99	3256.35
773.17	3384.08
773.36	3360.51
773.55	3319.68
773.73	3297.84
773.92	3336.20
774.10	3341.22
774.29	3309.21
774.47	3323.18
774.66	3241.05
774.84	3174.43
775.03	3244.25
775.21	3198.91
775.40	3127.43
775.58	3293.99
775.77	3224.22
775.96	3213.67
776.14	3163.05
776.33	3197.64
776.51	3121.76
776.70	3103.39
776.88	2994.99
777.07	3097.80
777.25	3025.30
777.44	3067.35
777.62	3009.78
777.81	3025.65
777.99	3135.54
778.18	3165.48
778.36	3067.32
778.55	3186.62
778.73	3112.87
778.92	2972.22
779.10	2938.65
779.29	2923.37
779.47	2790.89
779.66	2686.69
779.84	2549.97
780.03	2391.60
780.21	2314.45
780.40	2218.56
780.58	2238.78
780.77	2224.61
780.95	2182.97
781.14	2188.87
781.32	2218.85
781.51	2114.67
781.69	2023.27
781.88	1981.12
782.06	2040.08
782.25	2012.64
782.43	1970.90
782.62	1922.94
782.80	1852.29
782.99	1809.59
783.17	1622.99
783.35	1594.26
783.54	1510.38
783.72	1406.32
783.91	1262.68
784.09	1280.29
784.28	1231.83
784.46	1160.11
784.65	1086.28
784.83	979.38
785.02	947.04
785.20	933.22
785.39	886.69
785.57	939.24
785.75	908.70
785.94	813.08
786.12	821.85
786.31	877.53
786.49	863.55
786.68	893.77
786.86	868.79
787.04	867.48
787.23	769.89
787.41	818.86
787.60	784.54
787.78	785.31
787.97	748.39
788.15	736.22
788.33	667.97
788.52	598.64
788.70	588.87
788.89	499.13
789.07	530.20
789.26	530.59
789.44	441.21
789.62	424.97
789.81	456.70
789.99	464.70
790.18	334.45
790.36	398.19
790.54	380.72
790.73	451.66
790.91	428.70
791.10	408.67
791.28	445.17
791.46	473.47
791.65	469.78
791.83	512.22
792.02	473.51
792.20	469.97
792.38	490.75
792.57	474.64
792.75	509.19
792.94	573.84
793.12	589.73
793.30	588.61
793.49	587.03
793.67	646.58
793.85	582.36
794.04	560.49
794.22	646.54
794.41	565.57
794.59	594.79
794.77	528.50
794.96	485.59
795.14	596.66
795.32	511.71
795.51	582.87
795.69	566.04
795.87	604.81
796.06	673.47
796.24	679.07
796.43	670.77
796.61	675.65
796.79	671.47
796.98	768.05
797.16	794.45
797.34	877.49
797.53	903.11
797.71	1004.84
797.89	1108.61
798.08	1173.32
798.26	1217.35
798.44	1415.72
798.63	1462.82
798.81	1468.95
798.99	1564.73
799.18	1598.85
799.36	1549.96
799.54	1556.01
799.73	1649.33
799.91	1590.53
800.09	1631.92
800.28	1546.13
800.46	1549.45
800.64	1536.71
800.83	1529.16
801.01	1388.24
801.19	1438.15
801.37	1440.23
801.56	1471.12
801.74	1588.98
801.92	1559.36
802.11	1469.81
802.29	1483.53
802.47	1488.26
802.66	1467.33
802.84	1427.93
803.02	1474.29
803.20	1496.35
803.39	1516.30
803.57	1531.45
803.75	1521.70
803.94	1630.92
804.12	1548.35
804.30	1476.03
804.48	1499.69
804.67	1510.64
804.85	1469.60
805.03	1480.80
805.22	1473.23
805.40	1379.53
805.58	1350.10
805.76	1249.59
805.95	1189.13
806.13	1161.44
806.31	1146.70
806.49	1064.94
806.68	1040.84
806.86	973.97
807.04	940.88
807.23	851.93
807.41	917.00
807.59	802.68
807.77	869.90
807.96	849.11
808.14	732.80
808.32	681.81
808.50	692.52
808.69	654.82
808.87	721.46
809.05	639.64
809.23	633.07
809.41	622.48
809.60	544.41
809.78	502.47
809.96	485.16
810.14	521.04
810.33	475.19
810.51	345.68
810.69	482.69
810.87	372.85
811.06	359.62
811.24	326.79
811.42	404.11
811.60	343.22
811.78	353.91
811.97	309.47
812.15	375.06
812.33	414.69
812.51	388.25
812.69	406.62
812.88	417.23
813.06	327.84
813.24	403.55
813.42	366.22
813.61	394.23
813.79	369.35
813.97	405.97
814.15	366.48
814.33	371.40
814.51	415.92
814.70	329.07
814.88	350.63
815.06	333.41
815.24	303.78
815.42	304.45
815.61	311.11
815.79	426.49
815.97	346.58
816.15	346.23
816.33	393.52
816.51	413.85
816.70	464.81
816.88	479.08
817.06	399.87
817.24	498.82
817.42	598.01
817.60	504.11
817.79	475.33
817.97	544.53
818.15	476.07
818.33	462.98
818.51	502.59
818.69	442.44
818.88	411.27
819.06	389.97
819.24	476.44
819.42	382.93
819.60	402.06
819.78	452.25
819.96	450.76
820.15	416.23
820.33	438.45
820.51	351.62
820.69	416.50
820.87	331.63
821.05	383.26
821.23	405.56
821.42	354.97
821.60	384.81
821.78	438.33
821.96	391.74
822.14	431.26
822.32	374.66
822.50	570.32
822.68	535.32
822.87	647.92
823.05	625.51
823.23	735.38
823.41	755.19
823.59	835.96
823.77	933.51
823.95	924.13
824.13	957.16
824.31	1043.87
824.50	1164.33
824.68	1281.74
824.86	1346.76
825.04	1297.65
825.22	1407.08
825.40	1458.05
825.58	1576.63
825.76	1656.44
825.94	1731.95
826.12	1860.87
826.30	1875.63
826.49	1931.21
826.67	1872.62
826.85	1948.72
827.03	2011.23
827.21	2086.45
827.39	2043.16
827.57	1968.81
827.75	1863.06
827.93	1925.30
828.11	1985.14
828.29	1956.77
828.47	1999.86
828.65	2190.88
828.83	2241.17
829.02	2404.56
829.20	2297.88
829.38	2397.00
829.56	2456.74
829.74	2560.06
829.92	2543.43
830.10	2623.82
830.28	2818.35
830.46	2872.99
830.64	3069.62
830.82	3241.24
831.00	3226.72
831.18	3497.46
831.36	3480.87
831.54	3450.15
831.72	3514.72
831.90	3490.50
832.08	3505.08
832.26	3465.33
832.44	3458.12
832.62	3397.95
832.80	3234.48
832.98	3241.36
833.16	3072.22
833.35	3036.99
833.53	2958.00
833.71	2842.56
833.89	2932.16
834.07	2983.28
834.25	3072.67
834.43	3140.99
834.61	3145.17
834.79	3163.62
834.97	3097.43
835.15	3032.92
835.33	3050.92
835.51	3088.62
835.69	3024.34
835.87	3131.30
836.05	3134.25
836.23	3173.18
836.41	3156.72
836.59	3245.66
836.77	3094.17
836.95	3222.15
837.13	3038.20
837.31	2836.50
837.49	2687.47
837.67	2574.73
837.84	2411.59
838.02	2382.73
838.20	2271.28
838.38	2174.84
838.56	2030.70
838.74	1915.61
838.92	1724.74
839.10	1662.54
839.28	1634.87
839.46	1567.74
839.64	1556.60
839.82	1550.64
840.00	1585.19
840.18	1611.98
840.36	1578.66
840.54	1639.69
840.72	1594.79
840.90	1619.02
841.08	1554.51
841.26	1631.19
841.44	1606.10
841.62	1559.02
841.80	1603.05
841.98	1527.29
842.15	1505.87
842.33	1451.46
842.51	1461.49
842.69	1486.54
842.87	1385.08
843.05	1454.20
843.23	1479.37
843.41	1414.02
843.59	1322.19
843.77	1384.86
843.95	1408.61
844.13	1394.42
844.31	1222.62
844.49	1299.42
844.66	1273.41
844.84	1193.92
845.02	1226.45
845.20	1177.03
845.38	1230.75
845.56	1128.78
845.74	1193.31
845.92	1157.29
846.10	1204.66
846.28	1177.93
846.46	1131.71
846.63	1104.08
846.81	1109.73
846.99	1157.33
847.17	1077.76
847.35	1181.23
847.53	984.38
847.71	1011.29
847.89	1004.82
848.07	980.30
848.24	972.31
848.42	1013.50
848.60	931.68
848.78	1039.92
848.96	989.01
849.14	1014.22
849.32	840.02
849.50	967.03
849.67	994.17
849.85	1038.16
850.03	1093.12
850.21	1003.85
850.39	1039.08
850.57	1116.25
850.75	1111.10
850.92	1084.93
851.10	1070.76
851.28	1063.78
851.46	1182.39
851.64	1169.04
851.82	1216.58
852.00	1261.16
852.17	1157.76
852.35	1214.61
852.53	1268.74
852.71	1249.77
852.89	1190.65
853.07	1274.37
853.24	1275.88
853.42	1315.37
853.60	1234.80
853.78	1270.58
853.96	1300.32
854.14	1278.20
854.31	1285.47
854.49	1386.25
854.67	1322.05
854.85	1341.42
855.03	1320.10
855.21	1283.71
855.38	1369.03
855.56	1391.94
855.74	1323.87
855.92	1417.93
856.10	1398.72
856.27	1419.30
856.45	1443.04
856.63	1391.96
856.81	1471.47
856.99	1489.16
857.16	1490.04
857.34	1481.64
857.52	1439.80
857.70	1406.46
857.88	1398.84
858.05	1372.28
858.23	1391.33
858.41	1405.46
858.59	1437.92
858.77	1370.34
858.94	1381.07
859.12	1398.66
859.30	1367.78
859.48	1316.25
859.65	1297.14
859.83	1271.36
860.01	1316.21
860.19	1326.00
860.36	1476.20
860.54	1441.26
860.72	1386.84
860.90	1392.82
861.08	1455.45
861.25	1436.30
861.43	1368.53
861.61	1411.99
861.79	1346.68
861.96	1489.77
862.14	1377.42
862.32	1367.74
862.50	1296.32
862.67	1324.79
862.85	1315.29
863.03	1240.66
863.21	1313.12
863.38	1287.03
863.56	1329.07
863.74	1295.34
863.91	1281.46
864.09	1233.29
864.27	1292.06
864.45	1252.09
864.62	1304.72
864.80	1276.77
864.98	1358.87
865.16	1251.41
865.33	1235.42
865.51	1204.19
865.69	1164.43
865.86	1206.07
866.04	1187.17
866.22	1152.84
866.40	1155.22
866.57	1262.22
866.75	1263.21
866.93	1232.61
867.10	1215.39
867.28	1081.25
867.46	1209.43
867.63	1209.45
867.81	1265.30
867.99	1205.29
868.17	1202.03
868.34	1169.02
868.52	1246.93
868.70	1188.15
868.87	1167.32
869.05	1138.02
869.23	1126.85
869.40	1068.81
869.58	1188.89
869.76	1127.30
869.93	1114.85
870.11	1084.46
870.29	1168.82
870.46	1155.65
870.64	1227.51
870.82	1151.72
870.99	1034.76
871.17	1065.80
871.35	1073.03
871.52	1090.40
871.70	1150.71
871.88	1110.10
872.05	1144.24
872.23	1117.11
872.41	1134.02
872.58	1128.86
872.76	1063.84
872.94	1114.61
873.11	1136.36
873.29	1065.95
873.47	1142.66
873.64	1063.90
873.82	1035.31
873.99	1064.39
874.17	1101.58
874.35	1156.71
874.52	1083.09
874.70	1042.93
874.88	1080.69
875.05	987.00
875.23	1041.64
875.41	1076.39
875.58	1081.37
875.76	995.87
875.93	1032.24
876.11	1058.62
876.29	1034.33
876.46	1047.04
876.64	996.81
876.81	1083.89
876.99	974.03
877.17	1075.00
877.34	1051.06
877.52	990.11
877.69	1075.94
877.87	1108.34
878.05	1009.69
878.22	1037.40
878.40	939.42
878.57	977.56
878.75	937.05
878.93	970.37
879.10	1008.97
879.28	1033.92
879.45	937.54
879.63	946.00
879.81	914.17
879.98	913.52
880.16	970.35
880.33	969.90
880.51	870.69
880.68	889.51
880.86	915.18
881.04	965.02
881.21	882.16
881.39	899.00
881.56	947.27
881.74	969.45
881.91	958.53
882.09	897.91
882.26	948.35
882.44	998.22
882.62	850.46
882.79	871.60
882.97	875.88
883.14	897.75
883.32	894.76
883.49	901.17
883.67	921.40
883.84	879.54
884.02	860.84
884.19	878.41
884.37	851.79
884.55	824.12
884.72	895.60
884.90	890.03
885.07	830.06
885.25	891.56
885.42	822.75
885.60	806.20
885.77	781.18
885.95	796.70
886.12	848.17
886.30	798.93
886.47	742.82
886.65	756.27
886.82	853.06
887.00	931.83
887.17	849.15
887.35	819.15
887.52	794.65
887.70	767.21
887.87	854.08
888.05	824.18
888.22	852.82
888.40	763.93
888.57	821.21
888.75	839.67
888.92	742.65
889.10	762.70
889.27	731.92
889.45	727.91
889.62	789.00
889.80	743.80
889.97	805.22
890.15	818.12
890.32	712.32
890.50	719.49
890.67	698.97
890.85	737.39
891.02	750.62
891.20	740.34
891.37	743.13
891.54	679.86
891.72	688.28
891.89	728.67
892.07	724.61
892.24	741.84
892.42	665.02
892.59	746.34
892.77	683.20
892.94	752.53
893.12	714.21
893.29	772.15
893.46	699.79
893.64	726.17
893.81	676.44
893.99	686.97
894.16	654.33
894.34	687.20
894.51	693.54
894.68	729.34
894.86	617.61
895.03	594.50
895.21	645.05
895.38	673.78
895.56	668.81
895.73	668.78
895.90	600.18
896.08	633.99
896.25	713.53
896.43	645.79
896.60	583.77
896.78	587.01
896.95	645.64
897.12	594.05
897.30	584.86
897.47	609.68
897.65	596.82
897.82	646.05
897.99	616.11
898.17	566.88
898.34	577.40
898.52	635.42
898.69	666.20
898.86	681.42
899.04	609.66
899.21	594.81
899.39	589.49
899.56	559.34
899.73	638.78
899.91	516.64
900.08	570.40
900.25	560.45
900.43	623.61
900.60	610.97
900.78	508.80
900.95	541.30
901.12	575.79
901.30	526.08
901.47	586.35
901.64	519.94
901.82	528.93
901.99	457.66
902.16	535.99
902.34	548.81
902.51	459.73
902.69	489.01
902.86	419.57
903.03	565.94
903.21	552.34
903.38	498.80
903.55	524.67
903.73	573.82
903.90	491.45
904.07	501.26
904.25	580.95
904.42	534.01
904.59	609.78
904.77	564.05
904.94	468.04
905.11	515.37
905.29	460.38
905.46	513.10
905.63	532.62
905.81	425.28
905.98	479.08
906.15	497.31
906.33	515.82
906.50	517.54
906.67	434.97
906.84	489.46
907.02	427.98
907.19	528.50
907.36	454.36
907.54	494.42
907.71	496.39
907.88	485.55
908.06	506.95
908.23	514.41
908.40	454.94
908.57	518.44
908.75	506.26
908.92	503.88
909.09	445.82
909.27	451.78
909.44	441.21
909.61	462.74
909.78	467.74
909.96	482.36
910.13	359.75
910.30	435.89
910.48	441.42
910.65	414.41
910.82	424.18
910.99	396.77
911.17	401.26
911.34	415.57
911.51	442.26
911.68	398.60
911.86	432.74
912.03	385.39
912.20	399.33
912.37	400.23
912.55	376.95
912.72	388.66
912.89	369.27
913.06	399.46
913.24	467.84
913.41	435.56
913.58	314.63
913.75	429.83
913.93	305.09
914.10	361.14
914.27	359.97
914.44	391.57
914.62	383.13
914.79	342.83
914.96	297.84
915.13	319.85
915.31	353.44
915.48	327.80
915.65	356.00
915.82	303.59
915.99	394.07
916.17	273.61
916.34	300.93
916.51	311.37
916.68	317.72
916.85	281.06
917.03	391.59
917.20	357.80
917.37	346.02
917.54	333.08
917.71	274.78
917.89	384.08
918.06	309.04
918.23	308.81
918.40	285.88
918.57	384.85
918.75	239.65
918.92	233.90
919.09	258.70
919.26	340.15
919.43	346.27
919.61	271.27
919.78	294.27
919.95	248.73
920.12	312.40
920.29	292.22
920.46	250.10
920.64	234.55
920.81	259.35
920.98	287.70
921.15	202.38
921.32	256.45
921.49	233.02
921.67	286.35
921.84	362.27
922.01	303.92
922.18	203.12
922.35	276.89
922.52	284.26
922.69	308.36
922.87	242.11
923.04	281.78
923.21	297.24
923.38	259.66
923.55	299.72
923.72	280.08
923.89	221.26
924.07	276.33
924.24	226.12
924.41	290.42
924.58	217.70
924.75	216.90
924.92	241.93
925.09	250.86
925.26	244.12
925.44	271.36
925.61	227.14
925.78	178.40
925.95	224.64
926.12	251.45
926.29	240.62
926.46	251.61
926.63	189.97
926.80	176.17
926.98	255.38
927.15	233.35
927.32	206.82
927.49	219.50
927.66	199.10
927.83	174.86
928.00	299.58
928.17	218.09
928.34	239.63
928.51	144.79
928.69	188.37
928.86	207.56
929.03	195.62
929.20	256.65
929.37	216.27
929.54	217.74
929.71	155.79
929.88	260.81
930.05	249.69
930.22	217.76
930.39	134.55
930.56	166.23
930.73	181.10
930.90	254.38
931.08	253.64
931.25	228.59
931.42	136.99
931.59	247.91
931.76	187.23
931.93	214.18
932.10	163.04
932.27	180.43
932.44	127.49
932.61	190.93
932.78	153.41
932.95	111.49
933.12	223.78
933.29	180.43
933.46	273.98
933.63	169.53
933.80	205.31
933.97	172.60
934.14	212.60
934.31	162.34
934.48	155.01
934.65	243.77
934.82	182.39
934.99	135.74
935.16	258.56
935.33	64.08
935.50	152.80
935.67	135.29
935.85	88.76
936.02	159.37
936.19	137.36
936.36	118.21
936.53	128.67
936.70	116.18
936.87	105.55
937.04	124.86
937.21	114.19
937.38	184.64
937.55	147.49
937.72	190.85
937.88	137.15
938.05	154.85
938.22	144.01
938.39	113.15
938.56	163.47
938.73	173.48
938.90	171.97
939.07	133.26
939.24	160.27
939.41	150.03
939.58	134.94
939.75	87.86
939.92	146.49
940.09	-33.34
940.26	84.01
940.43	116.61
940.60	145.49
940.77	160.66
940.94	132.52
941.11	152.06
941.28	189.79
941.45	82.98
941.62	103.14
941.79	117.45
941.96	162.87
942.13	87.84
942.30	89.72
942.47	136.19
942.63	181.14
942.80	137.73
942.97	100.56
943.14	138.98
943.31	180.16
943.48	106.43
943.65	104.02
943.82	218.54
943.99	131.64
944.16	133.24
944.33	104.28
944.50	114.56
944.67	63.96
944.83	222.84
945.00	128.80
945.17	144.46
945.34	141.17
945.51	112.29
945.68	150.71
945.85	202.69
946.02	104.24
946.19	108.13
946.36	130.19
946.53	155.38
946.69	125.32
946.86	80.32
947.03	-0.08
947.20	102.28
947.37	107.52
947.54	91.16
947.71	171.27
947.88	129.12
948.05	90.46
948.21	188.00
948.38	87.80
948.55	114.42
948.72	149.46
948.89	172.62
949.06	55.77
949.23	88.98
949.40	117.78
949.56	127.57
949.73	182.70
949.90	173.22
950.07	133.43
950.24	161.71
950.41	43.52
950.58	54.68
950.74	148.38
950.91	34.98
951.08	105.68
951.25	116.55
951.42	148.58
951.59	91.09
951.75	107.99
951.92	139.86
952.09	173.95
952.26	97.89
952.43	102.56
952.60	151.71
952.76	76.68
952.93	62.87
953.10	131.38
953.27	71.29
953.44	131.87
953.61	85.93
953.77	61.23
953.94	134.22
954.11	165.80
954.28	119.25
954.45	133.73
954.61	121.24
954.78	54.68
954.95	120.81
955.12	60.72
955.29	83.09
955.45	103.12
955.62	95.84
955.79	121.06
955.96	139.67
956.13	79.30
956.29	65.76
956.46	149.83
956.63	78.99
956.80	127.61
956.97	73.50
957.13	43.25
957.30	126.46
957.47	85.87
957.64	87.80
957.80	111.59
957.97	132.67
958.14	211.41
958.31	130.72
958.48	47.53
958.64	96.85
958.81	52.35
958.98	150.87
959.15	36.82
959.31	64.84
959.48	111.14
959.65	-28.02
959.82	178.09
959.98	44.99
960.15	123.39
960.32	47.59
960.49	141.06
960.65	59.04
960.82	91.48
960.99	146.84
961.16	123.98
961.32	69.71
961.49	123.94
961.66	141.39
961.83	52.82
961.99	28.69
962.16	134.78
962.33	34.12
962.49	158.57
962.66	106.86
962.83	136.91
963.00	127.88
963.16	83.93
963.33	97.20
963.50	127.06
963.66	70.70
963.83	79.24
964.00	39.55
964.17	52.10
964.33	24.35
964.50	99.84
964.67	96.66
964.83	51.55
965.00	59.96
965.17	142.48
965.33	136.99
965.50	90.01
965.67	112.76
965.84	124.86
966.00	89.17
966.17	155.85
966.34	47.25
966.50	98.47
966.67	100.41
966.84	127.24
967.00	110.75
967.17	104.24
967.34	89.23
967.50	137.81
967.67	102.19
967.84	32.01
968.00	25.87
968.17	66.42
968.34	63.43
968.50	36.90
968.67	96.28
968.84	12.43
969.00	121.98
969.17	44.15
969.34	94.68
969.50	94.10
969.67	89.31
969.83	75.47
970.00	87.10
970.17	60.37
970.33	96.19
970.50	192.86
970.67	79.19
970.83	79.42
971.00	95.72
971.17	23.69
971.33	58.22
971.50	113.87
971.66	-28.26
971.83	150.71
972.00	19.17
972.16	105.63
972.33	148.25
972.50	132.01
972.66	108.21
972.83	-10.34
972.99	81.80
973.16	96.62
973.33	104.49
973.49	49.05
973.66	101.97
973.82	68.03
973.99	54.72
974.16	78.85
974.32	156.51
974.49	127.75
974.65	182.82
974.82	14.93
974.99	78.27
975.15	164.29
975.32	18.17
975.48	39.69
975.65	14.93
975.81	73.24
975.98	118.47
976.15	131.87
976.31	92.49
976.48	120.40
976.64	55.07
976.81	58.22
976.97	75.20
977.14	64.04
977.31	104.75
977.47	85.58
977.64	138.42
977.80	109.75
977.97	115.89
978.13	104.22
978.30	70.70
978.46	113.21
978.63	23.72
978.79	44.91
978.96	54.93
979.13	56.05
979.29	92.18
979.46	69.02
979.62	153.50
979.79	109.79
979.95	83.91
980.12	111.53
980.28	30.25
980.45	47.19
980.61	10.24
980.78	41.72
980.94	113.11
981.11	143.11
981.27	66.42
981.44	98.08
981.60	128.78
981.77	74.79
981.93	58.65
982.10	95.66
982.26	91.16
982.43	73.05
982.59	110.43
982.76	15.75
982.92	2.27
983.09	173.85
983.25	97.93
983.42	11.86
983.58	129.82
983.75	139.32
983.91	137.09
984.08	33.87
984.24	135.90
984.41	120.81
984.57	70.74
984.74	7.45
984.90	29.82
985.07	81.37
985.23	111.43
985.40	127.96
985.56	69.57
985.73	99.88
985.89	68.30
986.06	57.77
986.22	45.89
986.38	90.89
986.55	28.84
986.71	54.87
986.88	117.02
987.04	113.03
987.21	99.76
987.37	38.01
987.54	88.35
987.70	55.09
987.87	49.99
988.03	60.87
988.19	140.51
988.36	116.10
988.52	61.52
988.69	105.20
988.85	116.78
989.02	93.55
989.18	45.89
989.34	32.03
989.51	132.65
989.67	103.48
989.84	142.93
990.00	58.90
990.16	31.07
990.33	90.03
990.49	80.46
990.66	-12.62
990.82	87.22
990.99	48.74
991.15	124.91
991.31	149.87
991.48	69.36
991.64	126.01
991.81	92.59
991.97	95.21
992.13	28.75
992.30	3.79
992.46	17.08
992.62	51.18
992.79	78.07
992.95	7.05
993.12	109.85
993.28	105.61
993.44	87.71
993.61	147.58
993.77	123.90
993.94	125.09
994.10	124.56
994.26	89.95
994.43	111.51
994.59	108.48
994.75	83.29
994.92	72.01
995.08	93.08
995.24	108.99
995.41	57.55
995.57	104.32
995.73	98.00
995.90	160.05
996.06	97.73
996.23	71.27
996.39	49.66
996.55	59.58
996.72	82.14
996.88	39.03
997.04	16.88
997.21	17.22
997.37	58.33
997.53	75.22
997.70	97.48
997.86	37.74
998.02	122.12
998.19	83.35
998.35	44.71
998.51	37.11
998.67	90.25
998.84	117.53
999.00	61.17
999.16	97.18
999.33	134.65
999.49	101.01
999.65	136.87
999.82	42.13
999.98	25.80
1000.14	102.44
1000.31	94.37
1000.47	124.35
1000.63	-14.60
1000.79	59.08
1000.96	30.60
1001.12	46.98
1001.28	62.54
1001.45	76.74
1001.61	13.68
1001.77	36.11
1001.93	75.69
1002.10	110.63
1002.26	-10.63
1002.42	37.81
1002.59	88.78
1002.75	153.15
1002.91	85.61
1003.07	139.61
1003.24	129.57
1003.40	64.33
1003.56	106.17
1003.72	88.68
1003.89	60.78
1004.05	117.86
1004.21	105.43
1004.37	78.36
1004.54	83.00
1004.70	43.29
1004.86	95.25
1005.02	91.59
1005.19	62.05
1005.35	71.41
1005.51	53.45
1005.67	81.92
1005.84	42.29
1006.00	34.28
1006.16	97.57
1006.32	101.42
1006.48	38.83
1006.65	92.12
1006.81	109.22
1006.97	158.88
1007.13	87.47
1007.30	82.43
1007.46	68.36
1007.62	82.25
1007.78	4.55
1007.94	138.24
1008.11	120.13
1008.27	99.16
1008.43	-13.84
1008.59	59.35
1008.75	123.86
1008.92	99.80
1009.08	53.35
1009.24	114.91
1009.40	48.07
1009.56	116.65
1009.73	0.29
1009.89	1.50
1010.05	42.60
1010.21	133.06
1010.37	17.65
1010.54	24.33
1010.70	77.19
1010.86	53.98
1011.02	74.03
1011.18	117.45
1011.34	84.40
1011.51	30.21
1011.67	35.55
1011.83	67.13
1011.99	-19.54
1012.15	77.99
1012.31	24.19
1012.48	17.31
1012.64	80.98
1012.80	133.30
1012.96	113.81
1013.12	59.92
1013.28	142.64
1013.44	107.99
1013.61	105.61
1013.77	83.02
1013.93	74.30
1014.09	113.01
1014.25	41.70
1014.41	134.02
1014.57	85.93
1014.74	46.24
1014.90	99.24
1015.06	128.37
1015.22	130.44
1015.38	-13.31
1015.54	39.63
1015.70	71.95
1015.86	43.54
1016.03	108.87
1016.19	87.37
1016.35	121.28
1016.51	82.82
1016.67	55.64
1016.83	36.86
1016.99	13.19
1017.15	98.18
1017.31	89.91
1017.47	85.44
1017.64	104.94
1017.80	96.32
1017.96	43.44
1018.12	65.56
1018.28	67.64
1018.44	36.64
1018.60	76.29
1018.76	63.08
1018.92	67.79
1019.08	105.82
1019.24	-6.51
1019.40	6.23
1019.57	-20.19
1019.73	81.80
1019.89	13.56
1020.05	73.48
1020.21	18.00
1020.37	108.17
1020.53	30.41
1020.69	89.78
1020.85	96.05
1021.01	45.38
1021.17	2.89
1021.33	61.32
1021.49	65.78
1021.65	97.09
1021.81	-3.93
1021.97	-39.94
1022.13	134.49
1022.29	62.71
1022.46	21.44
1022.62	101.85
1022.78	46.39
1022.94	61.46
1023.10	74.30
1023.26	111.57
1023.42	66.19
1023.58	131.38
1023.74	59.00
1023.90	132.42
1024.06	39.91
1024.22	101.03
1024.38	94.96
1024.54	106.25
1024.70	-7.54
1024.86	81.61
1025.02	66.70
1025.18	10.40
1025.34	107.19
1025.50	97.05
1025.66	23.29
1025.82	59.68
1025.98	82.51
1026.14	75.41
1026.30	37.27
1026.46	90.75
1026.62	52.47
1026.78	122.98
1026.94	60.82
1027.10	129.45
1027.26	30.17
1027.42	111.76
1027.58	6.94
1027.74	70.92
1027.90	43.46
1028.06	108.52
1028.22	79.19
1028.38	62.87
1028.54	30.99
1028.70	15.11
1028.85	122.02
1029.01	107.42
1029.17	82.55
1029.33	136.07
1029.49	143.71
1029.65	145.28
1029.81	93.49
1029.97	40.51
1030.13	76.66
1030.29	27.16
1030.45	1.43
1030.61	76.86
1030.77	123.47
1030.93	51.75
1031.09	29.96
1031.25	139.57
1031.41	108.81
1031.57	126.32
1031.72	55.56
1031.88	85.81
1032.04	32.97
1032.20	68.40
1032.36	26.07
1032.52	40.30
1032.68	99.49
1032.84	101.03
1033.00	81.61
1033.16	91.63
1033.32	101.23
1033.48	48.43
1033.63	44.09
1033.79	87.73
1033.95	22.49
1034.11	127.24
1034.27	-6.51
1034.43	45.08
1034.59	138.57
1034.75	115.05
1034.91	-20.15
1035.06	27.20
