-450.282   -0.000451665   -0.00054234
-446.764   -0.000377549   -0.000621768
-443.246   -0.000229057   -0.000357845
-439.728   -0.000194122   -0.0002291
-436.21   -0.000256495   -2.67022e-05
-432.693   0.000214833   -0.000118749
-429.175   0.000312615   1.58033e-05
-425.657   0.000233956   0.000129913
-422.139   3.87774e-07   2.29974e-05
-418.621   5.36389e-05   0.000193469
-415.104   -0.000104614   8.13956e-05
-411.586   -0.000212092   -8.23486e-05
-408.068   8.05318e-08   -0.000102553
-404.55   -4.76555e-05   0.000177978
-401.032   -8.85593e-05   -9.60526e-05
-397.514   0.000160159   -0.000377325
-393.997   0.000187296   -0.000147251
-390.479   -0.00010809   0.000216578
-386.961   -0.000130243   0.000178986
-383.443   0.000330899   0.000143894
-379.925   0.000441594   0.000183748
-376.407   0.000140267   6.35362e-05
-372.89   -0.000121887   -0.000320516
-369.372   -0.000128564   -0.000392405
-365.854   -0.00017677   -0.000414543
-362.336   -0.000206426   -0.000547487
-358.818   -0.000160454   -0.000705566
-355.3   -0.000137757   -0.000555236
-351.783   -0.000279441   -0.000234941
-348.265   -0.000126029   7.39303e-05
-344.747   0.000201178   0.000294854
-341.229   0.000574613   6.66303e-05
-337.711   0.000546057   -0.000399533
-334.194   0.000592485   -0.000301921
-330.676   0.000752898   -8.85362e-06
-327.158   0.000452836   -0.000607261
-323.64   -0.000620255   -0.00143728
-320.122   -0.00241771   -0.000429906
-316.604   -0.00335246   0.00199268
-313.087   -0.00170357   0.00361316
-309.569   0.000837559   0.00364944
-306.051   0.00232609   0.00241807
-302.533   0.00362331   0.000387713
-299.015   0.00488881   -0.00247769
-295.497   0.0033719   -0.00588093
-291.98   -0.00250062   -0.00745626
-288.462   -0.0107218   -0.0045691
-284.944   -0.0157266   0.000350856
-281.426   -0.0131975   0.00246097
-277.908   -0.00197877   0.00128087
-274.39   0.0143085   -0.00102947
-270.873   0.0280748   -0.00545035
-267.355   0.0293097   -0.0157634
-263.837   0.00993235   -0.0276317
-260.319   -0.0202424   -0.0243292
-256.801   -0.0304734   0.00235396
-253.284   0.0015743   0.0304192
-249.766   0.0505005   0.0229223
-246.248   0.0605025   -0.0216708
-242.73   0.0126577   -0.0593892
-239.212   -0.0430272   -0.0576161
-235.694   -0.0431379   -0.0418238
-232.177   0.00449931   -0.0507733
-228.659   0.0427021   -0.07689
-225.141   0.0525873   -0.0749077
-221.623   0.0529728   -0.0255321
-218.105   0.0467349   0.0252599
-214.587   0.0295904   0.0422369
-211.07   0.00130216   0.0465653
-207.552   -0.0274592   0.0438316
-204.034   -0.0330569   0.0267769
-200.516   -0.0330275   0.0135513
-196.998   -0.0536608   0.000362734
-193.48   -0.0666382   -0.0186939
-189.963   -0.0685203   -0.0255137
-186.445   -0.0830892   -0.0364845
-182.927   -0.0820566   -0.0576788
-179.409   -0.0643036   -0.0508624
-175.891   -0.0674271   -0.0363209
-172.374   -0.056092   -0.041805
-168.856   -0.0205871   -0.0167248
-165.338   -0.0263757   0.0150723
-161.82   -0.0318308   -0.0234809
-158.302   0.0337935   -0.0637401
-154.784   0.0833284   -0.0306015
-151.267   0.0495161   -0.00231144
-147.749   0.0172247   -0.0120511
-144.231   0.0285126   0.020264
-140.713   0.0232408   0.0833097
-137.195   -0.0150405   0.0758964
-133.677   -0.0525403   -0.00928198
-130.16   -0.0742953   -0.0811299
-126.642   -0.0763153   -0.0811568
-123.124   -0.0675458   -0.0367717
-119.606   -0.0898759   -0.00572973
-116.088   -0.141025   0.000743871
-112.57   -0.129166   0.0237432
-109.053   0.00728016   0.0959596
-105.535   0.198453   0.206796
-102.017   0.342208   0.338732
-98.4991   0.408111   0.478564
-94.9813   0.39617   0.598336
-91.4635   0.220279   0.679656
-87.9457   -0.282368   0.698786
-84.4278   -1.2546   0.589502
-80.91   -2.73696   0.275358
-77.3922   -4.61132   -0.195679
-73.8744   -6.58284   -0.509306
-70.3565   -8.17244   -0.0548653
-66.8387   -8.72215   1.81262
-63.3209   -7.46339   5.25627
-59.8031   -3.71569   9.56083
-56.2852   2.82905   13.2232
-52.7674   11.7498   14.4342
-49.2496   21.6125   11.6163
-45.7317   30.0426   3.87724
-42.2139   34.262   -8.62043
-38.6961   31.7865   -24.475
-35.1783   20.9365   -41.1115
-31.6604   1.10907   -55.1819
-28.1426   -26.9922   -63.3069
-24.6248   -61.2398   -62.9093
-21.107   -98.3915   -52.8345
-17.5891   -134.883   -33.6124
-14.0713   -167.765   -7.39681
-10.5535   -195.272   22.259
-7.03565   -216.681   50.7963
-3.51783   -231.703   73.3611
4.43379e-12   -239.812   85.7772
3.51783   -239.84   85.5886
7.03565   -230.197   72.9109
10.5535   -209.732   50.5968
14.0713   -178.596   23.4746
17.5891   -138.656   -2.8984
21.107   -93.5498   -23.5251
24.6248   -48.2707   -35.1509
28.1426   -8.06752   -36.9214
31.6604   22.7627   -30.1033
35.1783   41.5625   -17.3015
38.6961   47.6705   -2.05328
42.2139   42.7449   11.455
45.7317   30.424   19.5365
49.2496   15.2072   20.5791
52.7674   1.45933   15.5118
56.2852   -7.587   6.94544
59.8031   -11.017   -2.00638
63.3209   -10.0563   -8.69603
66.8387   -6.65791   -11.7388
70.3565   -2.64647   -11.3715
73.8744   0.672349   -8.81928
77.3922   2.83557   -5.27067
80.91   3.76658   -1.68023
84.4278   3.40706   1.03178
87.9457   2.16241   2.38854
91.4635   0.75451   2.6062
94.9813   -0.446225   2.13422
98.4991   -1.2782   1.33208
102.017   -1.53864   0.53571
105.535   -1.2922   0.0160121
109.053   -0.850244   -0.166031
112.57   -0.455632   -0.15337
116.088   -0.222668   -0.122794
119.606   -0.133654   -0.111275
123.124   -0.100668   -0.0507247
126.642   -0.106488   0.0507843
130.16   -0.129303   0.105523
133.677   -0.117724   0.10583
137.195   -0.113654   0.095944
140.713   -0.172944   0.0645973
144.231   -0.241964   -0.00883798
147.749   -0.237314   -0.0748687
151.267   -0.171126   -0.0765875
154.784   -0.124907   -0.0484561
158.302   -0.103887   -0.0731094
161.82   -0.0520469   -0.114654
165.338   -0.0197039   -0.0679999
168.856   -0.0724637   0.0179636
172.374   -0.0822383   0.0236874
175.891   0.0268272   0.00241678
179.409   0.062223   0.0372105
182.927   -0.0555307   0.0468359
186.445   -0.0931663   -0.0161482
189.963   0.016633   -0.0384364
193.48   0.0477166   0.0233771
196.998   -0.0339447   0.0680742
200.516   -0.0507473   0.0399719
204.034   0.000920342   0.00256367
207.552   0.0144318   0.00514646
211.07   0.00124617   0.0133738
214.587   0.00945687   -0.00420053
218.105   0.0181369   -0.0213562
221.623   0.019797   -0.019226
225.141   0.0231809   -0.0132319
228.659   0.0184092   -0.00124376
232.177   0.0093189   0.0172498
235.694   0.00499761   0.0208959
239.212   0.00167702   0.0111004
242.73   0.000980615   0.00490245
246.248   0.00401832   0.00199893
249.766   0.00359307   0.000821967
253.284   0.00227215   0.00277553
256.801   0.00285967   0.00373078
260.319   0.00209387   0.00421999
263.837   0.000827375   0.00532936
267.355   0.000857072   0.00358018
270.873   0.00071487   0.000479532
274.39   0.000856452   -0.000483504
277.908   0.00136758   4.04703e-05
281.426   0.0014276   0.000336558
284.944   0.0012696   0.000530974
288.462   0.00118315   0.000569913
291.98   0.000969287   0.000253381
295.497   0.000643437   0.000156445
299.015   -4.0473e-05   0.000102182
302.533   -5.77382e-05   -0.000212448
306.051   0.000553953   -1.97665e-05
309.569   0.000383477   0.000162499
313.087   -0.000667251   -0.000208398
316.604   -0.000640712   -0.000374229
320.122   0.000525806   -0.000202549
323.64   0.000895725   -5.76388e-06
327.158   -0.000105399   0.000258223
330.676   -0.00108486   8.61778e-05
334.194   -0.000789874   -0.000775672
337.711   0.000364714   -0.000850283
341.229   0.000545265   0.000558897
344.747   -0.000449827   0.00129502
348.265   -0.000702425   -2.88492e-05
351.783   0.00061411   -0.00112835
355.3   0.00130678   -0.000146413
358.818   0.000113274   0.000817239
362.336   -0.00102259   -0.000240961
365.854   -0.000775904   -0.00108862
369.372   -0.000381386   -0.000130785
372.89   -0.000597025   0.000612902
376.407   -0.000747536   -0.000240057
379.925   -0.000338566   -0.000633313
383.443   9.36444e-05   -0.000112899
386.961   0.000590244   0.000107572
390.479   0.000352043   4.36586e-06
393.997   -0.000349198   -1.46463e-05
397.514   -0.000737876   0.000270302
401.032   -0.000470563   -4.36901e-05
404.55   9.62159e-05   -0.000226931
408.068   0.000286162   -7.69422e-05
411.586   0.000281135   0.000152567
415.104   -0.000164202   0.000109637
418.621   -0.000184266   -0.000311303
422.139   0.000168473   -0.000130345
425.657   0.000285919   4.70084e-05
429.175   9.86038e-05   -3.91959e-05
432.693   -0.000340745   -0.000383566
436.21   -0.000188836   -0.000110468
439.728   -5.02352e-05   0.000539885
443.246   6.75595e-05   0.000453283
446.764   -0.000413349   -0.000232636
