-450.282   -4.81136e-07   1.46468e-06
-446.764   -1.70426e-07   6.67139e-07
-443.246   -4.09449e-07   -3.34894e-07
-439.728   7.00464e-07   -2.50848e-06
-436.21   7.94337e-07   -1.96474e-06
-432.693   -9.39937e-07   -2.41808e-07
-429.175   -1.00681e-06   3.51964e-08
-425.657   -6.19935e-07   -4.86018e-07
-422.139   1.17738e-07   -1.41839e-06
-418.621   -4.68857e-07   -2.35753e-07
-415.104   1.10863e-07   -8.51768e-08
-411.586   3.91649e-07   -5.82723e-07
-408.068   -8.5474e-08   -2.17393e-07
-404.55   -1.4637e-07   8.61929e-07
-401.032   1.01827e-07   -2.15557e-07
-397.514   -1.58013e-06   -1.58782e-06
-393.997   -2.46064e-06   -3.60503e-07
-390.479   -9.71394e-07   1.27889e-06
-386.961   1.01537e-06   -2.40859e-07
-383.443   9.71934e-07   -1.07966e-06
-379.925   1.8661e-06   7.99787e-07
-376.407   3.91633e-06   1.6592e-06
-372.89   3.42833e-06   -2.65529e-06
-369.372   1.42008e-07   -4.87856e-06
-365.854   -9.97959e-07   -6.86428e-07
-362.336   1.28293e-06   2.85567e-06
-358.818   1.02428e-06   -1.03913e-06
-355.3   -2.43336e-06   -3.37164e-06
-351.783   -3.37367e-06   1.20396e-06
-348.265   -1.24347e-06   4.69294e-06
-344.747   -6.08564e-07   9.67003e-07
-341.229   -9.96389e-07   -3.05537e-06
-337.711   4.35977e-07   -2.82599e-06
-334.194   1.2187e-06   1.57219e-06
-330.676   8.92195e-07   3.6446e-06
-327.158   9.72308e-07   6.41614e-07
-323.64   1.33798e-06   -2.03943e-06
-320.122   -1.87305e-07   8.70034e-07
-316.604   -9.97814e-07   3.24481e-06
-313.087   7.27489e-07   9.59513e-07
-309.569   2.63614e-06   -2.57878e-06
-306.051   1.91113e-06   -1.73253e-06
-302.533   7.60053e-07   7.03731e-07
-299.015   1.70639e-06   8.89117e-07
-295.497   3.53599e-06   -2.15729e-06
-291.98   2.85597e-06   -4.37371e-06
-288.462   2.73163e-07   -4.6839e-06
-284.944   -1.02636e-06   -2.74128e-06
-281.426   -2.46843e-06   8.80457e-07
-277.908   -3.88596e-06   7.47983e-06
-274.39   3.65736e-06   8.08731e-06
-270.873   1.21855e-05   -7.50342e-06
-267.355   9.69198e-07   -2.29985e-05
-263.837   -1.58168e-05   -1.17289e-05
-260.319   -1.09061e-05   1.87127e-06
-256.801   -1.03598e-05   1.75316e-07
-253.284   -1.9235e-05   1.64766e-05
-249.766   9.52519e-06   3.01369e-05
-246.248   3.98201e-05   -1.72116e-05
-242.73   3.91947e-06   -6.94756e-05
-239.212   -4.34174e-05   -6.36384e-05
-235.694   -5.83802e-05   -3.15828e-05
-232.177   -7.74873e-05   7.03074e-07
-228.659   -0.000105179   4.30839e-05
-225.141   -8.7726e-05   9.64698e-05
-221.623   8.26165e-06   0.000116164
-218.105   7.28279e-05   3.81558e-05
-214.587   -5.27973e-06   2.0462e-06
-211.07   -2.4441e-05   9.81279e-05
-207.552   0.000101016   2.51166e-05
-204.034   1.94006e-05   -0.00025168
-200.516   -0.000209111   -0.000212414
-196.998   -6.60649e-05   9.13526e-05
-193.48   0.000198085   5.0028e-05
-189.963   3.76503e-06   -0.000218402
-186.445   -0.000196981   -0.000152367
-182.927   0.000157788   5.72238e-05
-179.409   0.000460734   -3.42188e-05
-175.891   0.000160573   -0.00025133
-172.374   -0.000158424   -0.000220241
-168.856   -7.60164e-05   -2.31659e-05
-165.338   -0.000106429   3.6798e-05
-161.82   -0.000459686   4.11055e-05
-158.302   -0.000614033   0.000271601
-154.784   -0.000375319   0.000578218
-151.267   -0.00011072   0.00059149
-147.749   5.40369e-06   0.000412333
-144.231   0.000102061   0.000332778
-140.713   0.000231481   0.000253468
-137.195   0.00020536   4.21628e-05
-133.677   -0.000125907   -4.90853e-05
-130.16   -0.000506892   8.37588e-05
-126.642   -0.000591955   0.000143196
-123.124   -0.000435015   7.61473e-05
-119.606   -0.000160206   0.000125842
-116.088   0.000177259   0.000301735
-112.57   0.000511359   0.000686686
-109.053   0.00116741   0.00137168
-105.535   0.00229667   0.00193425
-102.017   0.00335234   0.00234026
-98.4991   0.00425309   0.00299737
-94.9813   0.00507356   0.00313544
-91.4635   0.00446169   0.00155767
-87.9457   0.000939201   -0.00169264
-84.4278   -0.00499189   -0.00664908
-80.91   -0.0115782   -0.0147199
-77.3922   -0.0168168   -0.026921
-73.8744   -0.0179171   -0.0421376
-70.3565   -0.0117402   -0.0572035
-66.8387   0.00350206   -0.0673201
-63.3209   0.026784   -0.0668316
-59.8031   0.0536696   -0.0510544
-56.2852   0.0773086   -0.0184382
-52.7674   0.0903218   0.0281312
-49.2496   0.0859913   0.0820322
-45.7317   0.0596046   0.134256
-42.2139   0.0108055   0.173521
-38.6961   -0.0550879   0.187939
-35.1783   -0.128822   0.16902
-31.6604   -0.20009   0.112958
-28.1426   -0.259097   0.0195336
-24.6248   -0.298051   -0.106506
-21.107   -0.312978   -0.254836
-17.5891   -0.303599   -0.413357
-14.0713   -0.272808   -0.571187
-10.5535   -0.228145   -0.718215
-7.03565   -0.182041   -0.844328
-3.51783   -0.148442   -0.938816
4.43379e-12   -0.138375   -0.990057
3.51783   -0.156017   -0.987754
7.03565   -0.196106   -0.92674
10.5535   -0.245373   -0.809761
14.0713   -0.287506   -0.648454
17.5891   -0.308015   -0.461462
21.107   -0.297628   -0.270313
24.6248   -0.253986   -0.0959544
28.1426   -0.181703   0.0433535
31.6604   -0.0918328   0.134147
35.1783   -0.000672981   0.170568
38.6961   0.0735148   0.156982
42.2139   0.115889   0.108259
45.7317   0.120519   0.0459094
49.2496   0.0928614   -0.00897186
52.7674   0.0472625   -0.0423027
56.2852   0.000717231   -0.0501125
59.8031   -0.0333988   -0.0374247
63.3209   -0.0486896   -0.0143723
66.8387   -0.045865   0.00834996
70.3565   -0.0308907   0.0231047
73.8744   -0.012159   0.0271569
77.3922   0.00282125   0.0223993
80.91   0.0101867   0.0133256
84.4278   0.0105117   0.00448877
87.9457   0.00710801   -0.00133211
91.4635   0.00330539   -0.00360306
94.9813   0.000709118   -0.0034299
98.4991   -0.000635776   -0.00232656
102.017   -0.00113201   -0.00126289
105.535   -0.00107638   -0.000547667
109.053   -0.000806805   -0.000120686
112.57   -0.000546344   0.00015327
116.088   -0.000310569   0.000227755
119.606   -0.000180155   0.000129781
123.124   -0.000151282   8.20021e-05
126.642   -9.49335e-05   5.08931e-05
130.16   -9.29266e-05   -4.40887e-05
133.677   -0.000126496   -1.68178e-05
137.195   -4.53922e-05   -2.85984e-06
140.713   -4.80807e-05   -0.000192245
144.231   -0.000158396   -0.000211514
147.749   -6.28692e-05   -2.53461e-05
151.267   -9.2144e-06   -5.8328e-05
154.784   -0.000266649   -0.000133496
158.302   -0.000358467   3.72604e-05
161.82   -0.000113295   0.000127368
165.338   -2.65481e-05   5.98211e-06
168.856   -0.000156187   -9.87401e-06
172.374   -0.000126554   9.70763e-05
175.891   4.06722e-05   7.21773e-05
179.409   0.000120778   -6.42915e-05
182.927   0.000134181   -0.000149303
186.445   0.000133901   -0.000156106
189.963   0.00010275   -0.000136598
193.48   6.65927e-05   -0.000131434
196.998   7.45347e-06   -0.000139619
200.516   -0.000104053   -9.35549e-05
204.034   -0.000170799   2.07947e-05
207.552   -0.000112406   0.00013707
211.07   3.91454e-05   0.00020809
214.587   0.000218345   0.000219985
218.105   0.000363885   0.000148257
221.623   0.000395285   2.44133e-05
225.141   0.000293983   -0.000101863
228.659   0.000138359   -0.000215488
232.177   1.62538e-05   -0.000321367
235.694   1.0855e-06   -0.000376786
239.212   9.22912e-05   -0.000319817
242.73   0.000180661   -0.000148956
246.248   0.000146647   3.34635e-05
249.766   7.16132e-07   8.41164e-05
253.284   -9.48757e-05   -2.22256e-05
256.801   -3.23886e-05   -0.000122537
260.319   8.54764e-05   -7.13041e-05
263.837   8.56082e-05   6.27712e-05
267.355   -1.03572e-05   9.80322e-05
270.873   -4.88901e-05   2.38825e-05
274.39   -6.18898e-06   -2.45631e-05
277.908   1.58155e-05   -2.45654e-06
281.426   -1.25106e-05   6.94817e-06
284.944   -1.80817e-05   -2.43944e-05
288.462   1.98983e-05   -2.50587e-05
291.98   3.18449e-05   1.91858e-05
295.497   -2.03894e-06   3.64245e-05
299.015   -1.88592e-05   1.22897e-05
302.533   -3.97345e-06   -9.73594e-07
306.051   -7.05381e-07   8.40791e-06
309.569   -1.17795e-05   5.88308e-06
313.087   -8.65291e-06   -7.48329e-06
316.604   4.34239e-06   -7.51887e-06
320.122   6.18902e-06   3.97279e-06
323.64   4.7758e-08   6.34001e-06
327.158   -1.74901e-06   -5.06427e-07
330.676   6.04218e-07   -1.01989e-06
334.194   4.70353e-07   3.55729e-06
337.711   -2.13592e-06   1.23604e-06
341.229   -3.33042e-06   -2.67759e-06
344.747   -6.66627e-07   -1.52842e-06
348.265   1.17641e-06   1.46401e-06
351.783   1.90853e-07   6.73035e-07
355.3   -2.4807e-07   -9.52662e-07
358.818   2.10452e-06   -2.00215e-06
362.336   3.19604e-06   -1.8801e-06
365.854   2.14835e-06   -1.22986e-06
369.372   2.49585e-08   -8.48139e-07
372.89   -9.32498e-07   -8.69091e-07
376.407   -7.02842e-07   -2.52077e-08
379.925   7.60406e-07   9.02891e-07
383.443   2.06618e-06   3.69931e-07
386.961   2.40449e-06   1.89569e-09
390.479   2.55912e-06   3.95212e-07
393.997   1.89023e-07   2.74251e-07
397.514   -1.49373e-06   1.00573e-06
401.032   -9.91951e-07   5.42922e-07
404.55   7.00821e-07   6.82797e-07
408.068   1.76771e-06   -7.90681e-07
411.586   7.35318e-07   -7.58951e-07
415.104   2.66597e-07   -8.79089e-07
418.621   -3.62725e-07   1.36433e-08
422.139   1.19942e-06   -7.01098e-07
425.657   3.51483e-07   -2.47088e-06
429.175   -8.63674e-07   -1.79829e-06
432.693   -1.36491e-06   1.47893e-06
436.21   -1.21004e-07   1.11e-06
439.728   -1.10659e-06   -1.12956e-06
443.246   -1.62107e-06   -9.96215e-07
446.764   -5.43575e-07   2.20035e-06
