-450.282   2.37679e-12   0
-446.764   4.74119e-13   0
-443.246   2.79802e-13   0
-439.728   6.78312e-12   0
-436.21   4.49118e-12   0
-432.693   9.41953e-13   0
-429.175   1.0149e-12   0
-425.657   6.20533e-13   0
-422.139   2.02569e-12   0
-418.621   2.75406e-13   0
-415.104   1.95456e-14   0
-411.586   4.92955e-13   0
-408.068   5.45654e-14   0
-404.55   7.64346e-13   0
-401.032   5.68335e-14   0
-397.514   5.01798e-12   0
-393.997   6.1847e-12   0
-390.479   2.57916e-12   0
-386.961   1.089e-12   0
-383.443   2.11033e-12   0
-379.925   4.12197e-12   0
-376.407   1.80906e-11   0
-372.89   1.8804e-11   0
-369.372   2.38205e-11   0
-365.854   1.46711e-12   0
-362.336   9.80073e-12   0
-358.818   2.12893e-12   0
-355.3   1.72892e-11   0
-351.783   1.28312e-11   0
-348.265   2.35699e-11   0
-344.747   1.30544e-12   0
-341.229   1.03281e-11   0
-337.711   8.17629e-12   0
-334.194   3.95698e-12   0
-330.676   1.40791e-11   0
-327.158   1.35705e-12   0
-323.64   5.94948e-12   0
-320.122   7.92042e-13   0
-316.604   1.15244e-11   0
-313.087   1.44991e-12   0
-309.569   1.35993e-11   0
-306.051   6.65405e-12   0
-302.533   1.07292e-12   0
-299.015   3.70231e-12   0
-295.497   1.71571e-11   0
-291.98   2.7286e-11   0
-288.462   2.20136e-11   0
-284.944   8.56804e-12   0
-281.426   6.86837e-12   0
-277.908   7.10486e-11   0
-274.39   7.87809e-11   0
-270.873   2.04789e-10   0
-267.355   5.29868e-10   0
-263.837   3.87738e-10   0
-260.319   1.22445e-10   0
-256.801   1.07355e-10   0
-253.284   6.41465e-10   0
-249.766   9.98963e-10   0
-246.248   1.88188e-09   0
-242.73   4.84223e-09   0
-239.212   5.93492e-09   0
-235.694   4.40572e-09   0
-232.177   6.00477e-09   0
-228.659   1.29189e-08   0
-225.141   1.70023e-08   0
-221.623   1.35622e-08   0
-218.105   6.75977e-09   0
-214.587   3.20625e-11   0
-211.07   1.02264e-08   0
-207.552   1.08352e-08   0
-204.034   6.37191e-08   0
-200.516   8.8847e-08   0
-196.998   1.27099e-08   0
-193.48   4.17406e-08   0
-189.963   4.77135e-08   0
-186.445   6.20172e-08   0
-182.927   2.81715e-08   0
-179.409   2.13447e-07   0
-175.891   8.89507e-08   0
-172.374   7.36042e-08   0
-168.856   6.31515e-09   0
-165.338   1.26813e-08   0
-161.82   2.13001e-07   0
-158.302   4.50803e-07   0
-154.784   4.75201e-07   0
-151.267   3.6212e-07   0
-147.749   1.70048e-07   0
-144.231   1.21158e-07   0
-140.713   1.1783e-07   0
-137.195   4.39504e-08   0
-133.677   1.82618e-08   0
-130.16   2.63955e-07   0
-126.642   3.70916e-07   0
-123.124   1.95037e-07   0
-119.606   4.15023e-08   0
-116.088   1.22465e-07   0
-112.57   7.33026e-07   0
-109.053   3.24436e-06   0
-105.535   9.01599e-06   0
-102.017   1.6715e-05   0
-98.4991   2.70731e-05   0
-94.9813   3.5572e-05   0
-91.4635   2.2333e-05   0
-87.9457   3.74713e-06   0
-84.4278   6.91293e-05   0
-80.91   0.000350729   0
-77.3922   0.00100755   0
-73.8744   0.0020966   0
-70.3565   0.00341007   0
-66.8387   0.00454426   0
-63.3209   0.00518385   -5.76315
-59.8031   0.00548698   -5.33395
-56.2852   0.00631658   -4.80765
-52.7674   0.0089494   -4.27159
-49.2496   0.0141238   -3.81168
-45.7317   0.0215773   -3.42055
-42.2139   0.0302264   -3.06492
-38.6961   0.0383556   -2.7176
-35.1783   0.0451626   -2.35148
-31.6604   0.0527956   -1.94587
-28.1426   0.067513   -1.50718
-24.6248   0.100178   -1.08873
-21.107   0.162897   -0.748575
-17.5891   0.263036   -0.494624
-14.0713   0.400679   -0.306716
-10.5535   0.567884   -0.16871
-7.03565   0.746029   -0.0734894
-3.51783   0.903411   -0.0179531
4.43379e-12   0.999359   0
3.51783   1   -0.0177926
7.03565   0.897305   -0.0696672
10.5535   0.71592   -0.155359
14.0713   0.503153   -0.278463
17.5891   0.30782   -0.449699
21.107   0.161651   -0.694592
24.6248   0.0737164   -1.07071
28.1426   0.0348956   -1.66615
31.6604   0.0264286   -2.40243
35.1783   0.0290939   -2.99878
38.6961   0.0300477   -3.4407
42.2139   0.0251504   -3.82215
45.7317   0.0166325   -4.20956
49.2496   0.00870373   -4.66984
52.7674   0.00402326   0
56.2852   0.00251178   0
59.8031   0.00251609   0
63.3209   0.00257724   0
66.8387   0.00217332   0
70.3565   0.00148806   0
73.8744   0.00088534   0
77.3922   0.00050969   0
80.91   0.00028134   0
84.4278   0.000130646   0
87.9457   5.22982e-05   0
91.4635   2.39076e-05   0
94.9813   1.2267e-05   0
98.4991   5.81708e-06   0
102.017   2.87634e-06   0
105.535   1.45854e-06   0
109.053   6.655e-07   0
112.57   3.21984e-07   0
116.088   1.48326e-07   0
119.606   4.9299e-08   0
123.124   2.96105e-08   0
126.642   1.16025e-08   0
130.16   1.05792e-08   0
133.677   1.6284e-08   0
137.195   2.06863e-09   0
140.713   3.927e-08   0
144.231   6.98275e-08   0
147.749   4.59496e-09   0
151.267   3.48706e-09   0
154.784   8.89228e-08   0
158.302   1.29887e-07   0
161.82   2.90586e-08   0
165.338   7.40588e-10   0
168.856   2.44919e-08   0
172.374   2.54397e-08   0
175.891   6.86379e-09   0
179.409   1.87207e-08   0
182.927   4.02959e-08   0
186.445   4.22986e-08   0
189.963   2.92167e-08   0
193.48   2.17094e-08   0
196.998   1.95491e-08   0
200.516   1.95795e-08   0
204.034   2.96048e-08   0
207.552   3.14233e-08   0
211.07   4.48337e-08   0
214.587   9.60682e-08   0
218.105   1.54393e-07   0
221.623   1.56846e-07   0
225.141   9.68023e-08   0
228.659   6.55782e-08   0
232.177   1.03541e-07   0
235.694   1.41969e-07   0
239.212   1.10801e-07   0
242.73   5.48262e-08   0
246.248   2.2625e-08   0
249.766   7.07607e-09   0
253.284   9.49537e-09   0
256.801   1.60643e-08   0
260.319   1.23905e-08   0
263.837   1.1269e-08   0
267.355   9.71759e-09   0
270.873   2.96061e-09   0
274.39   6.41651e-10   0
277.908   2.56165e-10   0
281.426   2.04792e-10   0
284.944   9.22038e-10   0
288.462   1.02388e-09   0
291.98   1.38219e-09   0
295.497   1.3309e-09   0
299.015   5.06708e-10   0
302.533   1.67362e-11   0
306.051   7.11904e-11   0
309.569   1.73367e-10   0
313.087   1.30872e-10   0
316.604   7.53898e-11   0
320.122   5.4087e-11   0
323.64   4.0198e-11   0
327.158   3.3155e-12   0
330.676   1.40526e-12   0
334.194   1.28755e-11   0
337.711   6.08997e-12   0
341.229   1.82611e-11   0
344.747   2.78045e-12   0
348.265   3.52726e-12   0
351.783   4.89401e-13   0
355.3   9.69103e-13   0
358.818   8.43764e-12   0
362.336   1.37494e-11   0
365.854   6.12797e-12   0
369.372   7.19963e-13   0
372.89   1.62487e-12   0
376.407   4.94622e-13   0
379.925   1.39343e-12   0
383.443   4.40593e-12   0
386.961   5.78156e-12   0
390.479   6.7053e-12   0
393.997   1.10943e-13   0
397.514   3.24271e-12   0
401.032   1.27873e-12   0
404.55   9.57363e-13   0
408.068   3.74999e-12   0
411.586   1.1167e-12   0
415.104   8.43872e-13   0
418.621   1.31756e-13   0
422.139   1.93014e-12   0
425.657   6.22879e-12   0
429.175   3.9798e-12   0
432.693   4.05024e-12   0
436.21   1.24675e-12   0
439.728   2.50044e-12   0
443.246   3.62032e-12   0
446.764   5.137e-12   0
